# OCT iter       9299;   J_T =   6.009200066259E-01;   pulse_id =          1
#  01/20/15: Replaced pulse by complex conjugate, correcting for a bug in QDYN prior to 2014/05/14 that produced produced incorrect optimized pulses.
#               time [ns]           Re(ampl) [MHz]           Im(ampl) [MHz]
  5.00417014178482014E-02  2.16365460114326530E-02  2.37656180743784050E-02
  1.50125104253544611E-01  1.92708576678992743E-01  1.94198920189967927E-01
  2.50208507089240972E-01  5.07648413613262406E-01  5.01622663693906956E-01
  3.50291909924937417E-01  9.28549239603052023E-01  9.59498579326806933E-01
  4.50375312760633806E-01  1.45972880778338188E+00  1.61936816545986773E+00
  5.50458715596330195E-01  2.16806715181179177E+00  2.51516400216928160E+00
  6.50542118432026584E-01  3.14499891970714840E+00  3.61170638890852969E+00
  7.50625521267723084E-01  4.43839073963899544E+00  4.80669869949750606E+00
  8.50708924103419362E-01  6.01327301744338971E+00  5.99009521712306992E+00
  9.50792326939115751E-01  7.77881520833348894E+00  7.11176912738694433E+00
  1.05087572977481214E+00  9.66006162142184266E+00  8.19631363280830705E+00
  1.15095913261050864E+00  1.16475239469133367E+01  9.28869987448263501E+00
  1.25104253544620514E+00  1.37708141226560645E+01  1.03820714344208689E+01
  1.35112593828190142E+00  1.60119105894604772E+01  1.14082972145221788E+01
  1.45120934111759792E+00  1.82441799865194660E+01  1.23265703528321406E+01
  1.55129274395329420E+00  2.02871642303047750E+01  1.32508288451204876E+01
  1.65137614678899047E+00  2.20825615825750710E+01  1.44897210520596236E+01
  1.75145954962468697E+00  2.38767064478582824E+01  1.64037158262083906E+01
  1.85154295246038325E+00  2.62370356447766468E+01  1.91144764457758320E+01
  1.95162635529607975E+00  2.98039237981516258E+01  2.22479307118506675E+01
  2.05170975813177625E+00  3.48615031428087860E+01  2.49359408355342822E+01
  2.15179316096747275E+00  4.09841671937867247E+01  2.61778094481821562E+01
  2.25187656380316881E+00  4.70412865257655852E+01  2.54246447098175601E+01
  2.35195996663886531E+00  5.16651478960526234E+01  2.30492969748783914E+01
  2.45204336947456181E+00  5.39907161017389328E+01  2.03588671910596339E+01
  2.55212677231025831E+00  5.42496834172331504E+01  1.90407103756764364E+01
  2.65221017514595481E+00  5.38188920959471417E+01  2.02857797636669908E+01
  2.75229357798165131E+00  5.46123078710540923E+01  2.40791576777344574E+01
  2.85237698081734736E+00  5.81067702417253713E+01  2.91039224860490329E+01
  2.95246038365304386E+00  6.45488476734302736E+01  3.33665759619509572E+01
  3.05254378648874036E+00  7.28189438205548072E+01  3.52146564851225108E+01
  3.15262718932443686E+00  8.10482451082338287E+01  3.41589370038249740E+01
  3.25271059216013336E+00  8.76214672939428425E+01  3.10165553448857239E+01
  3.35279399499582942E+00  9.19541060660631189E+01  2.73115643529553438E+01
  3.45287739783152592E+00  9.45812418551118412E+01  2.43423347977201843E+01
  3.55296080066722242E+00  9.65534969834993291E+01  2.25348842093338284E+01
  3.65304420350291892E+00  9.86047245945903654E+01  2.14938012089063122E+01
  3.75312760633861542E+00  1.00711309877978337E+02  2.06632146364531835E+01
  3.85321100917431192E+00  1.02378424601132878E+02  2.00558413730557348E+01
  3.95329441201000797E+00  1.03439484992038274E+02  2.04285115759208082E+01
  4.05337781484570492E+00  1.04721211530616671E+02  2.26669262611321223E+01
  4.15346121768140097E+00  1.07939650667657972E+02  2.67522556546239763E+01
  4.25354462051709703E+00  1.14692738705704983E+02  3.10920862872247028E+01
  4.35362802335279397E+00  1.25096867882525842E+02  3.28824567775071230E+01
  4.45371142618849003E+00  1.37010519875340464E+02  2.95379661184046611E+01
  4.55379482902418697E+00  1.46574707098817470E+02  2.04562553007990360E+01
  4.65387823185988303E+00  1.50035455299864850E+02  7.98941860482523047E+00
  4.75396163469557909E+00  1.45940575769574053E+02 -3.19373746966536842E+00
  4.85404503753127603E+00  1.36396880997975103E+02 -8.26146843787052276E+00
  4.95412844036697209E+00  1.26469957878564927E+02 -4.81421416050794093E+00
  5.05421184320266903E+00  1.21844376721967834E+02  5.56847531470657042E+00
  5.15429524603836509E+00  1.25931716121352892E+02  1.78361035410806004E+01
  5.25437864887406114E+00  1.38035546478571405E+02  2.58891453094552269E+01
  5.35446205170975809E+00  1.53650280245321994E+02  2.56391475513571550E+01
  5.45454545454545414E+00  1.66769442325054371E+02  1.70140499538251788E+01
  5.55462885738115109E+00  1.72918194609624720E+02  3.79628726352555068E+00
  5.65471226021684714E+00  1.71210479859381820E+02 -8.56428536984977740E+00
  5.75479566305254320E+00  1.64331760726600237E+02 -1.58430750049193882E+01
  5.85487906588824014E+00  1.56607614108031072E+02 -1.69483824567815233E+01
  5.95496246872393620E+00  1.51452358371029590E+02 -1.38260426449944553E+01
  6.05504587155963314E+00  1.49787139130684551E+02 -9.62965507800165810E+00
  6.15512927439532920E+00  1.50299259758023595E+02 -6.49876811435833268E+00
  6.25521267723102614E+00  1.51159754734901014E+02 -4.45988911958588563E+00
  6.35529608006672220E+00  1.51846331158172802E+02 -2.12646623049807815E+00
  6.45537948290241825E+00  1.53682426868387267E+02  1.42312500088218519E+00
  6.55546288573811431E+00  1.58640576008121542E+02  5.08515445956438050E+00
  6.65554628857381125E+00  1.67242353964490206E+02  5.81185074349383779E+00
  6.75562969140950731E+00  1.77132727691519932E+02  5.23775925813592447E-01
  6.85571309424520425E+00  1.83578697321629903E+02 -1.13070253903712938E+01
  6.95579649708090031E+00  1.81914215036798737E+02 -2.62145376104658290E+01
  7.05587989991659725E+00  1.70591892745316983E+02 -3.77141121446647674E+01
  7.15596330275229242E+00  1.52897694592235354E+02 -3.95070534070909574E+01
  7.25604670558799025E+00  1.36005232190056347E+02 -2.92095970980637709E+01
  7.35613010842368542E+00  1.27597062153663785E+02 -1.03371217731033411E+01
  7.45621351125938236E+00  1.31820761559482548E+02  8.87303866110531736E+00
  7.55629691409507842E+00  1.46879007228624033E+02  1.93983685530784911E+01
  7.65638031693077536E+00  1.65704388479871994E+02  1.60551354143445906E+01
  7.75646371976647142E+00  1.79442834847802885E+02  2.47268577387178196E-01
  7.85654712260216836E+00  1.81878267932627040E+02 -2.07311301811187718E+01
  7.95663052543786442E+00  1.72384751525567907E+02 -3.74950266978250113E+01
  8.05671392827356136E+00  1.55824466008049797E+02 -4.33593154667903065E+01
  8.15679733110925653E+00  1.39579842486767944E+02 -3.74434681433596239E+01
  8.25688073394495348E+00  1.29559098501572265E+02 -2.44465495230262100E+01
  8.35696413678065042E+00  1.27498134101757628E+02 -1.14686965694446528E+01
  8.45704753961634736E+00  1.30929775603534040E+02 -3.95718687231255783E+00
  8.55713094245204253E+00  1.35498859432441037E+02 -3.19364571332801450E+00
  8.65721434528773948E+00  1.37946736738856856E+02 -6.61241969686435827E+00
  8.75729774812343464E+00  1.37834961940243915E+02 -1.04117479586439572E+01
  8.85738115095913336E+00  1.37033503608380101E+02 -1.25080924809238159E+01
  8.95746455379482853E+00  1.37556885367994994E+02 -1.37820835537527220E+01
  9.05754795663052548E+00  1.39444123013021880E+02 -1.68540541988193944E+01
  9.15763135946622064E+00  1.40273402574141500E+02 -2.34021158362696156E+01
  9.25771476230191759E+00  1.36706675351339413E+02 -3.20470435941916278E+01
  9.35779816513761453E+00  1.27041310123993853E+02 -3.84382139299352517E+01
  9.45788156797331148E+00  1.13018147486592014E+02 -3.77017045083438234E+01
  9.55796497080900664E+00  9.95338068095909421E+01 -2.77903150251376196E+01
  9.65804837364470181E+00  9.22126250120688979E+01 -1.15297192863500797E+01
  9.75813177648039876E+00  9.42030994601666833E+01  4.16434002148397653E+00
  9.85821517931609570E+00  1.04136028753638627E+02  1.16895546999072248E+01
  9.95829858215179264E+00  1.16536439865585294E+02  6.91128828033098586E+00
  1.00583819849874878E+01  1.24562333058955943E+02 -8.34008965680914294E+00
  1.01584653878231848E+01  1.23584397904448039E+02 -2.69644920782526576E+01
  1.02585487906588817E+01  1.13489503710104088E+02 -4.01754471180891102E+01
  1.03586321934945786E+01  9.85793526389097110E+01 -4.19990632386658831E+01
  1.04587155963302738E+01  8.50811609028477989E+01 -3.22066424888805898E+01
  1.05587989991659708E+01  7.78021666346272411E+01 -1.60787819689788591E+01
  1.06588824020016659E+01  7.78563261408018690E+01 -1.27884824974200240E+00
  1.07589658048373646E+01  8.26180219719551019E+01  6.26422288558948015E+00
  1.08590492076730598E+01  8.77068149046400407E+01  5.14771588086848553E+00
  1.09591326105087568E+01  8.96933902080722447E+01 -1.45533602748495117E+00
  1.10592160133444519E+01  8.78947284383303611E+01 -8.28302113974649856E+00
  1.11592994161801489E+01  8.42520675746214209E+01 -1.13496828108787184E+01
  1.12593828190158458E+01  8.15318270783566419E+01 -1.00891859533806194E+01
  1.13594662218515428E+01  8.11698917886801041E+01 -7.05990940787828425E+00
  1.14595496246872379E+01  8.22353986442312532E+01 -5.62827617933865820E+00
  1.15596330275229349E+01  8.21533827757185691E+01 -7.30461159675715077E+00
  1.16597164303586300E+01  7.86459891437073253E+01 -1.05101171706630510E+01
  1.17597998331943288E+01  7.15847023457414622E+01 -1.15693508323872187E+01
  1.18598832360300239E+01  6.34905206151162886E+01 -7.29555969449509867E+00
  1.19599666388657209E+01  5.82508778443300201E+01  2.51543132974020978E+00
  1.20600500417014160E+01  5.87811057624748372E+01  1.43799986822795525E+01
  1.21601334445371130E+01  6.50898098808887084E+01  2.28014048721409708E+01
  1.22602168473728099E+01  7.39930977148529081E+01  2.33947059054482196E+01
  1.23603002502085069E+01  8.07209708574535227E+01  1.55969362529151550E+01
  1.24603836530442020E+01  8.15220655392167544E+01  3.30153787488226902E+00
  1.25604670558798990E+01  7.57556245425474231E+01 -7.05396745798442915E+00
  1.26605504587155941E+01  6.62255217767648503E+01 -9.91405114309611157E+00
  1.27606338615512929E+01  5.75562734953653461E+01 -3.57918261154495232E+00
  1.28607172643869880E+01  5.36014664913086705E+01  8.98300500886327846E+00
  1.29608006672226850E+01  5.54231167917870522E+01  2.19036512411274238E+01
  1.30608840700583819E+01  6.09674488539334263E+01  2.96747694130960795E+01
  1.31609674728940771E+01  6.65250344367340460E+01  3.00259764419283748E+01
  1.32610508757297740E+01  6.90365896838860067E+01  2.48237875804942938E+01
  1.33611342785654692E+01  6.78402989240047560E+01  1.85776393829708368E+01
  1.34612176814011679E+01  6.48159433277726151E+01  1.55407628235407316E+01
  1.35613010842368631E+01  6.28898790463633617E+01  1.72042358439299328E+01
  1.36613844870725600E+01  6.39129696240218408E+01  2.16884150947815435E+01
  1.37614678899082552E+01  6.73213746346531252E+01  2.53164433021324591E+01
  1.38615512927439539E+01  7.04693559083209351E+01  2.52885348051192054E+01
  1.39616346955796491E+01  7.04351173161422111E+01  2.17153151658592662E+01
  1.40617180984153443E+01  6.61461104782550535E+01  1.76936491248881467E+01
  1.41618015012510412E+01  5.94301923420867482E+01  1.73370781589180822E+01
  1.42618849040867399E+01  5.42200303779667223E+01  2.29682851815784410E+01
  1.43619683069224351E+01  5.42778259410327024E+01  3.32616804761909606E+01
  1.44620517097581303E+01  6.07861863054515439E+01  4.35984221936565604E+01
  1.45621351125938254E+01  7.13213645892959107E+01  4.85482807343727458E+01
  1.46622185154295241E+01  8.09363618227282728E+01  4.50610009828914855E+01
  1.47623019182652211E+01  8.48208668042628062E+01  3.44653523981414907E+01
  1.48623853211009163E+01  8.10367025984085956E+01  2.20211725137258973E+01
  1.49624687239366114E+01  7.17141218559979450E+01  1.41777801757584427E+01
  1.50625521267723101E+01  6.19404613570692248E+01  1.50665739846271549E+01
  1.51626355296080053E+01  5.69420602173482422E+01  2.42617607114343308E+01
  1.52627189324437023E+01  5.92157710699981763E+01  3.71095415055387647E+01
  1.53628023352793974E+01  6.72922640744175737E+01  4.73885970743591756E+01
  1.54628857381150961E+01  7.67947817983782528E+01  5.07100177380441082E+01
  1.55629691409507913E+01  8.30860293921337387E+01  4.67064056774519401E+01
  1.56630525437864883E+01  8.39057894711011869E+01  3.88348615069598750E+01
  1.57631359466221834E+01  8.04559408888878522E+01  3.20304827303691226E+01
  1.58632193494578821E+01  7.63333247892091151E+01  2.96934270814293519E+01
  1.59633027522935773E+01  7.50262205290521393E+01  3.18521450212479316E+01
  1.60633861551292725E+01  7.75974234455729572E+01  3.55760079512747893E+01
  1.61634695579649694E+01  8.20635164933932657E+01  3.72675524011487553E+01
  1.62635529608006628E+01  8.48695281376754451E+01  3.52733114585517811E+01
  1.63636363636363633E+01  8.34778873804308859E+01  3.10864563300945491E+01
  1.64637197664720603E+01  7.83574809689857119E+01  2.83535959085920553E+01
  1.65638031693077536E+01  7.30213805172673744E+01  3.03162990045310998E+01
  1.66638865721434506E+01  7.19713508166875897E+01  3.73386913216103480E+01
  1.67639699749791475E+01  7.77456234777164497E+01  4.61771494878987880E+01
  1.68640533778148445E+01  8.89263718032574388E+01  5.16011174516602722E+01
  1.69641367806505414E+01  1.00477360443756851E+02  4.94906102024701937E+01
  1.70642201834862348E+01  1.06389776949042201E+02  3.95518431406729434E+01
  1.71643035863219353E+01  1.03175685927385729E+02  2.59363789997892908E+01
  1.72643869891576287E+01  9.21473889295935891E+01  1.52396350897070274E+01
  1.73644703919933256E+01  7.90236011378507186E+01  1.29144893340027522E+01
  1.74645537948290226E+01  7.09273363756422555E+01  2.01637643554700645E+01
  1.75646371976647195E+01  7.24479299818236910E+01  3.31819124494306124E+01
  1.76647206005004165E+01  8.30870943017682322E+01  4.52244712956324690E+01
  1.77648040033361099E+01  9.75897299305186721E+01  5.02808697042571566E+01
  1.78648874061718068E+01  1.08920315970383200E+02  4.62272383066054999E+01
  1.79649708090075073E+01  1.12133219854363944E+02  3.57189521157460774E+01
  1.80650542118432007E+01  1.06938197755636679E+02  2.44109515326196522E+01
  1.81651376146788976E+01  9.75361299480217099E+01  1.76157843514381014E+01
  1.82652210175145946E+01  8.98855805107912147E+01  1.74036557448017071E+01
  1.83653044203502915E+01  8.81028122445740109E+01  2.18445302832241168E+01
  1.84653878231859885E+01  9.22183644116263252E+01  2.67140206083047396E+01
  1.85654712260216819E+01  9.86107490728145706E+01  2.84298686392700795E+01
  1.86655546288573788E+01  1.02705615693635238E+02  2.62876323509523928E+01
  1.87656380316930758E+01  1.02121647550176846E+02  2.26182777311958851E+01
  1.88657214345287727E+01  9.82273338386740420E+01  2.08705706804262974E+01
  1.89658048373644696E+01  9.51231561599217343E+01  2.29524115985229820E+01
  1.90658882402001630E+01  9.67179232526902979E+01  2.76364326230172992E+01
  1.91659716430358635E+01  1.03811204940151683E+02  3.11449724527100713E+01
  1.92660550458715569E+01  1.13136486148536221E+02  2.96035707645903052E+01
  1.93661384487072539E+01  1.19107894157179217E+02  2.18058606064983032E+01
  1.94662218515429508E+01  1.17294300118903394E+02  1.04659686466233079E+01
  1.95663052543786478E+01  1.07487592969073944E+02  1.02042090689179177E+00
  1.96663886572143447E+01  9.43647882060395631E+01 -1.44346399229560474E+00
  1.97664720600500416E+01  8.51393205006294949E+01  4.67957503434972022E+00
  1.98665554628857350E+01  8.54647283197265892E+01  1.62833239533832135E+01
  1.99666388657214355E+01  9.60276253918726894E+01  2.70775678612226436E+01
  2.00667222685571289E+01  1.11928136549000172E+02  3.10275338589764438E+01
  2.01668056713928259E+01  1.25274750860126744E+02  2.56930369785164778E+01
  2.02668890742285228E+01  1.29507462912614642E+02  1.35379845836709087E+01
  2.03669724770642198E+01  1.22974644136335741E+02  4.80478905605428164E-01
  2.04670558798999167E+01  1.09729207690782587E+02 -7.46203783065406068E+00
  2.05671392827356101E+01  9.71000346976546780E+01 -7.47449355289947270E+00
  2.06672226855713070E+01  9.14785879771932571E+01 -1.26080905991877668E+00
  2.07673060884070040E+01  9.48333683848788098E+01  6.33728252716952412E+00
  2.08673894912427009E+01  1.03995281880105111E+02  1.04525719325550064E+01
  2.09674728940783979E+01  1.13004937357000557E+02  9.04202981621453894E+00
  2.10675562969140913E+01  1.16929054497963875E+02  3.75439032807503370E+00
  2.11676396997497918E+01  1.14733896175435532E+02 -1.58049624130786537E+00
  2.12677231025854852E+01  1.09499223388756604E+02 -3.73757775122169367E+00
  2.13678065054211821E+01  1.05981847220994766E+02 -2.29530852606850733E+00
  2.14678899082568790E+01  1.07208037813322022E+02  1.79565288580842142E-01
  2.15679733110925760E+01  1.12347088658585989E+02  4.30333752547715082E-02
  2.16680567139282729E+01  1.17253010741137587E+02 -4.71626817132917431E+00
  2.17681401167639699E+01  1.17328615345929052E+02 -1.27950866776641980E+01
  2.18682235195996633E+01  1.10854106410719609E+02 -2.01055420059075800E+01
  2.19683069224353638E+01  1.00568470862039405E+02 -2.22831754225676271E+01
  2.20683903252710572E+01  9.23476732496411330E+01 -1.76200977100431686E+01
  2.21684737281067541E+01  9.16734866508914195E+01 -8.50614471470895062E+00
  2.22685571309424510E+01  1.00062870704368379E+02 -3.42673927836671333E-01
  2.23686405337781480E+01  1.13744656983538704E+02  1.51172461181517948E+00
  2.24687239366138449E+01  1.25518301128007707E+02 -5.06373671910170398E+00
  2.25688073394495383E+01  1.28771958327031314E+02 -1.75641922593980873E+01
  2.26688907422852353E+01  1.21307983264138528E+02 -3.01503400769024701E+01
  2.27689741451209322E+01  1.06711007861445921E+02 -3.69027688827189877E+01
  2.28690575479566292E+01  9.24124561705775136E+01 -3.51557727093557801E+01
  2.29691409507923261E+01  8.55342409251002493E+01 -2.69484291720554481E+01
  2.30692243536280195E+01  8.89296255830798970E+01 -1.77269147178455420E+01
  2.31693077564637164E+01  9.97524530686973350E+01 -1.30976069969004616E+01
  2.32693911592994169E+01  1.11358254243094592E+02 -1.56238801715805877E+01
  2.33694745621351103E+01  1.17308098315157807E+02 -2.35861247009004948E+01
  2.34695579649708073E+01  1.15014713446329537E+02 -3.23541424893165512E+01
  2.35696413678065007E+01  1.06885663698798069E+02 -3.74104394289869546E+01
  2.36697247706422012E+01  9.84119889713802820E+01 -3.71041779945360659E+01
  2.37698081734778981E+01  9.45178588133888979E+01 -3.34470230662725783E+01
  2.38698915763135915E+01  9.65055231984753021E+01 -3.05275023975671260E+01
  2.39699749791492884E+01  1.01485030121288887E+02 -3.16392738182755728E+01
  2.40700583819849854E+01  1.04558633515130552E+02 -3.70191349520974384E+01
  2.41701417848206823E+01  1.02278254511715190E+02 -4.36643879305580427E+01
  2.42702251876563793E+01  9.51101507736007790E+01 -4.73486355054048786E+01
  2.43703085904920727E+01  8.72831472792095440E+01 -4.55399105789454310E+01
  2.44703919933277732E+01  8.40641873323002926E+01 -3.93130375305857882E+01
  2.45704753961634665E+01  8.81819182831681303E+01 -3.29431868433797774E+01
  2.46705587989991635E+01  9.77306565769969637E+01 -3.13438200966665654E+01
  2.47706422018348604E+01  1.06989586472085392E+02 -3.69293593378783669E+01
  2.48707256046705574E+01  1.09746063978072456E+02 -4.78934854523212863E+01
  2.49708090075062543E+01  1.03118593203714013E+02 -5.90346421557114667E+01
  2.50708924103419477E+01  8.95293109773512867E+01 -6.47027142344983446E+01
  2.51709758131776447E+01  7.55568192374871472E+01 -6.21397316477316082E+01
  2.52710592160133452E+01  6.82571022298131282E+01 -5.32022375890097692E+01
  2.53711426188490385E+01  7.10907103906883009E+01 -4.33759897592319916E+01
  2.54712260216847355E+01  8.18914957406430375E+01 -3.86227292239907385E+01
  2.55713094245204289E+01  9.41147119835279966E+01 -4.19420481552396680E+01
  2.56713928273561294E+01  1.00619307279351020E+02 -5.17117439560545833E+01
  2.57714762301918263E+01  9.77201581734548625E+01 -6.27670005684668482E+01
  2.58715596330275197E+01  8.71268634691913775E+01 -6.95169218618247697E+01
  2.59716430358632167E+01  7.46908386560083386E+01 -6.92022281208673746E+01
  2.60717264386989136E+01  6.67949421406738111E+01 -6.33522827854282653E+01
  2.61718098415346070E+01  6.66064950038249037E+01 -5.66147957334646748E+01
  2.62718932443703075E+01  7.24452814006254897E+01 -5.37506341944317256E+01
  2.63719766472060044E+01  7.91654271135114413E+01 -5.67046822789703100E+01
  2.64720600500416978E+01  8.15723190156255527E+01 -6.35611419940137594E+01
  2.65721434528773948E+01  7.76866936463326709E+01 -6.99619863913772235E+01
  2.66722268557130953E+01  6.98413789551675421E+01 -7.20273093866209138E+01
  2.67723102585487887E+01  6.29856424298427839E+01 -6.89067597355598878E+01
  2.68723936613844856E+01  6.13232987894599404E+01 -6.33358254314472049E+01
  2.69724770642201790E+01  6.54639914034150081E+01 -5.98357293300461066E+01
  2.70725604670558759E+01  7.19382207374019345E+01 -6.17155421828598065E+01
  2.71726438698915764E+01  7.53976654709209697E+01 -6.88168086621680430E+01
  2.72727272727272698E+01  7.20963549885197779E+01 -7.74613059387299216E+01
  2.73728106755629668E+01  6.24409958765952737E+01 -8.26627675892047620E+01
  2.74728940783986673E+01  5.09762924283121208E+01 -8.12491068906212206E+01
  2.75729774812343607E+01  4.37468458260657158E+01 -7.39583792638528479E+01
  2.76730608840700576E+01  4.46097854811457495E+01 -6.51657114922091409E+01
  2.77731442869057510E+01  5.27672734162275106E+01 -6.03455747065976098E+01
  2.78732276897414479E+01  6.30744187069099027E+01 -6.27945638945374114E+01
  2.79733110925771484E+01  6.89789227214517524E+01 -7.16162549705134523E+01
  2.80733944954128418E+01  6.63410729791064426E+01 -8.21975712046028661E+01
  2.81734778982485388E+01  5.58555229549381735E+01 -8.88958513929274829E+01
  2.82735613010842393E+01  4.26356200044191098E+01 -8.83339861375909408E+01
  2.83736447039199291E+01  3.32130655402740302E+01 -8.13369436184412677E+01
  2.84737281067556296E+01  3.17531575041916483E+01 -7.23571167836634430E+01
  2.85738115095913230E+01  3.77479355355622275E+01 -6.67628110090172981E+01
  2.86738949124270199E+01  4.65233147152759443E+01 -6.76645871761559761E+01
  2.87739783152627204E+01  5.21661734631576408E+01 -7.42002569114034003E+01
  2.88740617180984103E+01  5.10394043905712351E+01 -8.22569649179738747E+01
  2.89741451209341108E+01  4.37701032971848036E+01 -8.71074439966781000E+01
  2.90742285237698042E+01  3.45835079307994917E+01 -8.63027315542275346E+01
  2.91743119266055011E+01  2.84883731135754061E+01 -8.10502407742064008E+01
  2.92743953294412016E+01  2.81188616562030198E+01 -7.52683033020198735E+01
  2.93744787322768914E+01  3.22101169168345649E+01 -7.29683090401436942E+01
  2.94745621351125919E+01  3.66135908229496323E+01 -7.56603861347792872E+01
  2.95746455379482889E+01  3.71310548270236396E+01 -8.14327006517972052E+01
  2.96747289407839823E+01  3.23131583769120638E+01 -8.62596168475857752E+01
  2.97748123436196828E+01  2.44300079168366473E+01 -8.66730197063774170E+01
  2.98748957464553762E+01  1.80028185892457628E+01 -8.20780643730383019E+01
  2.99749791492910731E+01  1.68380775484687817E+01 -7.52237863525908779E+01
  3.00750625521267700E+01  2.14649257245942167E+01 -7.05080193940929121E+01
  3.01751459549624634E+01  2.86314131473461480E+01 -7.11785646836571431E+01
  3.02752293577981639E+01  3.32128492597634022E+01 -7.72027509266302445E+01
  3.03753127606338609E+01  3.13633441296058777E+01 -8.51593381946146906E+01
  3.04753961634695543E+01  2.29622446035825192E+01 -9.02453138769577237E+01
  3.05754795663052512E+01  1.18311929651599534E+01 -8.91843077570109557E+01
  3.06755629691409446E+01  3.54985336750528990E+00 -8.22588693336206234E+01
  3.07756463719766451E+01  2.16880976179270135E+00 -7.32041772867987106E+01
  3.08757297748123420E+01  7.81147626195479372E+00 -6.70056212671076565E+01
  3.09758131776480354E+01  1.66200975016001209E+01 -6.69425455798343307E+01
  3.10758965804837359E+01  2.30566487688700690E+01 -7.26827722601055655E+01
  3.11759799833194329E+01  2.31390545263862251E+01 -8.05618161750477526E+01
  3.12760633861551263E+01  1.66675827329250268E+01 -8.58290480298172156E+01
  3.13761467889908232E+01  7.15650937862084024E+00 -8.54675522643669154E+01
  3.14762301918265166E+01 -4.10882973996493372E-01 -7.98880481749495885E+01
  3.15763135946622171E+01 -2.58968183040929034E+00 -7.25119095655769428E+01
  3.16763969974979140E+01  5.92486174406751664E-01 -6.75562125743072528E+01
  3.17764804003336074E+01  5.90560133786379193E+00 -6.74281922456228955E+01
  3.18765638031693044E+01  9.13387963297509664E+00 -7.13466103623528909E+01
  3.19766472060050049E+01  7.78605156771601781E+00 -7.60044295661252107E+01
  3.20767306088406983E+01  2.58871966742541293E+00 -7.77938249403645727E+01
  3.21768140116763988E+01 -3.13638550291038287E+00 -7.51507795328016357E+01
  3.22768974145120850E+01 -5.75934602209169899E+00 -6.95297603436021348E+01
  3.23769808173477855E+01 -3.79377575936574729E+00 -6.44049978166296313E+01
  3.24770642201834860E+01  1.07574136729718983E+00 -6.29589888994833444E+01
  3.25771476230191794E+01  5.05180639316862035E+00 -6.59576631122370998E+01
  3.26772310258548799E+01  4.68457067567470542E+00 -7.11819120178979858E+01
  3.27773144286905733E+01 -8.38909467791175922E-01 -7.47823113992122614E+01
  3.28773978315262667E+01 -9.03446037249073264E+00 -7.37083870979663516E+01
  3.29774812343619672E+01 -1.55318752869883596E+01 -6.76930020533133074E+01
  3.30775646371976606E+01 -1.67162959746490039E+01 -5.95368017929530353E+01
  3.31776480400333611E+01 -1.19802914788684820E+01 -5.34770789144291356E+01
  3.32777314428690545E+01 -4.18004627144974172E+00 -5.26224173058426317E+01
  3.33778148457047479E+01  2.00954061834302999E+00 -5.70389812834788330E+01
  3.34778982485404484E+01  2.84148027773132483E+00 -6.36779774792982707E+01
  3.35779816513761489E+01 -2.32549901361963007E+00 -6.81854568861655110E+01
  3.36780650542118423E+01 -1.07156566219894795E+01 -6.74804591726184952E+01
  3.37781484570475357E+01 -1.78394014227031548E+01 -6.15411096830094735E+01
  3.38782318598832290E+01 -2.01516758005058527E+01 -5.33416364657096125E+01
  3.39783152627189295E+01 -1.70589605776578956E+01 -4.70112122645565407E+01
  3.40783986655546300E+01 -1.10973156151517891E+01 -4.53581552951667746E+01
  3.41784820683903234E+01 -6.24085999889186649E+00 -4.82680380777481872E+01
  3.42785654712260168E+01 -5.43522175611556868E+00 -5.29179312029081856E+01
  3.43786488740617173E+01 -8.88168463081017556E+00 -5.56180728082426228E+01
  3.44787322768974107E+01 -1.40865391864332192E+01 -5.41087375865400944E+01
  3.45788156797331112E+01 -1.75811138002194340E+01 -4.88929579963953742E+01
  3.46788990825688046E+01 -1.71913239644650915E+01 -4.28045364717641732E+01
  3.47789824854044980E+01 -1.34121687307179656E+01 -3.91181169193683331E+01
  3.48790658882401985E+01 -9.02994072977274342E+00 -3.94230511210433363E+01
  3.49791492910758919E+01 -7.26571627346930349E+00 -4.26162072251017889E+01
  3.50792326939115924E+01 -9.64967101666651139E+00 -4.56335550679401649E+01
  3.51793160967472929E+01 -1.49793593893370218E+01 -4.54329106125835835E+01
  3.52793994995829792E+01 -2.00146425545664677E+01 -4.09714368516110881E+01
  3.53794829024186797E+01 -2.14818705781936323E+01 -3.39368566455464702E+01
  3.54795663052543730E+01 -1.81475938302800159E+01 -2.77576364602085839E+01
  3.55796497080900735E+01 -1.16614529733727181E+01 -2.54851421663328850E+01
  3.56797331109257740E+01 -5.62008773868615652E+00 -2.78640830564387265E+01
  3.57798165137614603E+01 -3.41763473495603520E+00 -3.28083126409707546E+01
  3.58798999165971608E+01 -6.20764572157461103E+00 -3.66208068886639424E+01
  3.59799833194328542E+01 -1.22212702805585973E+01 -3.62092127231019560E+01
  3.60800667222685547E+01 -1.78413869253014212E+01 -3.09414149047415528E+01
  3.61801501251042552E+01 -1.97617207267974742E+01 -2.30152921615527148E+01
  3.62802335279399486E+01 -1.69124141898653768E+01 -1.61279996384973536E+01
  3.63803169307756420E+01 -1.09974509825378028E+01 -1.32678206304750734E+01
  3.64804003336113425E+01 -5.35994835195451635E+00 -1.49765634419965661E+01
  3.65804837364470359E+01 -2.91615932667069222E+00 -1.91181713649650469E+01
  3.66805671392827364E+01 -4.43778325641519622E+00 -2.22519812572467472E+01
  3.67806505421184298E+01 -8.20735834122401897E+00 -2.17402788793918624E+01
  3.68807339449541232E+01 -1.12087292429480456E+01 -1.72987673508433382E+01
  3.69808173477898237E+01 -1.10733799234842021E+01 -1.10614050236481489E+01
  3.70809007506255170E+01 -7.55203331045488380E+00 -6.15648361140549838E+00
  3.71809841534612175E+01 -2.60141614049654324E+00 -4.71315791306877330E+00
  3.72810675562969109E+01  9.33028179318487916E-01 -6.55405914714762705E+00
  3.73811509591326043E+01  1.17446680904087208E+00 -9.37018175383134810E+00
  3.74812343619683048E+01 -1.56623845522960137E+00 -1.02327217165548436E+01
  3.75813177648039982E+01 -4.96383701317238568E+00 -7.47750336957918460E+00
  3.76814011676396987E+01 -6.12785342136645284E+00 -1.78823474227554957E+00
  3.77814845704753921E+01 -3.42632651249096076E+00  4.19384452907958849E+00
  3.78815679733110855E+01  2.45113740470796859E+00  7.49943722986552785E+00
  3.79816513761467860E+01  8.86191347432519549E+00  6.69412566269235665E+00
  3.80817347789824865E+01  1.27926494422938060E+01  2.81442901707643767E+00
  3.81818181818181799E+01  1.26808038899506936E+01 -1.21140491271758854E+00
  3.82819015846538733E+01  9.35748152974213099E+00 -2.30726728428186156E+00
  3.83819849874895667E+01  5.54325586318983277E+00  9.05932911792050821E-01
  3.84820683903252672E+01  4.21600175239519004E+00  7.28287458578241154E+00
  3.85821517931609677E+01  6.85065380270813229E+00  1.38395817329346169E+01
  3.86822351959966610E+01  1.25969843870729914E+01  1.75284801102832617E+01
  3.87823185988323544E+01  1.88742911987990851E+01  1.70210265392234170E+01
  3.88824020016680549E+01  2.29865480022174182E+01  1.34250769759198363E+01
  3.89824854045037483E+01  2.37463019488072860E+01  9.52910537080661335E+00
  3.90825688073394488E+01  2.21149915950277176E+01  8.06571311238051791E+00
  3.91826522101751422E+01  2.04930812614044591E+01  1.00716488971000935E+01
  3.92827356130108356E+01  2.11347653222643679E+01  1.43444168745963001E+01
  3.93828190158465361E+01  2.47032439239166592E+01  1.83051212161388364E+01
  3.94829024186822295E+01  2.98825311215039306E+01  1.96959354869160634E+01
  3.95829858215179300E+01  3.42783185507094075E+01  1.80246868040127417E+01
  3.96830692243536305E+01  3.60151245558683755E+01  1.48474546780114576E+01
  3.97831526271893239E+01  3.50009783825932033E+01  1.27270160741075138E+01
  3.98832360300250173E+01  3.30485637879994059E+01  1.35373470725350042E+01
  3.99833194328607107E+01  3.27619791540003718E+01  1.71892780653162305E+01
  4.00834028356964112E+01  3.58740297821953718E+01  2.15920559528983773E+01
  4.01834862385321117E+01  4.20759155535303933E+01  2.39001423508218771E+01
  4.02835696413678050E+01  4.90926974799584315E+01  2.22891484287770254E+01
  4.03836530442034984E+01  5.39914613247438737E+01  1.71595887409671235E+01
  4.04837364470391989E+01  5.49383315613285816E+01  1.10056842612500976E+01
  4.05838198498748923E+01  5.23309903880039684E+01  7.00344196707937883E+00
  4.06839032527105928E+01  4.86087641506633261E+01  7.15870154294357430E+00
  4.07839866555462862E+01  4.68467279867806354E+01  1.11252159872229832E+01
  4.08840700583819796E+01  4.89751059707067569E+01  1.63968877201189258E+01
  4.09841534612176801E+01  5.46857078779709340E+01  1.97530193358764450E+01
  4.10842368640533735E+01  6.16671405631588385E+01  1.90911304766157173E+01
  4.11843202668890740E+01  6.70071438933029953E+01  1.45622501247104559E+01
  4.12844036697247674E+01  6.88996909841381182E+01  8.35759179106838523E+00
  4.13844870725604608E+01  6.76239722285331197E+01  3.31776350009719367E+00
  4.14845704753961613E+01  6.52263557782946179E+01  1.24119282927167807E+00
  4.15846538782318547E+01  6.41444307879741160E+01  1.92503113881839338E+00
  4.16847372810675552E+01  6.56605646790427357E+01  3.49090074769957681E+00
  4.17848206839032486E+01  6.91599026738350489E+01  3.73572694528201987E+00
  4.18849040867389419E+01  7.26431402959461963E+01  1.61283616288129084E+00
  4.19849874895746424E+01  7.41391927708808254E+01 -2.11332358959971378E+00
  4.20850708924103358E+01  7.30874737623666704E+01 -5.44940741069445700E+00
  4.21851542952460363E+01  7.07791081958339987E+01 -6.60018191516575037E+00
  4.22852376980817297E+01  6.95471673521822282E+01 -5.29917502027513621E+00
  4.23853211009174231E+01  7.11996624755328469E+01 -3.15093250258975699E+00
  4.24854045037531236E+01  7.56944067024087133E+01 -2.71087994473812932E+00
  4.25854879065888241E+01  8.09410850513336300E+01 -5.83787559833822733E+00
  4.26855713094245175E+01  8.39342398819940883E+01 -1.23522072387608670E+01
  4.27856547122602109E+01  8.25773136787316702E+01 -1.98902439545609973E+01
  4.28857381150959043E+01  7.70828008700773353E+01 -2.51277815684097163E+01
  4.29858215179316048E+01  7.00482638091799430E+01 -2.56857970064449894E+01
  4.30859049207673053E+01  6.50973471995624351E+01 -2.15811438583283355E+01
  4.31859883236029987E+01  6.48494665743329364E+01 -1.53317876320382052E+01
  4.32860717264386992E+01  6.94017773061963794E+01 -1.06179206950123461E+01
  4.33861551292743926E+01  7.62232702315590132E+01 -1.02549355080795355E+01
  4.34862385321100859E+01  8.15435002989511588E+01 -1.46469875530181142E+01
  4.35863219349457864E+01  8.24421846874877957E+01 -2.16163335181699274E+01
  4.36864053377814798E+01  7.84281021729074439E+01 -2.76945477892776850E+01
  4.37864887406171803E+01  7.15991013846445554E+01 -3.00951097147857034E+01
  4.38865721434528737E+01  6.53262081057087727E+01 -2.81940902095725967E+01
  4.39866555462885671E+01  6.22828708330014251E+01 -2.36698853720287410E+01
  4.40867389491242676E+01  6.30080321313623699E+01 -1.92866104935866076E+01
  4.41868223519599681E+01  6.58329583532880065E+01 -1.71292181611648822E+01
  4.42869057547956615E+01  6.81449722105764408E+01 -1.74060319295440813E+01
  4.43869891576313549E+01  6.81380030375396331E+01 -1.85407653897223881E+01
  4.44870725604670483E+01  6.59230874400497129E+01 -1.84346316139057151E+01
  4.45871559633027488E+01  6.33095568922632026E+01 -1.60292656016550481E+01
  4.46872393661384493E+01  6.24321440282550952E+01 -1.21188009385438438E+01
  4.47873227689741427E+01  6.41427570265178701E+01 -8.85170070285197497E+00
  4.48874061718098361E+01  6.72494108081146464E+01 -8.21798978522057944E+00
  4.49874895746455365E+01  6.91626317572922176E+01 -1.05064383678915565E+01
  4.50875729774812299E+01  6.76036674683093963E+01 -1.37969685560922013E+01
  4.51876563803169304E+01  6.22958391766520165E+01 -1.49341657978387659E+01
  4.52877397831526238E+01  5.54944885617117905E+01 -1.14649312911903003E+01
  4.53878231859883172E+01  5.09020115916794396E+01 -3.34164139248988112E+00
  4.54879065888240177E+01  5.15386421869369329E+01  6.73248158548822762E+00
  4.55879899916597111E+01  5.78333581843060287E+01  1.46330241343629730E+01
  4.56880733944954116E+01  6.71205835173305445E+01  1.71078716579478076E+01
  4.57881567973311050E+01  7.49273193773763069E+01  1.37040624906837767E+01
  4.58882402001667984E+01  7.73813534778192604E+01  7.16017754670785322E+00
  4.59883236030024989E+01  7.33769678674402286E+01  1.96755691040538694E+00
  4.60884070058381923E+01  6.52307328897845622E+01  1.89163361154120713E+00
  4.61884904086738928E+01  5.74237465388711144E+01  7.88892695279922407E+00
  4.62885738115095862E+01  5.41484648888132938E+01  1.76376176005942291E+01
  4.63886572143452796E+01  5.70741947008880004E+01  2.69417521727779246E+01
  4.64887406171809801E+01  6.45999372849306610E+01  3.21551587125373359E+01
  4.65888240200166805E+01  7.29696599171381450E+01  3.21748247606368238E+01
  4.66889074228523739E+01  7.85187452922800162E+01  2.88407834723912302E+01
  4.67889908256880744E+01  7.96771543731667435E+01  2.55793373728464886E+01
  4.68890742285237607E+01  7.75704999158512720E+01  2.52055915662120782E+01
  4.69891576313594612E+01  7.49714748627518759E+01  2.82751217286559644E+01
  4.70892410341951617E+01  7.43629068487145872E+01  3.29744402700381727E+01
  4.71893244370308551E+01  7.63715202722610798E+01  3.65505846470277902E+01
  4.72894078398665556E+01  7.95506627393501162E+01  3.73094935693295326E+01
  4.73894912427022490E+01  8.16079708496297087E+01  3.58457600898561850E+01
  4.74895746455379424E+01  8.12228291874403112E+01  3.46551011690798063E+01
  4.75896580483736429E+01  7.91916598631512301E+01  3.63515313324213309E+01
  4.76897414512093363E+01  7.80690681467433478E+01  4.16732373324905225E+01
  4.77898248540450368E+01  8.04744262757831876E+01  4.86579344394561204E+01
  4.78899082568807302E+01  8.71490447960478036E+01  5.36438554491128130E+01
  4.79899916597164236E+01  9.60744858841789409E+01  5.35619545183288963E+01
  4.80900750625521241E+01  1.03338682392916851E+02  4.80933438200855008E+01
  4.81901584653878174E+01  1.05342703801876908E+02  4.02588099331538345E+01
  4.82902418682235179E+01  1.01055947329148495E+02  3.49226193301220960E+01
  4.83903252710592113E+01  9.29137398755038362E+01  3.59908040008306216E+01
  4.84904086738949047E+01  8.57103059161125742E+01  4.39636314377254465E+01
  4.85904920767306052E+01  8.40355407655753339E+01  5.53843138422686891E+01
  4.86905754795663057E+01  8.97103625134287199E+01  6.46324221020340133E+01
  4.87906588824019991E+01  1.00724029400818424E+02  6.70852914903531570E+01
  4.88907422852376925E+01  1.12318688394733329E+02  6.17946855853316848E+01
  4.89908256880733859E+01  1.19605515135378852E+02  5.20624288677869487E+01
  4.90909090909090864E+01  1.20189721577899107E+02  4.35380137190839420E+01
  4.91909924937447869E+01  1.15291472023363795E+02  4.09651637041547332E+01
  4.92910758965804803E+01  1.08782027041094281E+02  4.55318415735918620E+01
  4.93911592994161737E+01  1.04816330697253250E+02  5.43910295030683173E+01
  4.94912427022518742E+01  1.05534264715193871E+02  6.25672740253475084E+01
  4.95913261050875676E+01  1.10164726763480331E+02  6.60115542686120875E+01
  4.96914095079232681E+01  1.15942153640978859E+02  6.39077535500865324E+01
  4.97914929107589614E+01  1.20123607093672817E+02  5.88497855101503475E+01
  4.98915763135946548E+01  1.21752448674486160E+02  5.48715101350736916E+01
  4.99916597164303553E+01  1.22040633346612580E+02  5.46745830066801801E+01
  5.00917431192660487E+01  1.23192120285537825E+02  5.78950234548848144E+01
  5.01918265221017492E+01  1.26545382850457784E+02  6.15444427505910454E+01
  5.02919099249374497E+01  1.31368995817396979E+02  6.23007979637917657E+01
  5.03919933277731360E+01  1.35192281680767934E+02  5.90649191845647508E+01
  5.04920767306088365E+01  1.35498503101186742E+02  5.39917013687790970E+01
  5.05921601334445299E+01  1.31660454152027484E+02  5.12060596181847245E+01
  5.06922435362802304E+01  1.25784986779584116E+02  5.39689836809922454E+01
  5.07923269391159309E+01  1.21792830576783956E+02  6.21480004299740898E+01
  5.08924103419516172E+01  1.23180803344750899E+02  7.17523284049820091E+01
  5.09924937447873177E+01  1.30797205999265742E+02  7.70384450425147804E+01
  5.10925771476230182E+01  1.42039310270202378E+02  7.40330823897255641E+01
  5.11926605504587116E+01  1.52073033111766193E+02  6.33085032307246891E+01
  5.12927439532944121E+01  1.56453722073003178E+02  5.01601370226697654E+01
  5.13928273561301054E+01  1.53634363329914947E+02  4.18492775008708335E+01
  5.14929107589657988E+01  1.45855037709173899E+02  4.34127788494251163E+01
  5.15929941618014993E+01  1.37865737710316523E+02  5.45607815568956198E+01
  5.16930775646371927E+01  1.34262114737631975E+02  6.96332735684715374E+01
  5.17931609674728932E+01  1.37030067702353477E+02  8.07258619147097249E+01
  5.18932443703085866E+01  1.44690636180659226E+02  8.21416973660610097E+01
  5.19933277731442800E+01  1.53431238586290903E+02  7.35468992821743228E+01
  5.20934111759799805E+01  1.59456232655883298E+02  6.00072695271934862E+01
  5.21934945788156810E+01  1.61112959120495560E+02  4.89235103340648578E+01
  5.22935779816513744E+01  1.59525732588047788E+02  4.57197492858239443E+01
  5.23936613844870678E+01  1.57449957907508519E+02  5.08977213588929800E+01
  5.24937447873227612E+01  1.57228216757547074E+02  6.02005094279300508E+01
  5.25938281901584617E+01  1.59264737228068554E+02  6.76403130014004432E+01
  5.26939115929941622E+01  1.61990748379791739E+02  6.93511538596475106E+01
  5.27939949958298556E+01  1.63247627171616159E+02  6.57862417290642298E+01
  5.28940783986655489E+01  1.62075269268353054E+02  6.09250952514969484E+01
  5.29941618015012423E+01  1.59635147471553580E+02  5.91416431892415417E+01
  5.30942452043369428E+01  1.58585010621736899E+02  6.19297219228988780E+01
  5.31943286071726433E+01  1.61279868391060148E+02  6.67471082852164841E+01
  5.32944120100083438E+01  1.67987144018079533E+02  6.87878016301957587E+01
  5.33944954128440301E+01  1.76336848188646968E+02  6.45287799154299790E+01
  5.34945788156797235E+01  1.82477658344938447E+02  5.46833659423162501E+01
  5.35946622185154240E+01  1.83330253710187776E+02  4.44556935357096350E+01
  5.36947456213511245E+01  1.78565500709972440E+02  4.06311634727619335E+01
  5.37948290241868250E+01  1.71015909324410870E+02  4.71496285255245482E+01
  5.38949124270225184E+01  1.65183685142081828E+02  6.20164443035376252E+01
  5.39949958298582047E+01  1.64717326135062535E+02  7.77477136660260726E+01
  5.40950792326939052E+01  1.70360860954392990E+02  8.53466095446960651E+01
  5.41951626355296057E+01  1.79569737076165126E+02  7.95455981237796692E+01
  5.42952460383653062E+01  1.88005549416144078E+02  6.21904098985845053E+01
  5.43953294412009996E+01  1.92034367955958942E+02  4.16465976542027647E+01
  5.44954128440366858E+01  1.90736165192222813E+02  2.83742560045947450E+01
  5.45954962468723863E+01  1.86206021472191736E+02  2.91105087849035300E+01
  5.46955796497080868E+01  1.82026496081504121E+02  4.30642601224177000E+01
  5.47956630525437873E+01  1.80981652606168268E+02  6.24183341874301476E+01
  5.48957464553794807E+01  1.83493163564664684E+02  7.68397736239358267E+01
  5.49958298582151670E+01  1.87677308204725762E+02  7.92879455994953872E+01
  5.50959132610508675E+01  1.90857668870352114E+02  6.96887744645232630E+01
  5.51959966638865680E+01  1.91480683246012347E+02  5.43932407657921502E+01
  5.52960800667222685E+01  1.90148740841181933E+02  4.19405480764784429E+01
  5.53961634695579619E+01  1.89087209887288111E+02  3.79064029443769428E+01
  5.54962468723936482E+01  1.90446474459715603E+02  4.20453180157873092E+01
  5.55963302752293487E+01  1.94636113760762214E+02  4.92892335098045606E+01
  5.56964136780650492E+01  1.99849058188338574E+02  5.36689564217459960E+01
  5.57964970809007497E+01  2.03145317770772635E+02  5.24800122426738085E+01
  5.58965804837364431E+01  2.02431661280877108E+02  4.79429454436947395E+01
  5.59966638865721436E+01  1.98017661023966667E+02  4.52509115668165194E+01
  5.60967472894078298E+01  1.92641948291463962E+02  4.83694320644296738E+01
  5.61968306922435303E+01  1.89880756252190309E+02  5.66007809470320851E+01
  5.62969140950792308E+01  1.91942832180488011E+02  6.44550499662806828E+01
  5.63969974979149242E+01  1.98247254480853030E+02  6.50916523059327830E+01
  5.64970809007506247E+01  2.05690183186594908E+02  5.51547708082965897E+01
  5.65971643035863110E+01  2.10481550921473712E+02  3.78045541888448611E+01
  5.66972477064220115E+01  2.10440460354605307E+02  2.17304902318883251E+01
  5.67973311092577120E+01  2.06292664317801808E+02  1.63879769742015640E+01
  5.68974145120934054E+01  2.01133566628930112E+02  2.61835166950269844E+01
  5.69974979149291059E+01  1.98431796699913122E+02  4.72260705396984193E+01
  5.70975813177647922E+01  1.99881541211517401E+02  6.88718173748472395E+01
  5.71976647206004927E+01  2.04447842025189203E+02  7.94202447529051057E+01
  5.72977481234361932E+01  2.09161085992550710E+02  7.27328947454148533E+01
  5.73978315262718866E+01  2.11134068622993709E+02  5.18512675628192738E+01
  5.74979149291075871E+01  2.09499823390603410E+02  2.73897342822730678E+01
  5.75979983319432876E+01  2.05975306514104460E+02  1.16032350841155303E+01
  5.76980817347789738E+01  2.03643026396832511E+02  1.16413217265877105E+01
  5.77981651376146743E+01  2.04778129030364568E+02  2.59312408562109198E+01
  5.78982485404503677E+01  2.09222895850386010E+02  4.56478458541537080E+01
  5.79983319432860682E+01  2.14417591146753807E+02  6.01584211884426523E+01
  5.80984153461217687E+01  2.17071106230759170E+02  6.30627476403999836E+01
  5.81984987489574550E+01  2.15379908311760801E+02  5.52462187649996750E+01
  5.82985821517931555E+01  2.10325304347796987E+02  4.33079688116886672E+01
  5.83986655546288560E+01  2.05143071247540632E+02  3.46803650688610503E+01
  5.84987489574645494E+01  2.03267956718283813E+02  3.28333987522130428E+01
  5.85988323603002499E+01  2.06104259189289650E+02  3.57067563922517550E+01
  5.86989157631359362E+01  2.12101601834958529E+02  3.81373296025373207E+01
  5.87989991659716367E+01  2.17748076855862649E+02  3.62996935240396041E+01
  5.88990825688073372E+01  2.19839023285042657E+02  3.09109635607124247E+01
  5.89991659716430306E+01  2.17535697667573629E+02  2.68929764421950956E+01
  5.90992493744787311E+01  2.12848394644031970E+02  2.96642559199246350E+01
  5.91993327773144316E+01  2.09226643202262039E+02  4.06264436869376624E+01
  5.92994161801501178E+01  2.09208316967751557E+02  5.51012961224026441E+01
  5.93994995829858183E+01  2.12700799114146491E+02  6.44571925372911068E+01
  5.94995829858215117E+01  2.17057077939168977E+02  6.13896044868879471E+01
  5.95996663886572122E+01  2.18941311089526891E+02  4.50680247219356502E+01
  5.96997497914929127E+01  2.16756059778106078E+02  2.26560992444748024E+01
  5.97998331943285990E+01  2.11932893744348689E+02  5.84699293644052709E+00
  5.98999165971642995E+01  2.08096046552290574E+02  4.24940462940983199E+00
  5.99999999999999929E+01  2.08593780623970332E+02  1.95920820782980094E+01
  6.01000834028356934E+01  2.14077335923036372E+02  4.43424553715277057E+01
  6.02001668056713939E+01  2.21795006580831711E+02  6.57005894979442502E+01
  6.03002502085070802E+01  2.27123862458084744E+02  7.26951889579909647E+01
  6.04003336113427807E+01  2.26436644830853595E+02  6.22463263974947836E+01
  6.05004170141784741E+01  2.19544694502132160E+02  4.06611980778031565E+01
  6.06005004170141746E+01  2.10123433321933220E+02  1.97309551284956228E+01
  6.07005838198498751E+01  2.03675968364175532E+02  9.84286374160662447E+00
  6.08006672226855756E+01  2.04180425976110541E+02  1.43223635583003492E+01
  6.09007506255212618E+01  2.11575250193280169E+02  2.83386846490362672E+01
  6.10008340283569552E+01  2.21758824231598254E+02  4.26963426525428105E+01
  6.11009174311926557E+01  2.29096613281453017E+02  4.97763854056541248E+01
  6.12010008340283562E+01  2.29820767501805307E+02  4.77981178551070514E+01
  6.13010842368640567E+01  2.24206693165602104E+02  4.09349678666572316E+01
  6.14011676396997430E+01  2.16205926940664170E+02  3.55788271141952279E+01
  6.15012510425354364E+01  2.10801707142349841E+02  3.54986418570056301E+01
  6.16013344453711369E+01  2.10818081091690601E+02  3.92702282127902293E+01
  6.17014178482068374E+01  2.15283093805412136E+02  4.17031088268519241E+01
  6.18015012510425379E+01  2.20390946330407814E+02  3.81544169639845094E+01
  6.19015846538782242E+01  2.22349550446049022E+02  2.85791119419044968E+01
  6.20016680567139176E+01  2.20125665348830267E+02  1.83146681238246813E+01
  6.21017514595496181E+01  2.16154087181134713E+02  1.48271424855838223E+01
  6.22018348623853186E+01  2.14482209373368221E+02  2.24818801379303466E+01
  6.23019182652210191E+01  2.17656330565780252E+02  3.89057954899899769E+01
  6.24020016680567053E+01  2.24574205070223883E+02  5.55834295514663168E+01
  6.25020850708923987E+01  2.30856118262728529E+02  6.25890578982527686E+01
  6.26021684737280992E+01  2.31599689862517351E+02  5.46490013629533635E+01
  6.27022518765637997E+01  2.24824287703499380E+02  3.47676825110716408E+01
  6.28023352793995002E+01  2.13352943737103232E+02  1.30025838011647430E+01
  6.29024186822351936E+01  2.03659450071739627E+02  8.90667766374445447E-01
  6.30025020850708870E+01  2.02072503505340734E+02  4.79017796347625158E+00
  6.31025854879065804E+01  2.10648927986048221E+02  2.21877555841784293E+01
  6.32026688907422809E+01  2.25491649259712005E+02  4.32223385860251952E+01
  6.33027522935779814E+01  2.38736734278632383E+02  5.64528512463248475E+01
  6.34028356964136748E+01  2.43037922726512676E+02  5.53560846380942877E+01
  6.35029190992493682E+01  2.35862068875402656E+02  4.17251058791017684E+01
  6.36030025020850616E+01  2.21064553778660070E+02  2.40900091031768682E+01
  6.37030859049207621E+01  2.06755334268480397E+02  1.22920050514058961E+01
  6.38031693077564626E+01  2.00611407886633003E+02  1.16481277726990164E+01
  6.39032527105921559E+01  2.05441113670678334E+02  2.02833894404165918E+01
  6.40033361134278493E+01  2.17745807005252772E+02  3.10638835620687530E+01
  6.41034195162635427E+01  2.30103449585853156E+02  3.66001960260375867E+01
  6.42035029190992503E+01  2.35778162316982446E+02  3.39726356733115580E+01
  6.43035863219349437E+01  2.32664025269966743E+02  2.62059281860284159E+01
  6.44036697247706371E+01  2.24165304167880464E+02  1.97171322383341803E+01
  6.45037531276063447E+01  2.16557896943270691E+02  1.95962092980226856E+01
  6.46038365304420239E+01  2.14663922436575973E+02  2.59767835086669869E+01
  6.47039199332777315E+01  2.18766217802587505E+02  3.39384944797747252E+01
  6.48040033361134249E+01  2.24740055476991529E+02  3.69348782182928517E+01
  6.49040867389491183E+01  2.27167079430213079E+02  3.14015696781031615E+01
  6.50041701417848259E+01  2.23315120329471682E+02  1.94649364393395672E+01
  6.51042535446205051E+01  2.15329507751557344E+02  7.89937239565539073E+00
  6.52043369474562127E+01  2.09032636321526894E+02  3.90367675916832546E+00
  6.53044203502919061E+01  2.09946968238867584E+02  1.03950118196710726E+01
  6.54045037531275995E+01  2.19199426074675841E+02  2.39099195203004307E+01
  6.55045871559633071E+01  2.32206511997181451E+02  3.65226191460293066E+01
  6.56046705587989862E+01  2.41161290863864053E+02  4.06014543477981604E+01
  6.57047539616346938E+01  2.39809487330157111E+02  3.34477319551415562E+01
  6.58048373644703872E+01  2.27568697673657965E+02  1.89470290218266086E+01
  6.59049207673060806E+01  2.10398308643889067E+02  5.20966945629785716E+00
  6.60050041701417882E+01  1.97673802622463199E+02 -3.28390165253845845E-01
  6.61050875729774816E+01  1.96746229465031774E+02  4.70682949813481155E+00
  6.62051709758131750E+01  2.08464466013522866E+02  1.64281963147177485E+01
  6.63052543786488684E+01  2.26498325854104650E+02  2.72915646287635631E+01
  6.64053377814845618E+01  2.40946065087601596E+02  3.07715145901302236E+01
  6.65054211843202694E+01  2.44045998382492314E+02  2.52086025089209933E+01
  6.66055045871559628E+01  2.34587884604425597E+02  1.45335766886462991E+01
  6.67055879899916562E+01  2.18440825611806673E+02  5.53001772947879910E+00
  6.68056713928273496E+01  2.04911514142897886E+02  3.45150093457631479E+00
  6.69057547956630430E+01  2.01162397202879134E+02  8.81331955625313945E+00
  6.70058381984987506E+01  2.08130345197011934E+02  1.73347073870819663E+01
  6.71059216013344439E+01  2.20389846889565547E+02  2.29086529316488985E+01
  6.72060050041701373E+01  2.29857769310889836E+02  2.15863207379114392E+01
  6.73060884070058307E+01  2.30911218734944157E+02  1.40429920057810040E+01
  6.74061718098415241E+01  2.23759457599223708E+02  5.02209728670556022E+00
  6.75062552126772317E+01  2.14023955734413789E+02  1.73162477034683654E-01
  6.76063386155129251E+01  2.08822213728380433E+02  2.36748415580454985E+00
  6.77064220183486185E+01  2.11925934642907606E+02  9.89358343027560672E+00
  6.78065054211843119E+01  2.21214257103590995E+02  1.76468574371750400E+01
  6.79065888240200053E+01  2.30080339572689070E+02  2.04551067753609885E+01
  6.80066722268557129E+01  2.31813951506038563E+02  1.63688847875719432E+01
  6.81067556296914063E+01  2.24122584758554609E+02  7.83842003088321881E+00
  6.82068390325270997E+01  2.10909100449968662E+02  5.88921009669765086E-02
  6.83069224353627931E+01  2.00088839375339631E+02 -2.41895307925886582E+00
  6.84070058381984865E+01  1.98688562368025032E+02  1.41153434189811633E+00
  6.85070892410341941E+01  2.08282753851498569E+02  8.47418384459082574E+00
  6.86071726438698875E+01  2.23723858865261150E+02  1.37086947838899569E+01
  6.87072560467055808E+01  2.36058031998539718E+02  1.33804401504697967E+01
  6.88073394495412742E+01  2.37863871608170626E+02  7.47029610712155900E+00
  6.89074228523769676E+01  2.27756130042319171E+02 -3.52332071481869680E-01
  6.90075062552126752E+01  2.11313528596587361E+02 -5.14264129053421293E+00
  6.91075896580483686E+01  1.97824737983626733E+02 -3.92993732039383037E+00
  6.92076730608840620E+01  1.94765749266648101E+02  2.31156018998240542E+00
  6.93077564637197554E+01  2.03357276208358797E+02  9.26514391835649498E+00
  6.94078398665554488E+01  2.17935371066057741E+02  1.20416615777464813E+01
  6.95079232693911564E+01  2.29489438086312560E+02  8.30923106301295711E+00
  6.96080066722268498E+01  2.31137364321716007E+02 -2.00586724771005920E-01
  6.97080900750625432E+01  2.22200571169328640E+02 -8.73339925186498256E+00
  6.98081734778982508E+01  2.08468749339903582E+02 -1.24536518703887413E+01
  6.99082568807339300E+01  1.98525304486379213E+02 -9.46367138532482777E+00
  7.00083402835696376E+01  1.98370721052630046E+02 -1.98812508453943426E+00
  7.01084236864053310E+01  2.07683378352536067E+02  5.03948437390153359E+00
  7.02085070892410243E+01  2.20076954046698376E+02  7.06629945266485304E+00
  7.03085904920767319E+01  2.27165646349880689E+02  2.70984924942696370E+00
  7.04086738949124111E+01  2.23854560877092069E+02 -5.47603382000032379E+00
  7.05087572977481187E+01  2.11578089235411596E+02 -1.26957516294495196E+01
  7.06088407005838121E+01  1.97497242471464205E+02 -1.49887661026643269E+01
  7.07089241034195197E+01  1.90107000969377793E+02 -1.17286893885646570E+01
  7.08090075062552131E+01  1.93930817813706994E+02 -5.92632350001468566E+00
  7.09090909090908923E+01  2.06622135008415142E+02 -2.16236020830569853E+00
  7.10091743119265999E+01  2.20313923669286737E+02 -3.54484917201778460E+00
  7.11092577147622933E+01  2.26381593254107429E+02 -9.67399069806814005E+00
  7.12093411175980009E+01  2.20691908164961944E+02 -1.68954610060213142E+01
  7.13094245204336943E+01  2.06153070919293782E+02 -2.06853227614981385E+01
  7.14095079232693877E+01  1.90997662741338956E+02 -1.86754834842694599E+01
  7.15095913261050811E+01  1.83788856957452907E+02 -1.23520437001659289E+01
  7.16096747289407745E+01  1.88194357207474326E+02 -6.23606165262070711E+00
  7.17097581317764821E+01  2.00786689254210387E+02 -5.01226715736058193E+00
  7.18098415346121755E+01  2.13226949164342727E+02 -1.04702005023065148E+01
  7.19099249374478688E+01  2.17413538771399061E+02 -2.02389740626459691E+01
  7.20100083402835622E+01  2.10399918748866611E+02 -2.91205382496158158E+01
  7.21100917431192556E+01  1.96132240329581009E+02 -3.22248222893602190E+01
  7.22101751459549632E+01  1.82993286013945607E+02 -2.80209820812002945E+01
  7.23102585487906566E+01  1.78621320467511282E+02 -1.94020238097240991E+01
  7.24103419516263500E+01  1.85158616469910186E+02 -1.20076699392212731E+01
  7.25104253544620434E+01  1.97902587633251954E+02 -1.07883259214731169E+01
  7.26105087572977368E+01  2.08221734018412974E+02 -1.69686512794783013E+01
  7.27105921601334444E+01  2.08896440969221715E+02 -2.73113909617142312E+01
  7.28106755629691378E+01  1.98573183659662732E+02 -3.61126053923493089E+01
  7.29107589658048312E+01  1.82632914722251087E+02 -3.86993672110469262E+01
  7.30108423686405388E+01  1.69951310683033853E+02 -3.43013171401354953E+01
  7.31109257714762180E+01  1.67494757512517765E+02 -2.65052360001990088E+01
  7.32110091743119256E+01  1.76051249691272346E+02 -2.09713857055934589E+01
  7.33110925771476190E+01  1.89735244654129787E+02 -2.18479655851242285E+01
  7.34111759799833123E+01  1.99559913249893469E+02 -2.91594270166092286E+01
  7.35112593828190199E+01  1.98871161239625252E+02 -3.87924368735942409E+01
  7.36113427856546991E+01  1.87354917453783600E+02 -4.50787312487232015E+01
  7.37114261884904067E+01  1.71205502365020806E+02 -4.44020416863346128E+01
  7.38115095913261001E+01  1.59327040961608390E+02 -3.75875183469040550E+01
  7.39115929941617935E+01  1.57871344883743916E+02 -2.94978190934422031E+01
  7.40116763969975011E+01  1.66503476146099558E+02 -2.60060238529335592E+01
  7.41117597998331803E+01  1.78709263487006581E+02 -3.02527716222333183E+01
  7.42118432026688879E+01  1.85885633649775514E+02 -4.05778333302912273E+01
  7.43119266055045813E+01  1.82633157015923018E+02 -5.14285106130161154E+01
  7.44120100083402747E+01  1.70029469090244277E+02 -5.67003899947989112E+01
  7.45120934111759823E+01  1.54930305843265131E+02 -5.35046357741009615E+01
  7.46121768140116615E+01  1.45722031012251051E+02 -4.40574892550131381E+01
  7.47122602168473691E+01  1.47116499216426035E+02 -3.44513837973479440E+01
  7.48123436196830625E+01  1.57225360939590985E+02 -3.09813211692738477E+01
  7.49124270225187558E+01  1.68748629338049483E+02 -3.62919152375593441E+01
  7.50125104253544635E+01  1.73504172583355938E+02 -4.77559322401722568E+01
  7.51125938281901568E+01  1.67450490499555826E+02 -5.90743951220041978E+01
  7.52126772310258502E+01  1.53124869264786469E+02 -6.40933165190152891E+01
  7.53127606338615436E+01  1.38051218135367606E+02 -6.05139337036570240E+01
  7.54128440366972370E+01  1.30117583538063712E+02 -5.12447265256307034E+01
  7.55129274395329446E+01  1.32765182254640365E+02 -4.25562264049627217E+01
  7.56130108423686380E+01  1.42955863340073364E+02 -4.01761272900961686E+01
  7.57130942452043314E+01  1.53146701553777376E+02 -4.57715720805365578E+01
  7.58131776480400248E+01  1.55988919835362083E+02 -5.60061039421179387E+01
  7.59132610508757182E+01  1.48816410082144046E+02 -6.47136571160361171E+01
  7.60133444537114258E+01  1.35184101235680032E+02 -6.68067030478441524E+01
  7.61134278565471192E+01  1.22548458402198918E+02 -6.14899539339559880E+01
  7.62135112593828126E+01  1.17549250459323048E+02 -5.27624580320423036E+01
  7.63135946622185060E+01  1.21853382249857276E+02 -4.68601131371253459E+01
  7.64136780650541994E+01  1.31173886965814830E+02 -4.82460742973451104E+01
  7.65137614678899070E+01  1.38044591356939350E+02 -5.67081412169719954E+01
  7.66138448707256003E+01  1.36559027784660458E+02 -6.74072221357742620E+01
  7.67139282735612937E+01  1.26105320949067959E+02 -7.38530091996794056E+01
  7.68140116763969871E+01  1.11792596404799369E+02 -7.19785704060517446E+01
  7.69140950792326805E+01  1.01294686865741554E+02 -6.27959286394112084E+01
  7.70141784820683881E+01  1.00047348418525999E+02 -5.19327274826940197E+01
  7.71142618849040815E+01  1.07800537800346859E+02 -4.62564581801620420E+01
  7.72143452877397749E+01  1.18708644888144335E+02 -4.96512165475237239E+01
  7.73144286905754683E+01  1.24903560350743689E+02 -6.05854323767755147E+01
  7.74145120934111617E+01  1.21307971443141724E+02 -7.29853965496335491E+01
  7.75145954962468693E+01  1.08717426539713017E+02 -7.98701958131630505E+01
  7.76146788990825627E+01  9.32889476172550616E+01 -7.75297440336808279E+01
  7.77147623019182703E+01  8.27762006094789626E+01 -6.77143101338648137E+01
  7.78148457047539495E+01  8.18324042564835423E+01 -5.65050941007545262E+01
  7.79149291075896429E+01  8.92776012096084486E+01 -5.05661113949998295E+01
  7.80150125104253505E+01  9.89944593906481032E+01 -5.31147082415473974E+01
  7.81150959132610438E+01  1.03820265491196039E+02 -6.21122173290480148E+01
  7.82151793160967514E+01  9.99436729515208242E+01 -7.17350230332513803E+01
  7.83152627189324448E+01  8.90840658449385785E+01 -7.61172926158763374E+01
  7.84153461217681240E+01  7.71846046639420393E+01 -7.29941482511588617E+01
  7.85154295246038316E+01  7.05180085612890082E+01 -6.49923662116440397E+01
  7.86155129274395250E+01  7.16887325460306499E+01 -5.77932474524014665E+01
  7.87155963302752326E+01  7.80646509092951533E+01 -5.63618626514145049E+01
  7.88156797331109260E+01  8.36080786976923207E+01 -6.16818408549965440E+01
  7.89157631359466052E+01  8.28811348808219464E+01 -7.01044616636461484E+01
  7.90158465387823128E+01  7.46288855994972948E+01 -7.57177527762684832E+01
  7.91159299416180062E+01  6.26576927799595964E+01 -7.42138871705623728E+01
  7.92160133444537138E+01  5.34495483009828192E+01 -6.57965925258217510E+01
  7.93160967472894072E+01  5.20021344360787481E+01 -5.52520500840909534E+01
  7.94161801501250864E+01  5.85294696788301536E+01 -4.90638461400205301E+01
  7.95162635529607940E+01  6.81530259593661469E+01 -5.13427235635475654E+01
  7.96163469557964874E+01  7.38187005797361024E+01 -6.11392297918340901E+01
  7.97164303586321950E+01  7.06251123054645547E+01 -7.28494921475506203E+01
  7.98165137614678883E+01  5.88824561054905118E+01 -7.94919050070650854E+01
  7.99165971643035817E+01  4.40214292037260293E+01 -7.68776817484815069E+01
  8.00166805671392751E+01  3.33862051579095365E+01 -6.61511520038855565E+01
  8.01167639699749685E+01  3.18467569639773913E+01 -5.31332370953858515E+01
  8.02168473728106761E+01  3.89220426804543393E+01 -4.48421801380495140E+01
  8.03169307756463695E+01  4.91819223262274505E+01 -4.53320728571564118E+01
  8.04170141784820629E+01  5.56252836936643931E+01 -5.34137544707167464E+01
  8.05170975813177563E+01  5.38810278460659546E+01 -6.35973628806974816E+01
  8.06171809841534497E+01  4.46510163375947116E+01 -6.95657463268398288E+01
  8.07172643869891573E+01  3.29917230026506658E+01 -6.79797675972978652E+01
  8.08173477898248507E+01  2.49945191456327720E+01 -6.03003941607438634E+01
  8.09174311926605441E+01  2.39864331423768675E+01 -5.15803616203906188E+01
  8.10175145954962375E+01  2.86252889569224322E+01 -4.70636507949383258E+01
  8.11175979983319309E+01  3.40353743051250248E+01 -4.87997738398767709E+01
  8.12176814011676385E+01  3.51694585485274658E+01 -5.44441370535439972E+01
  8.13177648040033318E+01  3.01678943526904639E+01 -5.89697949053749966E+01
  8.14178482068390252E+01  2.15423694977775639E+01 -5.81217417017153011E+01
  8.15179316096747186E+01  1.44558964760658508E+01 -5.13452477729080670E+01
  8.16180150125104120E+01  1.32390374630491063E+01 -4.22790467166906296E+01
  8.17180984153461196E+01  1.84103345827378213E+01 -3.64648841722058421E+01
  8.18181818181818130E+01  2.61549867641351135E+01 -3.77201899386064810E+01
  8.19182652210175064E+01  3.06350822686799305E+01 -4.55084807273348275E+01
  8.20183486238532140E+01  2.76777456495575365E+01 -5.50208285264791428E+01
  8.21184320266888932E+01  1.75164009500089577E+01 -5.99650047592765247E+01
  8.22185154295246008E+01  4.86050921186131202E+00 -5.63766462939474025E+01
  8.23185988323602942E+01 -3.79823665585338910E+00 -4.51324639094679227E+01
  8.24186822351959876E+01 -4.04798726009010146E+00 -3.15932981306843708E+01
  8.25187656380316952E+01  3.76912990954858529E+00 -2.25253843627057435E+01
  8.26188490408673744E+01  1.47377186495394543E+01 -2.21492900186498254E+01
  8.27189324437030820E+01  2.22873852084367243E+01 -2.97347769593901354E+01
  8.28190158465387753E+01  2.20220007928463204E+01 -4.01691804561706860E+01
  8.29190992493744687E+01  1.41373921896891677E+01 -4.70614092754802797E+01
  8.30191826522101763E+01  3.05711001198850196E+00 -4.64454848205065076E+01
  8.31192660550458555E+01 -5.37694623665646354E+00 -3.88803816841086984E+01
  8.32193494578815631E+01 -7.38736382034861538E+00 -2.87726300978472729E+01
  8.33194328607172565E+01 -3.29589406078071789E+00 -2.14491730028585437E+01
  8.34195162635529499E+01  3.06105399856177929E+00 -1.98704583960795098E+01
  8.35195996663886575E+01  7.03660775911991454E+00 -2.30372311360943982E+01
  8.36196830692243509E+01  6.18704997416457392E+00 -2.70027421415891880E+01
  8.37197664720600443E+01  1.66823087038194751E+00 -2.77187460579479215E+01
  8.38198498748957377E+01 -2.80663207357302902E+00 -2.38051820639114027E+01
  8.39199332777314311E+01 -3.67825886391108181E+00 -1.74350527592842361E+01
  8.40200166805671387E+01 -8.55656247155809069E-02 -1.27817208301577701E+01
  8.41201000834028321E+01  5.45660356718267803E+00 -1.30795834190977924E+01
  8.42201834862385255E+01  8.69772251022190446E+00 -1.82573550216105183E+01
  8.43202668890742189E+01  6.53320002341701223E+00 -2.47250026174285900E+01
  8.44203502919099122E+01 -7.55481229729209725E-01 -2.75012580121884476E+01
  8.45204336947456198E+01 -9.37952485667860181E+00 -2.33731951702593577E+01
  8.46205170975813132E+01 -1.41907853726697155E+01 -1.31082168089052864E+01
  8.47206005004170066E+01 -1.18217541147407221E+01 -1.28425272564604809E+00
  8.48206839032527000E+01 -2.87582864900898771E+00  6.25176749069087112E+00
  8.49207673060883934E+01  8.23845827467591540E+00  5.80011598435562981E+00
  8.50208507089241010E+01  1.57838875145757545E+01 -1.98520204983372528E+00
  8.51209341117597944E+01  1.59845799978112844E+01 -1.24507471686151767E+01
  8.52210175145955020E+01  9.14074434698076033E+00 -1.96213877362378319E+01
  8.53211009174311812E+01 -6.58129713829281537E-01 -1.95671974714972094E+01
  8.54211843202668746E+01 -7.97696276451526654E+00 -1.24752783387307193E+01
  8.55212677231025822E+01 -9.13138809456916789E+00 -2.27494160537634205E+00
  8.56213511259382756E+01 -4.09738945250302766E+00  5.85868600603723433E+00
  8.57214345287739832E+01  3.83711374155195761E+00  8.54311006889486357E+00
  8.58215179316096624E+01  1.03365182423327440E+01  5.91761235647928086E+00
  8.59216013344453557E+01  1.26895681075648916E+01  1.10326733417660483E+00
  8.60216847372810633E+01  1.12154854112053055E+01 -2.10425108951604667E+00
  8.61217681401167567E+01  8.62665706612718530E+00 -1.73758230508535894E+00
  8.62218515429524643E+01  7.90132332241832191E+00  1.24693143253756666E+00
  8.63219349457881435E+01  1.01433597649655667E+01  3.91451984698929056E+00
  8.64220183486238369E+01  1.38626315635814770E+01  3.62593539131844622E+00
  8.65221017514595445E+01  1.61307290466218340E+01  6.43452178954992821E-02
  8.66221851542952379E+01  1.47968740613201284E+01 -4.37441878385187000E+00
  8.67222685571309455E+01  1.02391506392442473E+01 -6.11378015983401379E+00
  8.68223519599666247E+01  5.43233008363208558E+00 -2.86095128227415074E+00
  8.69224353628023181E+01  4.20872239874118037E+00  4.61197682912107965E+00
  8.70225187656380257E+01  8.77148457428786976E+00  1.25859626223215546E+01
  8.71226021684737191E+01  1.80514835562762102E+01  1.64436575890266141E+01
  8.72226855713094267E+01  2.80222026900687098E+01  1.34393470899841141E+01
  8.73227689741451201E+01  3.38742683901469306E+01  4.47909732822320894E+00
  8.74228523769808135E+01  3.27725641542070107E+01 -6.21957861734919515E+00
  8.75229357798165069E+01  2.55355671115193132E+01 -1.34235443138075965E+01
  8.76230191826522002E+01  1.62243588835586507E+01 -1.37841472926774671E+01
  8.77231025854879078E+01  9.88638062532830553E+00 -7.64182959849098520E+00
  8.78231859883236012E+01  9.78824805250000374E+00  1.28942185336455895E+00
  8.79232693911592946E+01  1.57466466168757613E+01  8.11571687680624976E+00
  8.80233527939949880E+01  2.44813913361158555E+01  9.49766640262083861E+00
  8.81234361968306814E+01  3.16897229879032523E+01  5.31222385949088061E+00
  8.82235195996663890E+01  3.45211748636750855E+01 -1.66467120098695975E+00
  8.83236030025020824E+01  3.29558849302397832E+01 -7.71581724316090156E+00
  8.84236864053377758E+01  2.93567613061231825E+01 -1.04629991451759601E+01
  8.85237698081734692E+01  2.66430354830945433E+01 -1.00567336172246158E+01
  8.86238532110091626E+01  2.63453894463230434E+01 -8.64723845213421249E+00
  8.87239366138448702E+01  2.77845009940120136E+01 -8.61770830427279044E+00
  8.88240200166805636E+01  2.88365103745974523E+01 -1.08122458903113969E+01
  8.89241034195162570E+01  2.77017692794454398E+01 -1.39502892863613823E+01
  8.90241868223519504E+01  2.44277226356259156E+01 -1.56098835015397537E+01
  8.91242702251876437E+01  2.11011745891408395E+01 -1.40949246045287211E+01
  8.92243536280233513E+01  2.05268409140793793E+01 -9.89240125065543374E+00
  8.93244370308590447E+01  2.42392927444885302E+01 -5.68480571697232939E+00
  8.94245204336947381E+01  3.11715027086529588E+01 -4.82542590977607411E+00
  8.95246038365304315E+01  3.79244505143102444E+01 -9.19658327062080261E+00
  8.96246872393661249E+01  4.05819466230436490E+01 -1.78122111967759515E+01
  8.97247706422018325E+01  3.70166372032991404E+01 -2.71025909446249074E+01
  8.98248540450375259E+01  2.82830495328897626E+01 -3.27852172469694310E+01
  8.99249374478732193E+01  1.82222725242608377E+01 -3.22449172270572575E+01
  9.00250208507089127E+01  1.14640186208859056E+01 -2.60315447129898061E+01
  9.01251042535446061E+01  1.09520070426312994E+01 -1.75988224103654112E+01
  9.02251876563803137E+01  1.63993218312114699E+01 -1.14288199119800638E+01
  9.03252710592160071E+01  2.45448390772786880E+01 -1.06241026490364270E+01
  9.04253544620517005E+01  3.10276955879058463E+01 -1.53528382631157889E+01
  9.05254378648874081E+01  3.27500670614068383E+01 -2.30009559030137787E+01
  9.06255212677230872E+01  2.93529854403923274E+01 -2.98414656376169063E+01
  9.07256046705587949E+01  2.30342149327651846E+01 -3.31430560062826984E+01
  9.08256880733944882E+01  1.69749240912832207E+01 -3.24648093851438091E+01
  9.09257714762301816E+01  1.34353086232718439E+01 -2.94808209857779495E+01
  9.10258548790658892E+01  1.26675533671673453E+01 -2.66104123097792922E+01
  9.11259382819015684E+01  1.31990742422957119E+01 -2.54093307278686353E+01
  9.12260216847372760E+01  1.31677186468773897E+01 -2.57385173157076252E+01
  9.13261050875729694E+01  1.17586829641468356E+01 -2.61759831688168916E+01
  9.14261884904086628E+01  9.76834063447368450E+00 -2.53128778975945110E+01
  9.15262718932443704E+01  8.92883143514272071E+00 -2.29916832926265293E+01
  9.16263552960800496E+01  1.04817294328022648E+01 -2.05975864572828797E+01
  9.17264386989157572E+01  1.40088009435527816E+01 -2.01732072971346241E+01
  9.18265221017514506E+01  1.73648137776568667E+01 -2.29349305822388665E+01
  9.19266055045871440E+01  1.78370123248544381E+01 -2.81886422820026610E+01
  9.20266889074228516E+01  1.38486725609546788E+01 -3.34141591555058071E+01
  9.21267723102585450E+01  6.13837833952699530E+00 -3.55565349738398879E+01
  9.22268557130942384E+01 -2.36580449899860090E+00 -3.27885611159581032E+01
  9.23269391159299317E+01 -7.97526331728631188E+00 -2.56901167352567015E+01
  9.24270225187656251E+01 -8.19207172911508152E+00 -1.71193948683318489E+01
  9.25271059216013327E+01 -3.08889303270088522E+00 -1.08026856137363581E+01
  9.26271893244370261E+01  4.67001758295739755E+00 -9.40269219938257805E+00
  9.27272727272727195E+01  1.11998376979634493E+01 -1.31408597837972501E+01
  9.28273561301084129E+01  1.33930303217508975E+01 -1.97483949168815194E+01
  9.29274395329441063E+01  1.04192372057906937E+01 -2.57436374934520380E+01
  9.30275229357798139E+01  3.93055726946340922E+00 -2.82605485419051199E+01
  9.31276063386155073E+01 -3.03240614040795542E+00 -2.63863526200478731E+01
  9.32276897414512007E+01 -7.71219587082828717E+00 -2.13355025864213310E+01
  9.33277731442868941E+01 -8.92142622827265441E+00 -1.55010448179332059E+01
  9.34278565471225875E+01 -7.30143526225773432E+00 -1.10408015596200659E+01
  9.35279399499582951E+01 -4.55649651000157174E+00 -8.84467190122540536E+00
  9.36280233527939885E+01 -2.25524711209029016E+00 -8.41462590348972661E+00
  9.37281067556296819E+01 -9.77546886941317528E-01 -8.58557285987414964E+00
  9.38281901584653752E+01 -2.82435915045013475E-01 -8.50781278924718265E+00
  9.39282735613010686E+01  5.99203502419429768E-01 -8.20734330033400816E+00
  9.40283569641367762E+01  1.91190399346574313E+00 -8.37947001104218181E+00
  9.41284403669724696E+01  3.00050651018177339E+00 -9.61715418533889910E+00
  9.42285237698081772E+01  2.69561675470833695E+00 -1.16658926700888301E+01
  9.43286071726438564E+01  2.06374749495619791E-01 -1.32773354767415732E+01
  9.44286905754795640E+01 -4.09205093164772205E+00 -1.28281235448852566E+01
  9.45287739783152574E+01 -8.54401841473877433E+00 -9.35285867133325510E+00
  9.46288573811509508E+01 -1.09283791918298654E+01 -3.34232418900371320E+00
  9.47289407839866584E+01 -9.64038310761647566E+00  3.23549001468943498E+00
  9.48290241868223376E+01 -4.66865873003167220E+00  7.78766749593863139E+00
  9.49291075896580452E+01  2.21947547033902159E+00  8.39934870051545523E+00
  9.50291909924937386E+01  8.24093090211799684E+00  4.87807370123326756E+00
  9.51292743953294320E+01  1.09314954413310890E+01 -1.05605698638961520E+00
  9.52293577981651396E+01  9.34284702042675619E+00 -6.56728515038397465E+00
  9.53294412010008188E+01  4.46430053862224874E+00 -9.06824467951033597E+00
  9.54295246038365264E+01 -1.32820600622126062E+00 -7.42236615853454484E+00
  9.55296080066722197E+01 -5.46073783459957607E+00 -2.37346038028759132E+00
  9.56296914095079131E+01 -6.34213061961251512E+00  3.96285410629652057E+00
  9.57297748123436207E+01 -3.94740622936258534E+00  9.21216311120917553E+00
  9.58298582151793141E+01  4.25242624495494215E-01  1.18358792243164217E+01
  9.59299416180150075E+01  4.99097121296810009E+00  1.16495772274434568E+01
  9.60300250208507009E+01  8.37759060734505390E+00  9.58529146316436531E+00
  9.61301084236863943E+01  1.01017659218418885E+01  6.96629966374288223E+00
  9.62301918265221019E+01  1.04630141842103370E+01  4.79019740988525289E+00
  9.63302752293577953E+01  1.00588054684928867E+01  3.41398065756352098E+00
  9.64303586321934887E+01  9.30323472982362887E+00  2.72395497387532526E+00
  9.65304420350291821E+01  8.26045589032254135E+00  2.56309227703851850E+00
  9.66305254378648755E+01  6.85247587918318590E+00  3.05281498181288757E+00
  9.67306088407005831E+01  5.23140733345841547E+00  4.55606252230204589E+00
  9.68306922435362765E+01  3.99277736908953429E+00  7.30452539871089446E+00
  9.69307756463719699E+01  4.01703943415820053E+00  1.09677832432429003E+01
  9.70308590492076632E+01  5.98368802638913966E+00  1.45119144955197665E+01
  9.71309424520433566E+01  9.84629266826952509E+00  1.65324247299338047E+01
  9.72310258548790642E+01  1.46272942837501407E+01  1.59391280568414633E+01
  9.73311092577147576E+01  1.87221548461928400E+01  1.26150555583295283E+01
  9.74311926605504510E+01  2.05972225941778539E+01  7.65090102570220587E+00
  9.75312760633861444E+01  1.95316073385678557E+01  2.98321745117157722E+00
  9.76313594662218378E+01  1.60230104840819045E+01  5.80208340383063459E-01
  9.77314428690575454E+01  1.16376593886423034E+01  1.55075821247714596E+00
  9.78315262718932388E+01  8.34840313508226828E+00  5.60657793261142956E+00
  9.79316096747289322E+01  7.66149660014068434E+00  1.11565986613856207E+01
  9.80316930775646256E+01  9.95330181448145979E+00  1.60084083269843092E+01
  9.81317764804003190E+01  1.43420560027703967E+01  1.83424406101335258E+01
  9.82318598832360266E+01  1.91476465175910597E+01  1.74830263434299198E+01
  9.83319432860717200E+01  2.26902074027575260E+01  1.41003599420210950E+01
  9.84320266889074134E+01  2.40153015109209456E+01  9.78253218394943680E+00
  9.85321100917431068E+01  2.32027705009154310E+01  6.24135532276963900E+00
  9.86321934945788001E+01  2.11627373273108361E+01  4.57015407919972816E+00
  9.87322768974145077E+01  1.90831246113366220E+01  4.89334679875394851E+00
  9.88323603002502011E+01  1.78377210936752135E+01  6.52197094720600301E+00
  9.89324437030858945E+01  1.76565575138450512E+01  8.47698649916518576E+00
  9.90325271059216021E+01  1.82093893862761398E+01  1.00585088846862369E+01
  9.91326105087572813E+01  1.90065794336172509E+01  1.11218093754843075E+01
  9.92326939115929889E+01  1.98181950762114205E+01  1.19193013263372904E+01
  9.93327773144286823E+01  2.08113539057123056E+01  1.26718622503756322E+01
  9.94328607172643757E+01  2.23225416902471849E+01  1.32178306740020304E+01
  9.95329441201000833E+01  2.44498584730788764E+01  1.30154873681568493E+01
  9.96330275229357625E+01  2.67738150160233381E+01  1.15134601685770761E+01
  9.97331109257714701E+01  2.84275283700217400E+01  8.64870832896831487E+00
  9.98331943286071635E+01  2.85193571646265056E+01  5.13895321302850050E+00
  9.99332777314428569E+01  2.66954069475867612E+01  2.33507551804380542E+00
  1.00033361134278564E+02  2.35153536802339467E+01  1.62959097510335260E+00
  1.00133444537114244E+02  2.03650781046850682E+01  3.68487609044416153E+00
  1.00233527939949951E+02  1.88604187313197826E+01  7.91450633739035858E+00
  1.00333611342785645E+02  2.00121811150691542E+01  1.25811329839282102E+01
  1.00433694745621338E+02  2.36176530617007963E+01  1.55496538196299365E+01
  1.00533778148457046E+02  2.82591451580150022E+01  1.53394623797759238E+01
  1.00633861551292725E+02  3.19600356327501309E+01  1.19115237702741101E+01
  1.00733944954128432E+02  3.31718903638831506E+01  6.74149186642211173E+00
  1.00834028356964126E+02  3.15646145841072325E+01  2.10831707240539412E+00
  1.00934111759799819E+02  2.81853643346167075E+01 -4.31922736453642098E-02
  1.01034195162635527E+02  2.48896354015978858E+01  9.30246667683299333E-01
  1.01134278565471220E+02  2.33408764118181189E+01  4.08982255221557978E+00
  1.01234361968306914E+02  2.41218672899879998E+01  7.48617466974001555E+00
  1.01334445371142607E+02  2.64712158388026069E+01  9.28329345976894871E+00
  1.01434528773978315E+02  2.88210319444964256E+01  8.78823583374052220E+00
  1.01534612176814008E+02  2.98146356963148769E+01  6.75871213402436410E+00
  1.01634695579649701E+02  2.91558438788024006E+01  4.80278038159362275E+00
  1.01734778982485395E+02  2.77469836425937864E+01  4.27042669881613790E+00
  1.01834862385321088E+02  2.70393022028107843E+01  5.35042920125026367E+00
  1.01934945788156796E+02  2.80141517646644438E+01  6.93891689187136418E+00
  1.02035029190992489E+02  3.04388912741717945E+01  7.36901688934840315E+00
  1.02135112593828183E+02  3.28908086219689864E+01  5.56577122024615356E+00
  1.02235195996663876E+02  3.35903723597914237E+01  1.90264720977526181E+00
  1.02335279399499569E+02  3.15704726036218304E+01 -1.82655442026567494E+00
  1.02435362802335277E+02  2.74493299839309053E+01 -3.38489298158605001E+00
  1.02535446205170970E+02  2.32655199342952095E+01 -1.47646618500295945E+00
  1.02635529608006664E+02  2.13900261205756586E+01  3.31248246221129117E+00
  1.02735613010842371E+02  2.31240645128752114E+01  8.65194217564321910E+00
  1.02835696413678050E+02  2.78370301259164563E+01  1.16822175424550245E+01
  1.02935779816513758E+02  3.32070348213409261E+01  1.06240751893966543E+01
  1.03035863219349451E+02  3.64660025313760201E+01  5.83518995951597397E+00
  1.03135946622185145E+02  3.59422635245099613E+01 -3.27093193141155147E-01
  1.03236030025020852E+02  3.20051727351761457E+01 -4.78564108654892451E+00
  1.03336113427856532E+02  2.68484552390899012E+01 -5.44891973275971164E+00
  1.03436196830692239E+02  2.32164624375207502E+01 -2.35884979833911101E+00
  1.03536280233527933E+02  2.28108167913037185E+01  2.40094150677101714E+00
  1.03636363636363626E+02  2.53334160666529442E+01  5.99486943550965812E+00
  1.03736447039199334E+02  2.87593954938135070E+01  6.55096140294832185E+00
  1.03836530442035013E+02  3.06805519465669470E+01  4.25034413355130880E+00
  1.03936613844870720E+02  2.98774197205581302E+01  1.11162731143508831E+00
  1.04036697247706428E+02  2.71136271102400279E+01 -3.94584652587631368E-01
  1.04136780650542107E+02  2.46253263813553325E+01  9.78096987599721968E-01
  1.04236864053377801E+02  2.46048882195654954E+01  4.36031781808434982E+00
  1.04336947456213494E+02  2.76318436493613930E+01  7.25917807661337378E+00
  1.04437030859049202E+02  3.20793648274819674E+01  7.17373112280871617E+00
  1.04537114261884895E+02  3.49577648568054329E+01  3.34398962811978562E+00
  1.04637197664720588E+02  3.37601963109759993E+01 -2.50167423376657316E+00
  1.04737281067556296E+02  2.81926077687918095E+01 -6.96508040916119775E+00
  1.04837364470391989E+02  2.06603166157829605E+01 -6.95593308967369062E+00
  1.04937447873227683E+02  1.50998015163974877E+01 -1.65554347738214358E+00
  1.05037531276063390E+02  1.47635522777514332E+01  6.76477854604995965E+00
  1.05137614678899084E+02  2.02542642517262621E+01  1.41872802314602620E+01
  1.05237698081734763E+02  2.90151756026330609E+01  1.68042304135463532E+01
  1.05337781484570456E+02  3.66413407789360690E+01  1.32788666128662154E+01
  1.05437864887406164E+02  3.92865276840337074E+01  5.53004199639594951E+00
  1.05537948290241857E+02  3.57726992974548423E+01 -2.33531524948769986E+00
  1.05638031693077551E+02  2.81713960589792194E+01 -6.32172988633176214E+00
  1.05738115095913258E+02  2.05273786567292547E+01 -4.72320064324672728E+00
  1.05838198498748952E+02  1.65064015632066017E+01  1.09668184879798347E+00
  1.05938281901584645E+02  1.73927158583971107E+01  7.73818792763825947E+00
  1.06038365304420353E+02  2.16199352149776871E+01  1.19126607336797559E+01
  1.06138448707256046E+02  2.60414060471585636E+01  1.23460155490028711E+01
  1.06238532110091725E+02  2.80661343156051970E+01  1.02863121392387189E+01
  1.06338615512927419E+02  2.72776290736190852E+01  8.37254847374636135E+00
  1.06438698915763126E+02  2.55109382648863239E+01  8.65928100537610668E+00
  1.06538782318598820E+02  2.53630593632645649E+01  1.11220873726751712E+01
  1.06638865721434513E+02  2.81401883234322518E+01  1.36555105666960266E+01
  1.06738949124270221E+02  3.26455736225327442E+01  1.35986875039633439E+01
  1.06839032527105914E+02  3.57046449166514819E+01  9.79923505831934705E+00
  1.06939115929941607E+02  3.42057895133343379E+01  3.81405478391904307E+00
  1.07039199332777315E+02  2.73991465267116894E+01 -6.65121211718569971E-01
  1.07139282735613008E+02  1.79178643107449602E+01  4.80563518166286785E-02
  1.07239366138448716E+02  1.07015004833188740E+01  7.19701505913433515E+00
  1.07339449541284381E+02  1.03024445098715542E+01  1.84066631989567817E+01
  1.07439532944120089E+02  1.81196645540618881E+01  2.86254947876628414E+01
  1.07539616346955782E+02  3.12452711635319140E+01  3.27691434056160631E+01
  1.07639699749791475E+02  4.37262563603198302E+01  2.85879953587798141E+01
  1.07739783152627183E+02  4.96417684784588573E+01  1.80731571730188953E+01
  1.07839866555462876E+02  4.62880860594572781E+01  6.51297148891092892E+00
  1.07939949958298584E+02  3.56336337659354854E+01 -3.17757481973731659E-01
  1.08040033361134277E+02  2.31876858537200370E+01  7.70892882832898918E-01
  1.08140116763969971E+02  1.49513826284572353E+01  8.82599194890617689E+00
  1.08240200166805678E+02  1.42490705923401944E+01  1.95659167777610108E+01
  1.08340283569641343E+02  2.02679160693428777E+01  2.79906560411564485E+01
  1.08440366972477051E+02  2.90488221095072596E+01  3.11550798381702023E+01
  1.08540450375312744E+02  3.61605658944877817E+01  2.94522747220603023E+01
  1.08640533778148438E+02  3.93088045369763606E+01  2.57614773689927929E+01
  1.08740617180984145E+02  3.92806979818224136E+01  2.31789449337362718E+01
  1.08840700583819839E+02  3.87656198868087287E+01  2.29001762360307595E+01
  1.08940783986655546E+02  3.99771433190867000E+01  2.36493437852755619E+01
  1.09040867389491240E+02  4.27662286903049278E+01  2.29892866515125149E+01
  1.09140950792326933E+02  4.45804613937093848E+01  1.95641963145341151E+01
  1.09241034195162641E+02  4.23775314119639859E+01  1.46514408424268812E+01
  1.09341117597998334E+02  3.52277008070688211E+01  1.18056609834866411E+01
  1.09441201000834013E+02  2.57619343647106049E+01  1.46490032471351732E+01
  1.09541284403669707E+02  1.92777644117930009E+01  2.41722835920518122E+01
  1.09641367806505400E+02  2.08189358181743138E+01  3.73701991314357684E+01
  1.09741451209341108E+02  3.19242099340146446E+01  4.82958681645049666E+01
  1.09841534612176801E+02  4.90903317792674585E+01  5.11334973798711090E+01
  1.09941618015012509E+02  6.50714014318095479E+01  4.35838709365972505E+01
  1.10041701417848202E+02  7.24814911854387987E+01  2.85440942068571388E+01
  1.10141784820683895E+02  6.77484426926967558E+01  1.29616669926529102E+01
  1.10241868223519603E+02  5.32318877607243337E+01  4.36861937906100906E+00
  1.10341951626355296E+02  3.61118637292534004E+01  6.91899159440853762E+00
  1.10442035029190990E+02  2.46466091960755946E+01  1.92410424289811388E+01
  1.10542118432026669E+02  2.39183097499314563E+01  3.53178318062288596E+01
  1.10642201834862362E+02  3.34617297487459382E+01  4.78422014883949771E+01
  1.10742285237698070E+02  4.80279087053600975E+01  5.20594852157777055E+01
  1.10842368640533763E+02  6.08594121932112273E+01  4.78923648357539378E+01
  1.10942452043369471E+02  6.74123525611023950E+01  3.92649925670652706E+01
  1.11042535446205164E+02  6.73354830681750087E+01  3.12793767753661704E+01
  1.11142618849040858E+02  6.37332360366973347E+01  2.71386280595218849E+01
  1.11242702251876565E+02  6.04712883183573311E+01  2.67132486292009759E+01
  1.11342785654712259E+02  5.94367419808860191E+01  2.74794377151831313E+01
  1.11442869057547952E+02  5.95663241652712969E+01  2.69929671031404403E+01
  1.11542952460383631E+02  5.82012220842270693E+01  2.50771760996923199E+01
  1.11643035863219339E+02  5.37156326907198718E+01  2.41322030979840889E+01
  1.11743119266055032E+02  4.74606711474663285E+01  2.72935265335179622E+01
  1.11843202668890726E+02  4.35059671694939993E+01  3.57069822536889490E+01
  1.11943286071726433E+02  4.61716546070553946E+01  4.68806657005281551E+01
  1.12043369474562127E+02  5.68981411659427678E+01  5.54322058963545246E+01
  1.12143452877397820E+02  7.25553198352454274E+01  5.59945314730589487E+01
  1.12243536280233528E+02  8.64790268625980332E+01  4.65870461717242463E+01
  1.12343619683069221E+02  9.18471664399039582E+01  3.03374230304233272E+01
  1.12443703085904914E+02  8.55115780768711460E+01  1.43398577666761362E+01
  1.12543786488740622E+02  7.00208373871953711E+01  6.12836771332634900E+00
  1.12643869891576301E+02  5.25619356376006834E+01  9.70064215553007259E+00
  1.12743953294411995E+02  4.13315655135947608E+01  2.33535797419780096E+01
  1.12844036697247688E+02  4.13498986310830787E+01  4.05735220638434768E+01
  1.12944120100083396E+02  5.20459863942605310E+01  5.34660508902493063E+01
  1.13044203502919089E+02  6.78895728977155244E+01  5.67684656583049829E+01
  1.13144286905754782E+02  8.15708615224757807E+01  5.02221012714427175E+01
  1.13244370308590490E+02  8.78153217395267234E+01  3.81208429653396692E+01
  1.13344453711426183E+02  8.56923155070243752E+01  2.65284700444853279E+01
  1.13444537114261877E+02  7.83094194325698680E+01  1.99417502959834536E+01
  1.13544620517097584E+02  7.03865937625416080E+01  1.93261856778487662E+01
  1.13644703919933264E+02  6.53796024115067382E+01  2.24547054793269290E+01
  1.13744787322768957E+02  6.38996929929130530E+01  2.60186770486141121E+01
  1.13844870725604650E+02  6.41955198346289109E+01  2.79689823498802141E+01
  1.13944954128440358E+02  6.40958936822916883E+01  2.85646336449866460E+01
  1.14045037531276051E+02  6.29263404830562294E+01  2.95837238837193617E+01
  1.14145120934111745E+02  6.20460080766889988E+01  3.24227998857631832E+01
  1.14245204336947452E+02  6.36785469942500129E+01  3.65383171485142952E+01
  1.14345287739783146E+02  6.89203783273916457E+01  3.94014402930367993E+01
  1.14445371142618839E+02  7.63866043448456935E+01  3.80637697516738740E+01
  1.14545454545454547E+02  8.25321952827989094E+01  3.13049437703869771E+01
  1.14645537948290240E+02  8.35671051811420966E+01  2.08979693493854235E+01
  1.14745621351125919E+02  7.78087284850551555E+01  1.10580134969874173E+01
  1.14845704753961613E+02  6.69776168897428335E+01  6.28849933556544283E+00
  1.14945788156797320E+02  5.55593875341702059E+01  8.86897473647962720E+00
  1.15045871559633014E+02  4.85338251545559061E+01  1.74860406825374781E+01
  1.15145954962468707E+02  4.87652799813766222E+01  2.78356088563018993E+01
  1.15246038365304415E+02  5.55448628640451503E+01  3.48553784213657565E+01
  1.15346121768140108E+02  6.50778231460479617E+01  3.53061407339339652E+01
  1.15446205170975816E+02  7.25691186810013420E+01  2.92648338781411219E+01
  1.15546288573811509E+02  7.46726290412919695E+01  1.97808199445343860E+01
  1.15646371976647202E+02  7.09478000386621233E+01  1.10309337434701078E+01
  1.15746455379482910E+02  6.36393124740038445E+01  6.12319153798225457E+00
  1.15846538782318575E+02  5.61061997247155588E+01  5.77885632324625931E+00
  1.15946622185154283E+02  5.09471508916305353E+01  8.48170680203623562E+00
  1.16046705587989976E+02  4.88983008005533151E+01  1.17737019587198386E+01
  1.16146788990825669E+02  4.89774791722265661E+01  1.37692542740480199E+01
  1.16246872393661377E+02  4.95499949811910270E+01  1.39817878823045678E+01
  1.16346955796497070E+02  4.94987872118772927E+01  1.31144975980488905E+01
  1.16447039199332778E+02  4.87549179791423271E+01  1.21573594380843719E+01
  1.16547122602168471E+02  4.79690358782294837E+01  1.15152059715842618E+01
  1.16647206005004165E+02  4.77003888807038408E+01  1.07629486341103764E+01
  1.16747289407839872E+02  4.77784522395428795E+01  9.12102147479468606E+00
  1.16847372810675537E+02  4.73035624625287170E+01  6.23233540048828516E+00
  1.16947456213511245E+02  4.52655508293020858E+01  2.64036789976450104E+00
  1.17047539616346938E+02  4.13228211030033705E+01 -3.91388202144536790E-01
  1.17147623019182632E+02  3.61844283974851137E+01 -1.60806520205204651E+00
  1.17247706422018339E+02  3.13174926996945722E+01 -5.56131501368863135E-01
  1.17347789824854033E+02  2.81549007404148668E+01  2.08087060798259804E+00
  1.17447873227689740E+02  2.72986667891544279E+01  4.82010696578502706E+00
  1.17547956630525434E+02  2.82033538131561201E+01  6.17776794314445787E+00
  1.17648040033361127E+02  2.95097632928105504E+01  5.44191653910926831E+00
  1.17748123436196835E+02  2.98002713937942119E+01  2.97732976467561850E+00
  1.17848206839032528E+02  2.83167415961223625E+01 -7.20199058822346833E-02
  1.17948290241868207E+02  2.52464163349021042E+01 -2.45546194469464796E+00
  1.18048373644703901E+02  2.14736932792857651E+01 -3.44583399895029130E+00
  1.18148457047539608E+02  1.80141530314023370E+01 -3.08970931663949377E+00
  1.18248540450375302E+02  1.54944910812319527E+01 -2.00812386361205109E+00
  1.18348623853210995E+02  1.39521089560941647E+01 -9.45775897172683733E-01
  1.18448707256046703E+02  1.29925761560876225E+01 -3.71079766602762762E-01
  1.18548790658882396E+02  1.21299348768429507E+01 -3.35268374476741682E-01
  1.18648874061718089E+02  1.10697509730728978E+01 -5.99861397449765410E-01
  1.18748957464553797E+02  9.78911185128160177E+00 -8.81012303188066004E-01
  1.18849040867389490E+02  8.42988729284527594E+00 -1.02921649954997729E+00
  1.18949124270225170E+02  7.13363485904074679E+00 -1.05474878605189604E+00
  1.19049207673060863E+02  5.94655904327014895E+00 -1.03592972240166037E+00
  1.19149291075896571E+02  4.83648713137804176E+00 -1.01601966077590111E+00
  1.19249374478732264E+02  3.77056794522660343E+00 -9.71125036162120647E-01
  1.19349457881567957E+02  2.77056327338392405E+00 -8.53744810303608381E-01
  1.19449541284403665E+02  1.90220461221435144E+00 -6.54164515621963760E-01
  1.19549624687239358E+02  1.22072036660125804E+00 -4.19601191385884420E-01
  1.19649708090075052E+02  7.29071618487858397E-01 -2.19053807257805044E-01
  1.19749791492910759E+02  3.85775280978018664E-01 -9.21695648179717553E-02
  1.19849874895746453E+02  1.49919462496772127E-01 -3.03337343893812054E-02
  1.19949958298582146E+02  1.81177169750952327E-02 -3.90491894031515154E-03
# pulse generated by run 3636 (HOL02302)
