# OCT iter       1000;   J_T =   5.367238810491E-03;   pulse_id =          2                                                                                                                                                                                   
#               time [ns]            Re(ampl) [au]            Im(ampl) [au]                                                                                                                                                                                    
  3.75375375375375381E-02  3.40875926087221698E-04  0.00000000000000000E+00
  1.12612612612612600E-01  3.52465872921346257E-04 -5.42683172831813305E-08
  1.87687687687687704E-01  3.65630070832892917E-04 -5.76626329268776492E-07
  2.62762762762762780E-01  3.80843961359099328E-04 -2.37437998462340090E-06
  3.37837837837837829E-01  3.98128772382538387E-04 -6.48947250575589387E-06
  4.12912912912912933E-01  4.16941666468590539E-04 -1.39412984470700384E-05
  4.87987987987987926E-01  4.36206007554911033E-04 -2.54238713472138650E-05
  5.63063063063062974E-01  4.54498881664949501E-04 -4.10355911836350956E-05
  6.38138138138138133E-01  4.70368017799151564E-04 -6.01234321311434975E-05
  7.13213213213213182E-01  4.82707890730950124E-04 -8.13010082624677903E-05
  7.88288288288288341E-01  4.91099510905618208E-04 -1.02656468883744915E-04
  8.63363363363363390E-01  4.96019868059558583E-04 -1.22113876764072939E-04
  9.38438438438438438E-01  4.98856467775947313E-04 -1.37866618215959732E-04
  1.01351351351351360E+00  5.01712046086278860E-04 -1.48777786750566607E-04
  1.08858858858858865E+00  5.07039836747255612E-04 -1.54648142378416146E-04
  1.16366366366366392E+00  5.17194230561558136E-04 -1.56285765732144236E-04
  1.23873873873873874E+00  5.34002310993968317E-04 -1.55362801593281967E-04
  1.31381381381381379E+00  5.58453213090918162E-04 -1.54098370302907208E-04
  1.38888888888888906E+00  5.90568277354356903E-04 -1.54847329793580930E-04
  1.46396396396396411E+00  6.29466770993182241E-04 -1.59691416181116967E-04
  1.53903903903903916E+00  6.73594183118047651E-04 -1.70119576284096685E-04
  1.61411411411411421E+00  7.21045991269443826E-04 -1.86853359673600698E-04
  1.68918918918918903E+00  7.69907146020835085E-04 -2.09832082812073055E-04
  1.76426426426426430E+00  8.18536886987918577E-04 -2.38333782777377581E-04
  1.83933933933933913E+00  8.65753935067204794E-04 -2.71181941513276526E-04
  1.91441441441441418E+00  9.10908877421705374E-04 -3.06979513560656921E-04
  1.98948948948948945E+00  9.53858746041380610E-04 -3.44319879306840279E-04
  2.06456456456456472E+00  9.94876351303889848E-04 -3.81943255011603670E-04
  2.13963963963963932E+00  1.03453138526391300E-03 -4.18829039054576153E-04
  2.21471471471471482E+00  1.07357363179313558E-03 -4.54232530001318926E-04
  2.28978978978978986E+00  1.11283573229632358E-03 -4.87684190304173842E-04
  2.36486486486486447E+00  1.15315954269586151E-03 -5.18970477231053611E-04
  2.43993993993993996E+00  1.19534064415794707E-03 -5.48109541203232044E-04
  2.51501501501501501E+00  1.24008210652703003E-03 -5.75326694875097269E-04
  2.59009009009009006E+00  1.28795068942282368E-03 -6.01027318732092657E-04
  2.66516516516516511E+00  1.33933403643950546E-03 -6.25761311771204191E-04
  2.74024024024024015E+00  1.39440316034599322E-03 -6.50173981272386030E-04
  2.81531531531531520E+00  1.45308818301782177E-03 -6.74942382157435569E-04
  2.89039039039039025E+00  1.51507561164594055E-03 -7.00701566348370841E-04
  2.96546546546546530E+00  1.57983248524501776E-03 -7.27969854860042857E-04
  3.04054054054054079E+00  1.64665765886599078E-03 -7.57084543008214339E-04
  3.11561561561561540E+00  1.71475496031352008E-03 -7.88158783984021214E-04
  3.19069069069069089E+00  1.78331852654941918E-03 -8.21067116031721643E-04
  3.26576576576576638E+00  1.85161835543952696E-03 -8.55462232717741863E-04
  3.34084084084084099E+00  1.91907432807184660E-03 -8.90820445990073064E-04
  3.41591591591591603E+00  1.98530932770835328E-03 -9.26509036361829728E-04
  3.49099099099099153E+00  2.05017579865503750E-03 -9.61866099048161406E-04
  3.56606606606606613E+00  2.11375416571057051E-03 -9.96282831231154681E-04
  3.64114114114114118E+00  2.17632507612294324E-03 -1.02927922233488653E-03
  3.71621621621621667E+00  2.23906465468771791E-03 -1.06165685406845139E-03
  3.79129129129129128E+00  2.30309258131160570E-03 -1.09439567945517828E-03
  3.86636636636636721E+00  2.36863674412580300E-03 -1.12742231383198221E-03
  3.94144144144144182E+00  2.43594153788946567E-03 -1.16074037549493414E-03
  4.01651651651651687E+00  2.50523703007097392E-03 -1.19442510340657610E-03
  4.09159159159159191E+00  2.57671565961067883E-03 -1.22860826515375351E-03
  4.16666666666666696E+00  2.65051798799008842E-03 -1.26345766545391067E-03
  4.24174174174174201E+00  2.72672748950675021E-03 -1.29915508533763515E-03
  4.31681681681681706E+00  2.80537329227315176E-03 -1.33587571826285180E-03
  4.39189189189189211E+00  2.88643912268486550E-03 -1.37377129228826692E-03
  4.46696696696696716E+00  2.96987639774427738E-03 -1.41295819609849179E-03
  4.54204204204204220E+00  3.05561937750030996E-03 -1.45351113815279996E-03
  4.61711711711711725E+00  3.14360046176916444E-03 -1.49546220762935872E-03
  4.69219219219219230E+00  3.23376402583195385E-03 -1.53880469509825300E-03
  4.76726726726726824E+00  3.32607758218990196E-03 -1.58350067544983848E-03
  4.84234234234234240E+00  3.42053948200914939E-03 -1.62949114933759118E-03
  4.91741741741741745E+00  3.51718279194691234E-03 -1.67670746790833029E-03
  4.99249249249249338E+00  3.61607536977084747E-03 -1.72508280911839833E-03
  5.06756756756756754E+00  3.71731649410514528E-03 -1.77456260966321264E-03
  5.14264264264264259E+00  3.82103066593623758E-03 -1.82511306069138850E-03
  5.21771771771771853E+00  3.92735938488656452E-03 -1.87672702490822643E-03
  5.29279279279279269E+00  4.03645180957204561E-03 -1.92942700598674869E-03
  5.36786786786786774E+00  4.14845524029034112E-03 -1.98326507910802667E-03
  5.44294294294294367E+00  4.26350631837963540E-03 -2.03831995664690950E-03
  5.51801801801801872E+00  4.38172372678409874E-03 -2.09469159982748681E-03
  5.59309309309309288E+00  4.50320301011763145E-03 -2.15249398131758373E-03
  5.66816816816816882E+00  4.62801392222706148E-03 -2.21184674258591849E-03
  5.74324324324324387E+00  4.75620047061503862E-03 -2.27286656331044746E-03
  5.81831831831831803E+00  4.88778357893423273E-03 -2.33565906201405656E-03
  5.89339339339339396E+00  5.02276605211870227E-03 -2.40031197667567482E-03
  5.96846846846846901E+00  5.16113932489621532E-03 -2.46689023719480136E-03
  6.04354354354354406E+00  5.30289132253348137E-03 -2.53543335106715204E-03
  6.11861861861861911E+00  5.44801467694412504E-03 -2.60595529828662508E-03
  6.19369369369369416E+00  5.59651452890983295E-03 -2.67844689411361140E-03
  6.26876876876876921E+00  5.74841520710278348E-03 -2.75288035276162859E-03
  6.34384384384384425E+00  5.90376519785074105E-03 -2.82921559289038256E-03
  6.41891891891891930E+00  6.06263999076754167E-03 -2.90740768372849774E-03
  6.49399399399399435E+00  6.22514258529111280E-03 -2.98741474861654232E-03
  6.56906906906906851E+00  6.39140165176493597E-03 -3.06920562352427408E-03
  6.64414414414414356E+00  6.56156753967153741E-03 -3.15276660809130343E-03
  6.71921921921921950E+00  6.73580650019507763E-03 -3.23810673784090224E-03
  6.79429429429429366E+00  6.91429362982949949E-03 -3.32526113778085003E-03
  6.86936936936936871E+00  7.09720513941576592E-03 -3.41429217823281325E-03
  6.94444444444444464E+00  7.28471060475493256E-03 -3.50528833224927373E-03
  7.01951951951951880E+00  7.47696585859345796E-03 -3.59836081958242286E-03
  7.09459459459459385E+00  7.67410713840262996E-03 -3.69363830391823992E-03
  7.16966966966966979E+00  7.87624701063226879E-03 -3.79126007623979038E-03
  7.24474474474474395E+00  8.08347245319336084E-03 -3.89136829494398512E-03
  7.31981981981981900E+00  8.29584530079778039E-03 -3.99409994943925473E-03
  7.39489489489489493E+00  8.51340505424242645E-03 -4.09957925620426517E-03
  7.46996996996996998E+00  8.73617384147958378E-03 -4.20791117582006591E-03
  7.54504504504504414E+00  8.96416311586246267E-03 -4.31917665316007386E-03
  7.62012012012012008E+00  9.19738150719073486E-03 -4.43343003514698724E-03
  7.69519519519519513E+00  9.43584312413364885E-03 -4.55069892381178894E-03
  7.77027027027026929E+00  9.67957555700968246E-03 -4.67098649648909486E-03
  7.84534534534534522E+00  9.92862685449046392E-03 -4.79427609408721034E-03
  7.92042042042042116E+00  1.01830708439474126E-02 -4.92053766765955091E-03
  7.99549549549549443E+00  1.04430103213363663E-02 -5.04973550524118360E-03
  8.07057057057057037E+00  1.07085778343514060E-02 -5.18183655122725437E-03
  8.14564564564564542E+00  1.09799340000957691E-02 -5.31681858755854182E-03
  8.22072072072072046E+00  1.12572635136679294E-02 -5.45467756951177867E-03
  8.29579579579579551E+00  1.15407691977397180E-02 -5.59543349192922774E-03
  8.37087087087087056E+00  1.18306646010999921E-02 -5.73913429265048361E-03
  8.44594594594594561E+00  1.21271657671794056E-02 -5.88585746509286221E-03
  8.52102102102102066E+00  1.24304828571996408E-02 -6.03570923776826623E-03
  8.59609609609609571E+00  1.27408123253508216E-02 -6.18882137252848262E-03
  8.67117117117117076E+00  1.30583303056506853E-02 -6.34534582410916943E-03
  8.74624624624624580E+00  1.33831877833503234E-02 -6.50544768008633201E-03
  8.82132132132132085E+00  1.37155079908123940E-02 -6.66929695117949011E-03
  8.89639639639639590E+00  1.40553862940612732E-02 -6.83705989463383526E-03
  8.97147147147147095E+00  1.44028926309608864E-02 -7.00889061575421437E-03
  9.04654654654654600E+00  1.47580763393680911E-02 -7.18492369372059850E-03
  9.12162162162162105E+00  1.51209729926599836E-02 -7.36526851086816495E-03
  9.19669669669669609E+00  1.54916126631330173E-02 -7.55000582960429437E-03
  9.27177177177177114E+00  1.58700288838312942E-02 -7.73918696640558176E-03
  9.34684684684684619E+00  1.62562674961171660E-02 -7.93283567493292645E-03
  9.42192192192192124E+00  1.66503945665973513E-02 -8.13095259439408982E-03
  9.49699699699699806E+00  1.70525026360883944E-02 -8.33352187296055279E-03
  9.57207207207207134E+00  1.74627147176850163E-02 -8.54051936706290427E-03
  9.64714714714714638E+00  1.78811856735072681E-02 -8.75192166883473864E-03
  9.72222222222222321E+00  1.83081008462506641E-02 -8.96771514084353065E-03
  9.79729729729729648E+00  1.87436720751281184E-02 -9.18790414465929343E-03
  9.87237237237237153E+00  1.91881314602163344E-02 -9.41251773314646586E-03
  9.94744744744744835E+00  1.96417234331653402E-02 -9.64161422311172848E-03
  1.00225225225225216E+01  2.01046958308542037E-02 -9.87528325758078862E-03
  1.00975975975975967E+01  2.05772907440767566E-02 -1.01136451860724761E-02
  1.01726726726726735E+01  2.10597359240795208E-02 -1.03568478179645700E-02
  1.02477477477477468E+01  2.15522374787296966E-02 -1.06050608216393932E-02
  1.03228228228228218E+01  2.20549744832108825E-02 -1.08584682362680984E-02
  1.03978978978978986E+01  2.25680959753643551E-02 -1.11172597216201100E-02
  1.04729729729729719E+01  2.30917206127546661E-02 -1.13816212834958446E-02
  1.05480480480480470E+01  2.36259390490115156E-02 -1.16517262689787553E-02
  1.06231231231231238E+01  2.41708188555397330E-02 -1.19277274193849304E-02
  1.06981981981981971E+01  2.47264115887531923E-02 -1.22097506956009971E-02
  1.07732732732732721E+01  2.52927614023773402E-02 -1.24978914515721257E-02
  1.08483483483483489E+01  2.58699144493305215E-02 -1.27922133347192959E-02
  1.09234234234234222E+01  2.64579282264140909E-02 -1.30927500518910923E-02
  1.09984984984984973E+01  2.70568800005630064E-02 -1.33995098773604677E-02
  1.10735735735735741E+01  2.76668735231444078E-02 -1.37124825209298563E-02
  1.11486486486486474E+01  2.82880433850323486E-02 -1.40316477460537166E-02
  1.12237237237237242E+01  2.89205565771374941E-02 -1.43569849542153696E-02
  1.12987987987987992E+01  2.95646110783561629E-02 -1.46884828510834269E-02
  1.13738738738738725E+01  3.02204315702412629E-02 -1.50261482928680627E-02
  1.14489489489489493E+01  3.08882626479762556E-02 -1.53700134796585682E-02
  1.15240240240240244E+01  3.15683601345569664E-02 -1.57201408098374407E-02
  1.15990990990990976E+01  3.22609812870884721E-02 -1.60766249222120579E-02
  1.16741741741741745E+01  3.29663747937127133E-02 -1.64395917110045330E-02
  1.17492492492492495E+01  3.36847714860943684E-02 -1.68091943800768757E-02
  1.18243243243243228E+01  3.44163766318680217E-02 -1.71856068812061974E-02
  1.18993993993993996E+01  3.51613645278456149E-02 -1.75690153306328582E-02
  1.19744744744744747E+01  3.59198758999619422E-02 -1.79596081935942571E-02
  1.20495495495495497E+01  3.66920183495448513E-02 -1.83575661470767176E-02
  1.21246246246246248E+01  3.74778697939583197E-02 -1.87630525622591478E-02
  1.21996996996996998E+01  3.82774845636044206E-02 -1.91762054852704471E-02
  1.22747747747747749E+01  3.90909015678105320E-02 -1.95971318444329926E-02
  1.23498498498498499E+01  3.99181537561615271E-02 -2.00259043919268909E-02
  1.24249249249249250E+01  4.07592779975279110E-02 -2.04625616246414364E-02
  1.25000000000000000E+01  4.16143244827252706E-02 -2.09071106542673586E-02
  1.25750750750750750E+01  4.24833648221920462E-02 -2.13595327405677049E-02
  1.26501501501501501E+01  4.33664981409943723E-02 -2.18197909875118938E-02
  1.27252252252252251E+01  4.42638546482608183E-02 -2.22878395422800163E-02
  1.28003003003003002E+01  4.51755963561493862E-02 -2.27636335337238170E-02
  1.28753753753753752E+01  4.61019148300513479E-02 -2.32471389335217986E-02
  1.29504504504504503E+01  4.70430260609536049E-02 -2.37383415117869735E-02
  1.30255255255255271E+01  4.79991627635358575E-02 -2.42372540854854795E-02
  1.31006006006006004E+01  4.89705646218392895E-02 -2.47439213277543743E-02
  1.31756756756756772E+01  4.99574672240904391E-02 -2.52584215329026071E-02
  1.32507507507507523E+01  5.09600906322387123E-02 -2.57808649327941272E-02
  1.33258258258258255E+01  5.19786286873152661E-02 -2.63113884463321776E-02
  1.34009009009009024E+01  5.30132402147757351E-02 -2.68501471082623899E-02
  1.34759759759759774E+01  5.40640432201959162E-02 -2.73973028342483459E-02
  1.35510510510510507E+01  5.51311129259874078E-02 -2.79530115771943581E-02
  1.36261261261261275E+01  5.62144840957175540E-02 -2.85174102380969276E-02
  1.37012012012012026E+01  5.73141575658802360E-02 -2.90906048357152773E-02
  1.37762762762762758E+01  5.84301103361789670E-02 -2.96726613574776477E-02
  1.38513513513513526E+01  5.95623080640521052E-02 -3.02636003965134522E-02
  1.39264264264264277E+01  6.07107184729240787E-02 -3.08633961682466679E-02
  1.40015015015015010E+01  6.18753240928869297E-02 -3.14719798878080048E-02
  1.40765765765765778E+01  6.30561329292717021E-02 -3.20892469016861789E-02
  1.41516516516516528E+01  6.42531860547941730E-02 -3.27150665283340164E-02
  1.42267267267267261E+01  6.54665616417172136E-02 -3.33492933610019665E-02
  1.43018018018018029E+01  6.66963754568834083E-02 -3.39917788444893121E-02
  1.43768768768768780E+01  6.79427782077483694E-02 -3.46423822020010957E-02
  1.44519519519519513E+01  6.92059502745749067E-02 -3.53009801420136535E-02
  1.45270270270270281E+01  7.04860942944696978E-02 -3.59674750742341523E-02
  1.46021021021021031E+01  7.17834258621272842E-02 -3.66418016872461644E-02
  1.46771771771771800E+01  7.30981624242965922E-02 -3.73239316370641491E-02
  1.47522522522522532E+01  7.44305104241670401E-02 -3.80138758124007811E-02
  1.48273273273273283E+01  7.57806510020375274E-02 -3.87116833196443147E-02
  1.49024024024024051E+01  7.71487250829344384E-02 -3.94174361633559678E-02
  1.49774774774774784E+01  7.85348193608768480E-02 -4.01312387693183656E-02
  1.50525525525525534E+01  7.99389553011536358E-02 -4.08532021038934406E-02
  1.51276276276276302E+01  8.13610835624046930E-02 -4.15834231414655559E-02
  1.52027027027027035E+01  8.28010859713266961E-02 -4.23219616209800087E-02
  1.52777777777777786E+01  8.42587862788505837E-02 -4.30688170951932514E-02
  1.53528528528528554E+01  8.57339694909832750E-02 -4.38239098628852575E-02
  1.54279279279279304E+01  8.72264078929939207E-02 -4.45870692157948126E-02
  1.55030030030030037E+01  8.87358903909888502E-02 -4.53580314423881262E-02
  1.55780780780780805E+01  9.02622509088346070E-02 -4.61364483636632350E-02
  1.56531531531531556E+01  9.18053916030078937E-02 -4.69219052108378332E-02
  1.57282282282282289E+01  9.33652976556733211E-02 -4.77139449023335840E-02
  1.58033033033033057E+01  9.49420421513702262E-02 -4.85120947328432015E-02
  1.58783783783783807E+01  9.65357815628759691E-02 -4.93158914665303219E-02
  1.59534534534534540E+01  9.81467440779825173E-02 -5.01249018444360414E-02
  1.60285285285285326E+01  9.97752138693713264E-02 -5.09387372515553855E-02
  1.61036036036036059E+01  1.01421514173382049E-01 -5.17570631595191052E-02
  1.61786786786786791E+01  1.03085990798160373E-01 -5.25796052973572098E-02
  1.62537537537537560E+01  1.04768995898880224E-01 -5.34061547750253746E-02
  1.63288288288288292E+01  1.06470870256590994E-01 -5.42365734052222617E-02
  1.64039039039039061E+01  1.08191921615268583E-01 -5.50707985052067625E-02
  1.64789789789789829E+01  1.09932397358300224E-01 -5.59088441965498728E-02
  1.65540540540540562E+01  1.11692451967368753E-01 -5.67507945717011797E-02
  1.66291291291291294E+01  1.13472112785356904E-01 -5.75967839102991264E-02
  1.67042042042042063E+01  1.15271250636842834E-01 -5.84469608727510165E-02
  1.67792792792792795E+01  1.17089563705751132E-01 -5.93014371335532572E-02
  1.68543543543543564E+01  1.18926582784980722E-01 -6.01602254470168726E-02
  1.69294294294294332E+01  1.20781703203305904E-01 -6.10231763857763052E-02
  1.70045045045045065E+01  1.22654243774275667E-01 -6.18899255594265799E-02
  1.70795795795795797E+01  1.24543527127046180E-01 -6.27598629399201413E-02
  1.71546546546546566E+01  1.26448970378708003E-01 -6.36321326547498733E-02
  1.72297297297297298E+01  1.28370171914499370E-01 -6.45056658528857657E-02
  1.73048048048048067E+01  1.30306980165077635E-01 -6.53792424403266265E-02
  1.73798798798798835E+01  1.32259533887040787E-01 -6.62515715225715646E-02
  1.74549549549549567E+01  1.34228269663002664E-01 -6.71213770633697221E-02
  1.75300300300300300E+01  1.36213899358746449E-01 -6.79874756359019200E-02
  1.76051051051051068E+01  1.38217365962969657E-01 -6.88488371265636445E-02
  1.76801801801801801E+01  1.40239788777509977E-01 -6.97046255598955528E-02
  1.77552552552552569E+01  1.42282407494048385E-01 -7.05542236737769918E-02
  1.78303303303303338E+01  1.44346529819955854E-01 -7.13972491114330116E-02
  1.79054054054054070E+01  1.46433480838779967E-01 -7.22335703529602274E-02
  1.79804804804804803E+01  1.48544546829943169E-01 -7.30633263383839576E-02
  1.80555555555555571E+01  1.50680904371973956E-01 -7.38869463179506747E-02
  1.81306306306306304E+01  1.52843528747590190E-01 -7.47051583895388810E-02
  1.82057057057057072E+01  1.55033083785633435E-01 -7.55189696948186107E-02
  1.82807807807807841E+01  1.57249806255197938E-01 -7.63296011824914494E-02
  1.83558558558558573E+01  1.59493408280187043E-01 -7.71383665719141687E-02
  1.84309309309309306E+01  1.61763027057901354E-01 -7.79464978632027627E-02
  1.85060060060060074E+01  1.64057249403443878E-01 -7.87549354449661038E-02
  1.85810810810810842E+01  1.66374228288032250E-01 -7.95641150725497903E-02
  1.86561561561561575E+01  1.68711891213823684E-01 -8.03737920766195435E-02
  1.87312312312312343E+01  1.71068220019584633E-01 -8.11829418010174414E-02
  1.88063063063063076E+01  1.73441563977803359E-01 -8.19897637181891681E-02
  1.88813813813813809E+01  1.75830938037690898E-01 -8.27917972625282772E-02
  1.89564564564564577E+01  1.78236259083218079E-01 -8.35861350916886348E-02
  1.90315315315315345E+01  1.80658485269355906E-01 -8.43697003894541275E-02
  1.91066066066066078E+01  1.83099643620117186E-01 -8.51395444295681009E-02
  1.91816816816816846E+01  1.85562753294005039E-01 -8.58931218728646029E-02
  1.92567567567567579E+01  1.88051669618099049E-01 -8.66285134606025881E-02
  1.93318318318318312E+01  1.90570881905010814E-01 -8.73445845527333897E-02
  1.94069069069069080E+01  1.93125294183163487E-01 -8.80410866330527120E-02
  1.94819819819819848E+01  1.95720004415306820E-01 -8.87187205750111924E-02
  1.95570570570570581E+01  1.98360080345031081E-01 -8.93791804923743105E-02
  1.96321321321321349E+01  2.01050316456612421E-01 -9.00251848521395892E-02
  1.97072072072072082E+01  2.03794953562605768E-01 -9.06604813564680923E-02
  1.97822822822822815E+01  2.06597353773579517E-01 -9.12897917379793256E-02
  1.98573573573573583E+01  2.09459647506482549E-01 -9.19186511564907271E-02
  1.99324324324324351E+01  2.12382399027082114E-01 -9.25531015767769583E-02
  2.00075075075075084E+01  2.15364362596693726E-01 -9.31992219039955300E-02
  2.00825825825825852E+01  2.18402412032227794E-01 -9.38625160996944818E-02
  2.01576576576576585E+01  2.21491715041558124E-01 -9.45472245507378017E-02
  2.02327327327327318E+01  2.24626188841646424E-01 -9.52556608148921319E-02
  2.03078078078078086E+01  2.27799221377180450E-01 -9.59876931846656289E-02
  2.03828828828828854E+01  2.31004585161882409E-01 -9.67404804773857041E-02
  2.04579579579579587E+01  2.34237423475554013E-01 -9.75085337188715123E-02
  2.05330330330330355E+01  2.37495164860691887E-01 -9.82841178024219525E-02
  2.06081081081081088E+01  2.40778229114473191E-01 -9.90579439891681041E-02
  2.06831831831831821E+01  2.44090425147145795E-01 -9.98200517754209288E-02
  2.07582582582582589E+01  2.47438998332674159E-01 -1.00560750920801606E-01
  2.08333333333333357E+01  2.50834346511426054E-01 -1.01271497831508683E-01
  2.09084084084084090E+01  2.54289472714236686E-01 -1.01945612048111742E-01
  2.09834834834834858E+01  2.57819266387855406E-01 -1.02578786563486957E-01
  2.10585585585585591E+01  2.61439699387267632E-01 -1.03169393307049301E-01
  2.11336336336336323E+01  2.65166994302291570E-01 -1.03718616106527523E-01
  2.12087087087087092E+01  2.69016785074845333E-01 -1.04230447684925578E-01
  2.12837837837837860E+01  2.73003261077351622E-01 -1.04711564687965275E-01
  2.13588588588588593E+01  2.77138280824592631E-01 -1.05171055904079117E-01
  2.14339339339339361E+01  2.81430466769403698E-01 -1.05619941849875387E-01
  2.15090090090090094E+01  2.85884343014442377E-01 -1.06070408531079130E-01
  2.15840840840840826E+01  2.90499637016081336E-01 -1.06534698901937758E-01
  2.16591591591591630E+01  2.95270911617940501E-01 -1.07023665626914954E-01
  2.17342342342342363E+01  3.00187702758745290E-01 -1.07545077722648735E-01
  2.18093093093093096E+01  3.05235296978793036E-01 -1.08101869033422560E-01
  2.18843843843843864E+01  3.10396191506024377E-01 -1.08690589669755130E-01
  2.19594594594594597E+01  3.15652154184879519E-01 -1.09300346310052296E-01
  2.20345345345345365E+01  3.20986669440231354E-01 -1.09912478369319236E-01
  2.21096096096096133E+01  3.26387453640727909E-01 -1.10501116013185269E-01
  2.21846846846846866E+01  3.31848677846500795E-01 -1.11034622226064500E-01
  2.22597597597597598E+01  3.37372563530358160E-01 -1.11477767423070362E-01
  2.23348348348348367E+01  3.42970113865300408E-01 -1.11794358728700860E-01
  2.24099099099099099E+01  3.48660887019266563E-01 -1.11949978038181353E-01
  2.24849849849849868E+01  3.54471873079034439E-01 -1.11914488668043016E-01
  2.25600600600600636E+01  3.60435664526158772E-01 -1.11664044574609905E-01
  2.26351351351351369E+01  3.66588182107366711E-01 -1.11182454356052479E-01
  2.27102102102102101E+01  3.72966221662580200E-01 -1.10461878341832992E-01
  2.27852852852852870E+01  3.79605032461254543E-01 -1.09502934308321156E-01
  2.28603603603603602E+01  3.86536051497825550E-01 -1.08314330291914937E-01
  2.29354354354354371E+01  3.93784837800096210E-01 -1.06912125877828973E-01
  2.30105105105105139E+01  4.01369209708051011E-01 -1.05318662601727078E-01
  2.30855855855855872E+01  4.09297604811256599E-01 -1.03561133416257209E-01
  2.31606606606606604E+01  4.17567752611537835E-01 -1.01669720721519780E-01
  2.32357357357357373E+01  4.26165846456051212E-01 -9.96752549330237464E-02
  2.33108108108108105E+01  4.35066480084280782E-01 -9.76064432768518342E-02
  2.33858858858858873E+01  4.44233628721074747E-01 -9.54868757848799654E-02
  2.34609609609609642E+01  4.53622872031066715E-01 -9.33321894627860416E-02
  2.35360360360360374E+01  4.63184871162666989E-01 -9.11479024707587682E-02
  2.36111111111111107E+01  4.72869854163499137E-01 -8.89284587084223643E-02
  2.36861861861861875E+01  4.82632594283190608E-01 -8.66579114356061386E-02
  2.37612612612612608E+01  4.92437161842027626E-01 -8.43124226028231644E-02
  2.38363363363363376E+01  5.02260663928035367E-01 -8.18644074707948755E-02
  2.39114114114114145E+01  5.12095297740317368E-01 -7.92877944132935331E-02
  2.39864864864864877E+01  5.21948324546182674E-01 -7.65635959280194511E-02
  2.40615615615615646E+01  5.31839960937103728E-01 -7.36848827323518113E-02
  2.41366366366366378E+01  5.41799582741355756E-01 -7.06603584011227387E-02
  2.42117117117117111E+01  5.51860935555800847E-01 -6.75160258695814419E-02
  2.42867867867867879E+01  5.62057161404592165E-01 -6.42948385696203717E-02
  2.43618618618618648E+01  5.72416355963836665E-01 -6.10546212279772654E-02
  2.44369369369369380E+01  5.82958105088030809E-01 -5.78648132875356769E-02
  2.45120120120120148E+01  5.93691109581047094E-01 -5.48026576021762371E-02
  2.45870870870870881E+01  6.04611714643675802E-01 -5.19493231819919202E-02
  2.46621621621621614E+01  6.15703018858823059E-01 -4.93861810139165566E-02
  2.47372372372372418E+01  6.26934294047287843E-01 -4.71911652623554917E-02
  2.48123123123123150E+01  6.38260671554498060E-01 -4.54349764820088931E-02
  2.48873873873873883E+01  6.49623341186769121E-01 -4.41769071592146290E-02
  2.49624624624624651E+01  6.60950727645071789E-01 -4.34603034831111817E-02
  2.50375375375375384E+01  6.72161132085036916E-01 -4.33080417469834528E-02
  2.51126126126126152E+01  6.83167096143368013E-01 -4.37187468257006565E-02
  2.51876876876876921E+01  6.93881303618622769E-01 -4.46646516713026034E-02
  2.52627627627627653E+01  7.04223316853604953E-01 -4.60918772775984684E-02
  2.53378378378378386E+01  7.14126038541238128E-01 -4.79234899282590596E-02
  2.54129129129129154E+01  7.23540665540665096E-01 -5.00650734166735861E-02
  2.54879879879879887E+01  7.32439141958691087E-01 -5.24119344155127634E-02
  2.55630630630630655E+01  7.40813677466033993E-01 -5.48566555313826018E-02
  2.56381381381381424E+01  7.48673605216352622E-01 -5.72956753586057604E-02
  2.57132132132132156E+01  7.56040479754768957E-01 -5.96339329165100421E-02
  2.57882882882882889E+01  7.62942649762637592E-01 -6.17872464967044871E-02
  2.58633633633633657E+01  7.69410477429164019E-01 -6.36827826291259669E-02
  2.59384384384384390E+01  7.75472954256441471E-01 -6.52584674094869033E-02
  2.60135135135135123E+01  7.81155851398675272E-01 -6.64623283282450295E-02
  2.60885885885885891E+01  7.86480977843123208E-01 -6.72524948278396123E-02
  2.61636636636636588E+01  7.91465817380716530E-01 -6.75980468766416986E-02
  2.62387387387387356E+01  7.96122887524033263E-01 -6.74803111999159322E-02
  2.63138138138138125E+01  8.00458571990923629E-01 -6.68938202863766096E-02
  2.63888888888888857E+01  8.04471740955352677E-01 -6.58461528062338763E-02
  2.64639639639639626E+01  8.08152927194602633E-01 -6.43562939747847340E-02
  2.65390390390390394E+01  8.11484931460548786E-01 -6.24518356542718353E-02
  2.66141141141141091E+01  8.14445378044731938E-01 -6.01659848677416551E-02
  2.66891891891891859E+01  8.17011022088257266E-01 -5.75356461022769605E-02
  2.67642642642642627E+01  8.19162801995527823E-01 -5.46015847039084887E-02
  2.68393393393393360E+01  8.20890097264098006E-01 -5.14108929434624745E-02
  2.69144144144144128E+01  8.22192682868431501E-01 -4.80209447907900544E-02
  2.69894894894894897E+01  8.23079530348446275E-01 -4.45031706668258323E-02
  2.70645645645645594E+01  8.23564674427266441E-01 -4.09447061898449358E-02
  2.71396396396396362E+01  8.23661417533884666E-01 -3.74464406161390470E-02
  2.72147147147147130E+01  8.23376739815817271E-01 -3.41170603612644813E-02
  2.72897897897897863E+01  8.22707667734883352E-01 -3.10639340573447414E-02
  2.73648648648648631E+01  8.21640594010425995E-01 -2.83826262948811414E-02
  2.74399399399399400E+01  8.20153482629855546E-01 -2.61471209408735278E-02
  2.75150150150150097E+01  8.18219991553804538E-01 -2.44024511968139873E-02
  2.75900900900900865E+01  8.15814143897710342E-01 -2.31606401536026477E-02
  2.76651651651651633E+01  8.12914344900323993E-01 -2.24000578157254222E-02
  2.77402402402402366E+01  8.09506068321049099E-01 -2.20678170254775263E-02
  2.78153153153153134E+01  8.05583080734067369E-01 -2.20847325070154150E-02
  2.78903903903903903E+01  8.01147369055995373E-01 -2.23524722009952603E-02
  2.79654654654654600E+01  7.96207938263549964E-01 -2.27625515988095425E-02
  2.80405405405405368E+01  7.90778519462443374E-01 -2.32065754057066038E-02
  2.81156156156156136E+01  7.84874211604050576E-01 -2.35866647979173782E-02
  2.81906906906906869E+01  7.78507305758619705E-01 -2.38245773633885445E-02
  2.82657657657657637E+01  7.71682944996841091E-01 -2.38679332540100951E-02
  2.83408408408408405E+01  7.64395643803997382E-01 -2.36923754170659598E-02
  2.84159159159159103E+01  7.56627807612561099E-01 -2.32993599396343135E-02
  2.84909909909909871E+01  7.48351149647663250E-01 -2.27103494818950459E-02
  2.85660660660660675E+01  7.39531343302469724E-01 -2.19591433060993234E-02
  2.86411411411411372E+01  7.30135520026482299E-01 -2.10846278572776671E-02
  2.87162162162162140E+01  7.20141502638144027E-01 -2.01261808698335667E-02
  2.87912912912912908E+01  7.09547118821532652E-01 -1.91232580362601101E-02
  2.88663663663663606E+01  6.98377713132563471E-01 -1.81194469995922779E-02
  2.89414414414414409E+01  6.86690172968319912E-01 -1.71697710037975147E-02
  2.90165165165165178E+01  6.74572431406041728E-01 -1.63486733714263525E-02
  2.90915915915915946E+01  6.62138412961212675E-01 -1.57553454088117731E-02
  2.91666666666666643E+01  6.49519522300696983E-01 -1.55131862570709791E-02
  2.92417417417417411E+01  6.36854732089028208E-01 -1.57612778287560228E-02
  2.93168168168168179E+01  6.24281798026721901E-01 -1.66376152107070123E-02
  2.93918918918918912E+01  6.11931902841471143E-01 -1.82560125570577769E-02
  2.94669669669669680E+01  5.99929054042442345E-01 -2.06805416945788668E-02
  2.95420420420420449E+01  5.88393985954418830E-01 -2.39025033086638049E-02
  2.96171171171171146E+01  5.77450522810703304E-01 -2.78248842108968740E-02
  2.96921921921921914E+01  5.67230915486912513E-01 -3.22579230168371228E-02
  2.97672672672672682E+01  5.57876195339293446E-01 -3.69270961266835174E-02
  2.98423423423423415E+01  5.49528523421689674E-01 -4.14922420811367348E-02
  2.99174174174174183E+01  5.42314792215700114E-01 -4.55745483296486481E-02
  2.99924924924924952E+01  5.36323664781336640E-01 -4.87874131250937218E-02
  3.00675675675675649E+01  5.31580668169606918E-01 -5.07678418563100031E-02
  3.01426426426426417E+01  5.28026836766149921E-01 -5.12063620195621350E-02
  3.02177177177177185E+01  5.25505394103173984E-01 -4.98743368293004877E-02
  3.02927927927927918E+01  5.23758767400071656E-01 -4.66472171451381493E-02
  3.03678678678678686E+01  5.22436233063800270E-01 -4.15208894629495798E-02
  3.04429429429429455E+01  5.21111849943476479E-01 -3.46171575782887805E-02
  3.05180180180180152E+01  5.19313044442920591E-01 -2.61751814747667282E-02
  3.05930930930930920E+01  5.16560882351106088E-01 -1.65290781113959853E-02
  3.06681681681681688E+01  5.12421811148189854E-01 -6.07667667529891622E-03
  3.07432432432432421E+01  5.06566673702434467E-01  4.75212667600156524E-03
  3.08183183183183189E+01  4.98827504423258961E-01  1.55194858656881735E-02
  3.08933933933933957E+01  4.89239301891782552E-01  2.57932528726127208E-02
  3.09684684684684655E+01  4.78055681122178833E-01  3.51541803167850705E-02
  3.10435435435435423E+01  4.65734361918920925E-01  4.32053780003629345E-02
  3.11186186186186191E+01  4.52897536400069411E-01  4.95918607048709478E-02
  3.11936936936936924E+01  4.40278212477519748E-01  5.40318384070307203E-02
  3.12687687687687692E+01  4.28663396528949414E-01  5.63537023511333987E-02
  3.13438438438438460E+01  4.18839508044263786E-01  5.65283251453777627E-02
  3.14189189189189158E+01  4.11539342010657228E-01  5.46878189987250116E-02
  3.14939939939939926E+01  4.07387941124854491E-01  5.11276812120333088E-02
  3.15690690690690694E+01  4.06848227979193788E-01  4.62949129939848394E-02
  3.16441441441441427E+01  4.10173218791955507E-01  4.07663837814375637E-02
  3.17192192192192195E+01  4.17375170592360067E-01  3.52189399023131317E-02
  3.17942942942942963E+01  4.28219880610665682E-01  3.03886366377926903E-02
  3.18693693693693660E+01  4.42247425285243967E-01  2.70153164407519707E-02
  3.19444444444444429E+01  4.58813327637526747E-01  2.57727794735589689E-02
  3.20195195195195197E+01  4.77141358123725101E-01  2.71922564043441777E-02
  3.20945945945945894E+01  4.96382544526849934E-01  3.15930644884406323E-02
  3.21696696696696662E+01  5.15681203949936995E-01  3.90348223548733081E-02
  3.22447447447447431E+01  5.34251617103715160E-01  4.92998259842037170E-02
  3.23198198198198199E+01  5.51463765340289513E-01  6.19060929019640757E-02
  3.23948948948948967E+01  5.66924866763784285E-01  7.61466432835686269E-02
  3.24699699699699735E+01  5.80533269815761033E-01  9.11511806895209664E-02
  3.25450450450450433E+01  5.92482060505728270E-01  1.05969351350686997E-01
  3.26201201201201201E+01  6.03204828582896035E-01  1.19673927580798339E-01
  3.26951951951951969E+01  6.13278205280651578E-01  1.31473893354534077E-01
  3.27702702702702666E+01  6.23311100821044461E-01  1.40815105295873683E-01
  3.28453453453453434E+01  6.33848997157000271E-01  1.47439901795648420E-01
  3.29204204204204203E+01  6.45305914156281579E-01  1.51385715139074700E-01
  3.29954954954954900E+01  6.57920656852491570E-01  1.52925641812132473E-01
  3.30705705705705668E+01  6.71730774664194730E-01  1.52478064873762503E-01
  3.31456456456456436E+01  6.86567489477796333E-01  1.50520717975721835E-01
  3.32207207207207205E+01  7.02084096742505936E-01  1.47529984304538536E-01
  3.32957957957957973E+01  7.17824271262908709E-01  1.43939947983429267E-01
  3.33708708708708741E+01  7.33314833607479954E-01  1.40100072378409740E-01
  3.34459459459459438E+01  7.48147007506585915E-01  1.36219850944881732E-01
  3.35210210210210207E+01  7.62011829378512973E-01  1.32315705162255742E-01
  3.35960960960960975E+01  7.74683421050798793E-01  1.28195018877729383E-01
  3.36711711711711672E+01  7.85978819884956548E-01  1.23504257375695717E-01
  3.37462462462462440E+01  7.95736529392450764E-01  1.17835700088514642E-01
  3.38213213213213209E+01  8.03835669194347124E-01  1.10854991010975040E-01
  3.38963963963963906E+01  8.10240176473002283E-01  1.02404332990325073E-01
  3.39714714714714674E+01  8.15030353213127445E-01  9.25570353227701814E-02
  3.40465465465465442E+01  8.18396483610311587E-01  8.16271630821089195E-02
  3.41216216216216210E+01  8.20603716695329166E-01  7.01473931970336695E-02
  3.41966966966966979E+01  8.21960047950064610E-01  5.88138169885852741E-02
  3.42717717717717747E+01  8.22807096376935942E-01  4.83808181307900723E-02
  3.43468468468468444E+01  8.23518035018447447E-01  3.95007042351591883E-02
  3.44219219219219212E+01  8.24465151055227330E-01  3.25444653628688546E-02
  3.44969969969969981E+01  8.25937576704714682E-01  2.74799062758092211E-02
  3.45720720720720678E+01  8.28036407336441793E-01  2.38799900966173463E-02
  3.46471471471471446E+01  8.30608263935931901E-01  2.10760346045145153E-02
  3.47222222222222214E+01  8.33265550896127860E-01  1.83919918084671577E-02
  3.47972972972972912E+01  8.35488894442199870E-01  1.53531141927638268E-02
  3.48723723723723751E+01  8.36757919698415509E-01  1.17857515026606741E-02
  3.49474474474474519E+01  8.36651893938736735E-01  7.79425904334363033E-03
  3.50225225225225216E+01  8.34901835393789815E-01  3.66159234445102106E-03
  3.50975975975975985E+01  8.31418164300084306E-01 -2.68078501095707453E-04
  3.51726726726726753E+01  8.26320099217074278E-01 -3.69520039628930394E-03
  3.52477477477477450E+01  8.19956149458412331E-01 -6.45643685920698797E-03
  3.53228228228228218E+01  8.12873827051925679E-01 -8.59534532916773723E-03
  3.53978978978978986E+01  8.05711185207674374E-01 -1.03842735032519309E-02
  3.54729729729729684E+01  7.99035360558403074E-01 -1.22674570422747070E-02
  3.55480480480480452E+01  7.93196632108982058E-01 -1.47274050407502927E-02
  3.56231231231231220E+01  7.88261840184662943E-01 -1.81202582250865711E-02
  3.56981981981981988E+01  7.84043981661378453E-01 -2.25445316930088166E-02
  3.57732732732732757E+01  7.80195647471876752E-01 -2.77874029827084312E-02
  3.58483483483483525E+01  7.76318018492250683E-01 -3.33527397012725046E-02
  3.59234234234234222E+01  7.72055421383916474E-01 -3.85474688943675467E-02
  3.59984984984984990E+01  7.67169634270225109E-01 -4.26022989709455083E-02
  3.60735735735735759E+01  7.61591893949828180E-01 -4.48147260015589050E-02
  3.61486486486486456E+01  7.55436562312291504E-01 -4.47011564746609136E-02
  3.62237237237237224E+01  7.48955884679925132E-01 -4.21243484651348601E-02
  3.62987987987987992E+01  7.42440008263553386E-01 -3.73447815612429554E-02
  3.63738738738738689E+01  7.36107089355420574E-01 -3.09589411918708667E-02
  3.64489489489489458E+01  7.30047693401255526E-01 -2.37365739208534078E-02
  3.65240240240240226E+01  7.24260558926268283E-01 -1.64215046810187969E-02
  3.65990990990990994E+01  7.18756599174032895E-01 -9.57704220413444288E-03
  3.66741741741741762E+01  7.13658998690378077E-01 -3.52401028126929101E-03
  3.67492492492492531E+01  7.09228983520398426E-01  1.63739746791060443E-03
  3.68243243243243228E+01  7.05800422097360602E-01  5.96711007234614847E-03
  3.68993993993993996E+01  7.03670777359175936E-01  9.62164428168113366E-03
  3.69744744744744764E+01  7.03020058233410516E-01  1.27851242425785598E-02
  3.70495495495495462E+01  7.03895901748767705E-01  1.55724189163495390E-02
  3.71246246246246230E+01  7.06244519578276719E-01  1.79110649503466009E-02
  3.71996996996996998E+01  7.09938734122279258E-01  1.94659386248778737E-02
  3.72747747747747695E+01  7.14781389417199042E-01  1.96937489847152473E-02
  3.73498498498498464E+01  7.20513694497090684E-01  1.80575770912372105E-02
  3.74249249249249232E+01  7.26872227408525418E-01  1.43210471066080591E-02
  3.75000000000000000E+01  7.33688357215896980E-01  8.76636418765667537E-03
  3.75750750750750768E+01  7.40954524505829215E-01  2.21346072044976971E-03
  3.76501501501501536E+01  7.48772002259958103E-01 -4.16015342770198557E-03
  3.77252252252252234E+01  7.57174054790418660E-01 -9.08883186070118428E-03
  3.78003003003003002E+01  7.65926619535071351E-01 -1.14578692876203588E-02
  3.78753753753753770E+01  7.74447745023600143E-01 -1.04740521333745798E-02
  3.79504504504504467E+01  7.81916066204154214E-01 -5.80660917707357099E-03
  3.80255255255255236E+01  7.87514363544521756E-01  2.27310664141528937E-03
  3.81006006006006004E+01  7.90678478142410990E-01  1.28099418438193165E-02
  3.81756756756756701E+01  7.91247640312792599E-01  2.42580699307119348E-02
  3.82507507507507469E+01  7.89497294375209768E-01  3.48109272477030926E-02
  3.83258258258258238E+01  7.86088990010615607E-01  4.28776913655735462E-02
  3.84009009009009006E+01  7.81954422559805851E-01  4.74935225062209365E-02
  3.84759759759759774E+01  7.78097999064691237E-01  4.84791239113960271E-02
  3.85510510510510542E+01  7.75331205760902420E-01  4.63288054958449075E-02
  3.86261261261261239E+01  7.74032490546751384E-01  4.19590726810508130E-02
  3.87012012012012008E+01  7.74062962199378757E-01  3.64682396256329963E-02
  3.87762762762762776E+01  7.74896058619907957E-01  3.09640129013679169E-02
  3.88513513513513473E+01  7.75885885275556242E-01  2.64303214052570498E-02
  3.89264264264264241E+01  7.76515605687239985E-01  2.36029500293926248E-02
  3.90015015015015010E+01  7.76499067314137204E-01  2.28748580613941689E-02
  3.90765765765765707E+01  7.75721104181349097E-01  2.42785926393225895E-02
  3.91516516516516475E+01  7.74102383551059203E-01  2.75606406503605822E-02
  3.92267267267267243E+01  7.71496749053030895E-01  3.23053797872543472E-02
  3.93018018018018012E+01  7.67678103002830126E-01  3.80403532595489646E-02
  3.93768768768768780E+01  7.62404849330587608E-01  4.42803521123118840E-02
  3.94519519519519548E+01  7.55512368652235922E-01  5.05190542879285914E-02
  3.95270270270270245E+01  7.46988746823378014E-01  5.62122976867483679E-02
  3.96021021021021014E+01  7.37014457536811496E-01  6.07948040848998519E-02
  3.96771771771771782E+01  7.25966266116880865E-01  6.37412640237670081E-02
  3.97522522522522479E+01  7.14389330761567187E-01  6.46493783921034681E-02
  3.98273273273273247E+01  7.02938201766498238E-01  6.33087853828896013E-02
  3.99024024024024015E+01  6.92290282348856367E-01  5.97300524634981136E-02
  3.99774774774774713E+01  6.83046364742422751E-01  5.41300967268596375E-02
  4.00525525525525481E+01  6.75642016374991328E-01  4.68885215859319929E-02
  4.01276276276276249E+01  6.70291020908450830E-01  3.84949881687914747E-02
  4.02027027027027017E+01  6.66969013346744410E-01  2.95024780975580818E-02
  4.02777777777777786E+01  6.65432235608587441E-01  2.04913424251000446E-02
  4.03528528528528554E+01  6.65261486039205985E-01  1.20393663712261949E-02
  4.04279279279279251E+01  6.65923879935814367E-01  4.68663459910320223E-03
  4.05030030030030019E+01  6.66847260433001465E-01 -1.11627701424364917E-03
  4.05780780780780788E+01  6.67498606618081025E-01 -5.07954081379036453E-03
  4.06531531531531485E+01  6.67451409246603844E-01 -7.15118803656994949E-03
  4.07282282282282253E+01  6.66425851995709584E-01 -7.57110831872183886E-03
  4.08033033033033021E+01  6.64294534079062582E-01 -6.87041959502563988E-03
  4.08783783783783718E+01  6.61061058732074880E-01 -5.80118358135820519E-03
  4.09534534534534487E+01  6.56828624803273531E-01 -5.21018439743605680E-03
  4.10285285285285326E+01  6.51773547311876755E-01 -5.89462883343268036E-03
  4.11036036036036023E+01  6.46127220514036038E-01 -8.48215372194578709E-03
  4.11786786786786791E+01  6.40159859734626635E-01 -1.33606415193726416E-02
  4.12537537537537560E+01  6.34158861187694378E-01 -2.06576316866124397E-02
  4.13288288288288257E+01  6.28402723092854831E-01 -3.02515301396205881E-02
  4.14039039039039025E+01  6.23139195814843894E-01 -4.17960113135478553E-02
  4.14789789789789793E+01  6.18575623360963722E-01 -5.47502671460933094E-02
  4.15540540540540491E+01  6.14880595665307839E-01 -6.84188536912048867E-02
  4.16291291291291259E+01  6.12187017131725519E-01 -8.20067819289682504E-02
  4.17042042042042027E+01  6.10585629429296617E-01 -9.46886785935235759E-02
  4.17792792792792795E+01  6.10105970888773719E-01 -1.05682871118919067E-01
  4.18543543543543564E+01  6.10692139165938563E-01 -1.14319027990614955E-01
  4.19294294294294332E+01  6.12185443758552994E-01 -1.20092064793464501E-01
  4.20045045045045029E+01  6.14322389166473082E-01 -1.22700529717862841E-01
  4.20795795795795797E+01  6.16748648255133092E-01 -1.22069858798225850E-01
  4.21546546546546566E+01  6.19044251566541748E-01 -1.18359450652532561E-01
  4.22297297297297263E+01  6.20754979903251125E-01 -1.11950962250053659E-01
  4.23048048048048031E+01  6.21427498842469284E-01 -1.03416728671767641E-01
  4.23798798798798799E+01  6.20646869229751985E-01 -9.34714069818279036E-02
  4.24549549549549496E+01  6.18073130278784522E-01 -8.29136202966985064E-02
  4.25300300300300265E+01  6.13471057172793044E-01 -7.25648018357895747E-02
  4.26051051051051033E+01  6.06727539925032699E-01 -6.32099747948981494E-02
  4.26801801801801801E+01  5.97855336361883150E-01 -5.55427852787659174E-02
  4.27552552552552569E+01  5.86987444192685337E-01 -5.01172638314087496E-02
  4.28303303303303338E+01  5.74368824839817438E-01 -4.73111495363160300E-02
  4.29054054054054035E+01  5.60349769899534778E-01 -4.73071538963935057E-02
  4.29804804804804803E+01  5.45379805376775106E-01 -5.00963368996756933E-02
  4.30555555555555571E+01  5.29996826113085961E-01 -5.55016687278851589E-02
  4.31306306306306269E+01  5.14806081528897175E-01 -6.32129007321916569E-02
  4.32057057057057037E+01  5.00447349479474446E-01 -7.28201958042492131E-02
  4.32807807807807805E+01  4.87553237079821844E-01 -8.38359597839307275E-02
  4.33558558558558502E+01  4.76704081360227017E-01 -9.57011782350766088E-02
  4.34309309309309270E+01  4.68384419975560296E-01 -1.07781013990012303E-01
  4.35060060060060039E+01  4.62943688093545302E-01 -1.19360687816274166E-01
  4.35810810810810807E+01  4.60561804340575531E-01 -1.29654358385355745E-01
  4.36561561561561575E+01  4.61220159153994114E-01 -1.37836626527172379E-01
  4.37312312312312343E+01  4.64680361328590918E-01 -1.43099991774475577E-01
  4.38063063063063041E+01  4.70475843142942329E-01 -1.44734400018687176E-01
  4.38813813813813809E+01  4.77923354102673559E-01 -1.42218918828704549E-01
  4.39564564564564577E+01  4.86160821781986663E-01 -1.35311580687048238E-01
  4.40315315315315274E+01  4.94214111632272468E-01 -1.24121601950292246E-01
  4.41066066066066043E+01  5.01088446370499985E-01 -1.09148217988461901E-01
  4.41816816816816811E+01  5.05872966385437883E-01 -9.12724983791590172E-02
  4.42567567567567508E+01  5.07842240973328196E-01 -7.16938383485920400E-02
  4.43318318318318276E+01  5.06538457872287240E-01 -5.18124403591207552E-02
  4.44069069069069045E+01  5.01822068298349189E-01 -3.30720877051615403E-02
  4.44819819819819813E+01  4.93884645784540222E-01 -1.67897736634622270E-02
  4.45570570570570581E+01  4.83223646107421190E-01 -4.00445994026858969E-03
  4.46321321321321349E+01  4.70583960610852281E-01  4.62733751065954116E-03
  4.47072072072072046E+01  4.56875599794612286E-01  8.87474116279095109E-03
  4.47822822822822815E+01  4.43079958960561959E-01  8.91585769139781673E-03
  4.48573573573573583E+01  4.30157754938926939E-01  5.27420135407080225E-03
  4.49324324324324280E+01  4.18969263493932043E-01 -1.27436297708718007E-03
  4.50075075075075048E+01  4.10212821270623862E-01 -9.80749911930471618E-03
  4.50825825825825817E+01  4.04382867718019345E-01 -1.93611026818763764E-02
  4.51576576576576514E+01  4.01746219494986068E-01 -2.90213916842503965E-02
  4.52327327327327282E+01  4.02335399803163407E-01 -3.79956567597852027E-02
  4.53078078078078050E+01  4.05959355587978243E-01 -4.56567798028701261E-02
  4.53828828828828819E+01  4.12232538752015321E-01 -5.15616032360956961E-02
  4.54579579579579587E+01  4.20621642257501538E-01 -5.54479931473360194E-02
  4.55330330330330355E+01  4.30505650489937941E-01 -5.72182308399323131E-02
  4.56081081081081052E+01  4.41241180021636592E-01 -5.69162637079930200E-02
  4.56831831831831821E+01  4.52223434637085697E-01 -5.47038307414788039E-02
  4.57582582582582589E+01  4.62934464157179149E-01 -5.08371039218723647E-02
  4.58333333333333286E+01  4.72974217710243616E-01 -4.56429967585021829E-02
  4.59084084084084054E+01  4.82074389699381267E-01 -3.94937405678937037E-02
  4.59834834834834822E+01  4.90098345330030161E-01 -3.27796161710409081E-02
  4.60585585585585520E+01  4.97031365292414040E-01 -2.58817128238107048E-02
  4.61336336336336288E+01  5.02964348436854669E-01 -1.91477707976371939E-02
  4.62087087087087056E+01  5.08072420564014582E-01 -1.28736441709934157E-02
  4.62837837837837824E+01  5.12589237619605065E-01 -7.29101735359171353E-03
  4.63588588588588593E+01  5.16778734706457854E-01 -2.56007326610652348E-03
  4.64339339339339361E+01  5.20907787793158827E-01  1.23476430521215954E-03
  4.65090090090090058E+01  5.25224091979107244E-01  4.08674025493069651E-03
  4.65840840840840826E+01  5.29942418445765950E-01  6.06514094912613457E-03
  4.66591591591591595E+01  5.35239583426004417E-01  7.30784323342259078E-03
  4.67342342342342292E+01  5.41255438598236549E-01  8.00649684714190360E-03
  4.68093093093093060E+01  5.48095638974656185E-01  8.38512331533626705E-03
  4.68843843843843828E+01  5.55832621045398989E-01  8.67547856269599606E-03
  4.69594594594594525E+01  5.64503564110934164E-01  9.09382912149151595E-03
  4.70345345345345294E+01  5.74106654062996102E-01  9.82313570099115768E-03
  4.71096096096096062E+01  5.84598305867148116E-01  1.10024948991841731E-02
  4.71846846846846830E+01  5.95893573049748881E-01  1.27233086741105773E-02
  4.72597597597597598E+01  6.07870313439557219E-01  1.50302351079897381E-02
  4.73348348348348367E+01  6.20375976092598314E-01  1.79249777731859128E-02
  4.74099099099099064E+01  6.33235178533477550E-01  2.13719302884123330E-02
  4.74849849849849832E+01  6.46256846199521284E-01  2.53056357822554791E-02
  4.75600600600600600E+01  6.59241005465996399E-01  2.96401552410012308E-02
  4.76351351351351298E+01  6.71986346673831947E-01  3.42796576328262340E-02
  4.77102102102102066E+01  6.84299640665224085E-01  3.91284498586934107E-02
  4.77852852852852834E+01  6.96006959277937320E-01  4.40981275360555688E-02
  4.78603603603603531E+01  7.06965092772583570E-01  4.91101054916159435E-02
  4.79354354354354371E+01  7.17070532309303288E-01  5.40933646279119634E-02
  4.80105105105105139E+01  7.26263557579813090E-01  5.89791067364728791E-02
  4.80855855855855907E+01  7.34526338342417651E-01  6.36952238480372884E-02
  4.81606606606606604E+01  7.41875878897283680E-01  6.81634564956071637E-02
  4.82357357357357373E+01  7.48354185859192444E-01  7.23008535087140969E-02
  4.83108108108108141E+01  7.54018522645612976E-01  7.60252704240842597E-02
  4.83858858858858838E+01  7.58933903055189152E-01  7.92630324815864207E-02
  4.84609609609609606E+01  7.63168545053042879E-01  8.19562281985597163E-02
  4.85360360360360374E+01  7.66791631117705319E-01  8.40675579007636176E-02
  4.86111111111111072E+01  7.69872043903431669E-01  8.55818518730988298E-02
  4.86861861861861840E+01  7.72476943232653035E-01  8.65046156312601483E-02
  4.87612612612612608E+01  7.74669799623647459E-01  8.68586753920808641E-02
  4.88363363363363376E+01  7.76508227371699666E-01  8.66799995257458156E-02
  4.89114114114114145E+01  7.78042210577728044E-01  8.60133084524981745E-02
  4.89864864864864913E+01  7.79313007436100880E-01  8.49076197972799540E-02
  4.90615615615615610E+01  7.80352450780019913E-01  8.34117711054744582E-02
  4.91366366366366378E+01  7.81181989410865141E-01  8.15702632276771727E-02
  4.92117117117117147E+01  7.81810941322630848E-01  7.94201999584148999E-02
  4.92867867867867844E+01  7.82234027623579631E-01  7.69902731882868702E-02
  4.93618618618618612E+01  7.82428987652443286E-01  7.43024124967779781E-02
  4.94369369369369380E+01  7.82355506042443083E-01  7.13759443925935655E-02
  4.95120120120120077E+01  7.81956534391466840E-01  6.82332256523722341E-02
  4.95870870870870846E+01  7.81162398477497910E-01  6.49051484100319903E-02
  4.96621621621621614E+01  7.79897163927411374E-01  6.14349355373173880E-02
  4.97372372372372382E+01  7.78086008733780310E-01  5.78792402879322945E-02
  4.98123123123123150E+01  7.75662122806946353E-01  5.43064559156581708E-02
  4.98873873873873919E+01  7.72571970401743191E-01  5.07929421213000817E-02
  4.99624624624624616E+01  7.68778408977535022E-01  4.74182847931837181E-02
  5.00375375375375384E+01  7.64261834959510611E-01  4.42606368842210704E-02
  5.01126126126126152E+01  7.59019947324432120E-01  4.13927757418292783E-02
  5.01876876876876850E+01  7.53066774049436005E-01  3.88790121573503941E-02
  5.02627627627627618E+01  7.46431369632310493E-01  3.67727387828440389E-02
  5.03378378378378386E+01  7.39156254345458841E-01  3.51143290973639846E-02
  5.04129129129129083E+01  7.31295423120369437E-01  3.39292612665513735E-02
  5.04879879879879852E+01  7.22911714681173434E-01  3.32266065534253946E-02
  5.05630630630630620E+01  7.14073491904319457E-01  3.29982282852347361E-02
  5.06381381381381388E+01  7.04850841769453118E-01  3.32190761954555686E-02
  5.07132132132132156E+01  6.95311725998433494E-01  3.38488147710386683E-02
  5.07882882882882924E+01  6.85518602226892981E-01  3.48347588488229637E-02
  5.08633633633633622E+01  6.75525960772245027E-01  3.61158125729669974E-02
  5.09384384384384390E+01  6.65379024407562691E-01  3.76269167655456788E-02
  5.10135135135135158E+01  6.55113619408758008E-01  3.93034555134204391E-02
  5.10885885885885855E+01  6.44757026982139769E-01  4.10851483894170352E-02
  5.11636636636636624E+01  6.34329514534490380E-01  4.29191107007557970E-02
  5.12387387387387392E+01  6.23846232161852310E-01  4.47619372682803301E-02
  5.13138138138138089E+01  6.13319212826526572E-01  4.65808057181817947E-02
  5.13888888888888857E+01  6.02759292829745275E-01  4.83536812591595783E-02
  5.14639639639639626E+01  5.92177836840544813E-01  5.00687415253191978E-02
  5.15390390390390394E+01  5.81588191477086736E-01  5.17231478362870506E-02
  5.16141141141141162E+01  5.71006804405675084E-01  5.33212902517838025E-02
  5.16891891891891930E+01  5.60453944800521797E-01  5.48726421279201529E-02
  5.17642642642642627E+01  5.49953961077822462E-01  5.63893787479550698E-02
  5.18393393393393396E+01  5.39535024608058578E-01  5.78839388953527254E-02
  5.19144144144144164E+01  5.29228338975270995E-01  5.93667288966418516E-02
  5.19894894894894932E+01  5.19066842835220865E-01  6.08441762323626081E-02
  5.20645645645645629E+01  5.09083495415700971E-01  6.23173264200043292E-02
  5.21396396396396469E+01  4.99309298240594945E-01  6.37811373243718227E-02
  5.22147147147147166E+01  4.89771262602622603E-01  6.52245581276737763E-02
  5.22897897897897863E+01  4.80490565872198516E-01  6.66313902826230625E-02
  5.23648648648648702E+01  4.71481138533232480E-01  6.79818259934745900E-02
  5.24399399399399400E+01  4.62748881028871684E-01  6.92544632578108166E-02
  5.25150150150150168E+01  4.54291627410008669E-01  7.04285251434270398E-02
  5.25900900900901007E+01  4.46099864274611679E-01  7.14859820929888146E-02
  5.26651651651651704E+01  4.38158099874819407E-01  7.24132987467283190E-02
  5.27402402402402402E+01  4.30446683965672094E-01  7.32025981372328161E-02
  5.28153153153153241E+01  4.22943824535559953E-01  7.38521409808356455E-02
  5.28903903903903938E+01  4.15627543527084586E-01  7.43661325150292568E-02
  5.29654654654654635E+01  4.08477357369512128E-01  7.47539684074736699E-02
  5.30405405405405475E+01  4.01475544771493553E-01  7.50290946557210375E-02
  5.31156156156156172E+01  3.94607951630146059E-01  7.52076750605858435E-02
  5.31906906906906869E+01  3.87864358670005405E-01  7.53072376187621934E-02
  5.32657657657657708E+01  3.81238485546623429E-01  7.53454224836439118E-02
  5.33408408408408476E+01  3.74727720330648661E-01  7.53388985516542375E-02
  5.34159159159159174E+01  3.68332651351399365E-01  7.53024712008783514E-02
  5.34909909909910013E+01  3.62056453000576761E-01  7.52483809352469946E-02
  5.35660660660660710E+01  3.55904154149250140E-01  7.51857923700809533E-02
  5.36411411411411407E+01  3.49881809427118606E-01  7.51204867657685460E-02
  5.37162162162162247E+01  3.43995603925774163E-01  7.50547857927732626E-02
  5.37912912912912944E+01  3.38250946114956763E-01  7.49877365723516653E-02
  5.38663663663663641E+01  3.32651630426518685E-01  7.49155710756723714E-02
  5.39414414414414480E+01  3.27199166577297584E-01  7.48324178352237496E-02
  5.40165165165165178E+01  3.21892367018906778E-01  7.47311997117005578E-02
  5.40915915915915946E+01  3.16727253842660983E-01  7.46046118481828308E-02
  5.41666666666666714E+01  3.11697297396963391E-01  7.44460522764161803E-02
  5.42417417417417482E+01  3.06793942856864066E-01  7.42503822044479622E-02
  5.43168168168168179E+01  3.02007332753778723E-01  7.40144241772442008E-02
  5.43918918918919019E+01  2.97327105602331665E-01  7.37371564189253231E-02
  5.44669669669669716E+01  2.92743149728081908E-01  7.34196176708274278E-02
  5.45420420420420413E+01  2.88246215808629636E-01  7.30645844960097768E-02
  5.46171171171171252E+01  2.83828333075995809E-01  7.26761113217017501E-02
  5.46921921921921950E+01  2.79483020180552877E-01  7.22590277571085599E-02
  5.47672672672672647E+01  2.75205320041770118E-01  7.18184704765457982E-02
  5.48423423423423486E+01  2.70991710025838939E-01  7.13594964646766111E-02
  5.49174174174174183E+01  2.66839941854569274E-01  7.08867915765303558E-02
  5.49924924924924952E+01  2.62748853169446794E-01  7.04044630574676006E-02
  5.50675675675675720E+01  2.58718172288072923E-01  6.99158928368061733E-02
  5.51426426426426488E+01  2.54748318307468691E-01  6.94236306708305856E-02
  5.52177177177177185E+01  2.50840187460312614E-01  6.89293183400052634E-02
  5.52927927927928025E+01  2.46994916716872570E-01  6.84336510262228276E-02
  5.53678678678678722E+01  2.43213625676414469E-01  6.79363925044018796E-02
  5.54429429429429419E+01  2.39497152796105173E-01  6.74364620384210744E-02
  5.55180180180180258E+01  2.35845815369043033E-01  6.69321018731072054E-02
  5.55930930930930955E+01  2.32259228620040892E-01  6.64211178639209643E-02
  5.56681681681681653E+01  2.28736214845365160E-01  6.59011676422606996E-02
  5.57432432432432492E+01  2.25274819339468274E-01  6.53700569489184397E-02
  5.58183183183183189E+01  2.21872429848162606E-01  6.48260000627246952E-02
  5.58933933933933957E+01  2.18525976212284451E-01  6.42678063227620777E-02
  5.59684684684684726E+01  2.15232172364772878E-01  6.36949699294102750E-02
  5.60435435435435494E+01  2.11987757693619217E-01  6.31076601709962826E-02
  5.61186186186186191E+01  2.08789699839753234E-01  6.25066284371923464E-02
  5.61936936936937030E+01  2.05635334141347853E-01  6.18930619020827411E-02
  5.62687687687687728E+01  2.02522431934012148E-01  6.12684186579130069E-02
  5.63438438438438425E+01  1.99449205873823782E-01  6.06342751336937866E-02
  5.64189189189189264E+01  1.96414271317830486E-01  5.99922061330272829E-02
  5.64939939939939961E+01  1.93416586479675107E-01  5.93437046352612713E-02
  5.65690690690690658E+01  1.90455390835263000E-01  5.86901367331458187E-02
  5.66441441441441498E+01  1.87530153337445576E-01  5.80327198294951080E-02
  5.67192192192192195E+01  1.84640532727745971E-01  5.73725107681825747E-02
  5.67942942942942963E+01  1.81786344842031683E-01  5.67103942367947755E-02
  5.68693693693693731E+01  1.78967528455897612E-01  5.60470683450374346E-02
  5.69444444444444500E+01  1.76184102445828050E-01  5.53830309216747502E-02
  5.70195195195195197E+01  1.73436111799567833E-01  5.47185742989898735E-02
  5.70945945945946036E+01  1.70723566164979468E-01  5.40537967897801730E-02
  5.71696696696696733E+01  1.68046379781721711E-01  5.33886357632716232E-02
  5.72447447447447431E+01  1.65404323930748359E-01  5.27229215203508447E-02
  5.73198198198198270E+01  1.62797001690123511E-01  5.20564451053530872E-02
  5.73948948948948967E+01  1.60223850276335400E-01  5.13890288195675074E-02
  5.74699699699699664E+01  1.57684170047852373E-01  5.07205869100777890E-02
  5.75450450450450504E+01  1.55177173274417546E-01  5.00511660376722692E-02
  5.76201201201201201E+01  1.52702041771239139E-01  4.93809599453181175E-02
  5.76951951951951969E+01  1.50257981496853432E-01  4.87102987550205035E-02
  5.77702702702702737E+01  1.47844264288999327E-01  4.80396187701308403E-02
  5.78453453453453506E+01  1.45460251234347998E-01  4.73694221069322075E-02
  5.79204204204204345E+01  1.43105397331982909E-01  4.67002361830213611E-02
  5.79954954954955042E+01  1.40779241611537542E-01  4.60325811670097979E-02
  5.80705705705705739E+01  1.38481389551360606E-01  4.53669497971619928E-02
  5.81456456456456579E+01  1.36211495010305911E-01  4.47037997660147818E-02
  5.82207207207207276E+01  1.33969247167132849E-01  4.40435553962742685E-02
  5.82957957957957973E+01  1.31754364959161291E-01  4.33866134779527929E-02
  5.83708708708708812E+01  1.29566598302339575E-01  4.27333481869434512E-02
  5.84459459459459509E+01  1.27405732952793366E-01  4.20841116483228195E-02
  5.85210210210210207E+01  1.25271594862688462E-01  4.14392291971887178E-02
  5.85960960960961046E+01  1.23164050408677242E-01  4.07989908232765375E-02
  5.86711711711711814E+01  1.21083000564902912E-01  4.01636418959560246E-02
  5.87462462462462511E+01  1.19028369276912238E-01  3.95333766376620641E-02
  5.88213213213213351E+01  1.17000088220383242E-01  3.89083369659803738E-02
  5.88963963963964048E+01  1.14998081217772968E-01  3.82886176551221480E-02
  5.89714714714714745E+01  1.13022251579773192E-01  3.76742768865871505E-02
  5.90465465465465584E+01  1.11072474645668662E-01  3.70653497782439736E-02
  5.91216216216216282E+01  1.09148596218690525E-01  3.64618618263443661E-02
  5.91966966966966979E+01  1.07250435968189201E-01  3.58638394949122169E-02
  5.92717717717717818E+01  1.05377793697748232E-01  3.52713162652038698E-02
  5.93468468468468515E+01  1.03530455966309914E-01  3.46843339182538665E-02
  5.94219219219219283E+01  1.01708200944363655E-01  3.41029401922481115E-02
  5.94969969969970052E+01  9.99108003859511401E-02  3.35271848333821842E-02
  5.95720720720720820E+01  9.81380188334959325E-02  3.29571162300193524E-02
  5.96471471471471517E+01  9.63896112441269826E-02  3.23927803027345487E-02
  5.97222222222222356E+01  9.46653208188617951E-02  3.18342223372384409E-02
  5.97972972972973054E+01  9.29648787880814759E-02  3.12814913301179554E-02
  5.98723723723723751E+01  9.12880073136076581E-02  3.07346455115460153E-02
  5.99474474474474590E+01  8.96344257259513583E-02  3.01937572624951765E-02
  6.00225225225225287E+01  8.80038593232028155E-02  2.96589157477222531E-02
  6.00975975975975985E+01  8.63960492012008086E-02  2.91302261648228762E-02
  6.01726726726726824E+01  8.48107612556943391E-02  2.86078053622844178E-02
  6.02477477477477521E+01  8.32477926513155858E-02  2.80917744487145411E-02
  6.03228228228228289E+01  8.17069746066050595E-02  2.75822496678779158E-02
  6.03978978978979058E+01  8.01881711175249090E-02  2.70793331027433803E-02
  6.04729729729729826E+01  7.86912740155265994E-02  2.65831046662849679E-02
  6.05480480480480523E+01  7.72161953402843992E-02  2.60936164177902399E-02
  6.06231231231231362E+01  7.57628582887255875E-02  2.56108896651154258E-02
  6.06981981981982059E+01  7.43311879659800390E-02  2.51349147503411897E-02
  6.07732732732732757E+01  7.29211028835960173E-02  2.46656530115038838E-02
  6.08483483483483596E+01  7.15325077538244564E-02  2.42030402411610307E-02
  6.09234234234234293E+01  7.01652877535729330E-02  2.37469910179425210E-02
  6.09984984984984990E+01  6.88193041833917857E-02  2.32974034970889303E-02
  6.10735735735735830E+01  6.74943913719886351E-02  2.28541645011803157E-02
  6.11486486486486527E+01  6.61903547564725581E-02  2.24171549454981675E-02
  6.12237237237237295E+01  6.49069702329354015E-02  2.19862556912434892E-02
  6.12987987987988063E+01  6.36439850280463432E-02  2.15613538254898832E-02
  6.13738738738738832E+01  6.24011204057512425E-02  2.11423491554070427E-02
  6.14489489489489529E+01  6.11780764446553244E-02  2.07291604513808007E-02
  6.15240240240240368E+01  5.99745389003530430E-02  2.03217307683600905E-02
  6.15990990990991065E+01  5.87901878484484303E-02  1.99200310924449557E-02
  6.16741741741741762E+01  5.76247074652735114E-02  1.95240616407221304E-02
  6.17492492492492602E+01  5.64777960295262393E-02  1.91338503820994987E-02
  6.18243243243243299E+01  5.53491750891075968E-02  1.87494486992975731E-02
  6.18993993993993996E+01  5.42385967700525773E-02  1.83709245038961473E-02
  6.19744744744744835E+01  5.31458484046205618E-02  1.79983534671343502E-02
  6.20495495495495533E+01  5.20707539821338578E-02  1.76318092722294803E-02
  6.21246246246246301E+01  5.10131723134880019E-02  1.72713538909401131E-02
  6.21996996996997069E+01  4.99729921762268048E-02  1.69170288343210053E-02
  6.22747747747747837E+01  4.89501250103390670E-02  1.65688481529372295E-02
  6.23498498498498535E+01  4.79444959278785832E-02  1.62267937137288709E-02
  6.24249249249249374E+01  4.69560338732610133E-02  1.58908130136683340E-02
  6.25000000000000071E+01  4.59846617427343007E-02  1.55608195504870431E-02
  6.25750750750750768E+01  4.50302871747622138E-02  1.52366955859447838E-02
  6.26501501501501608E+01  4.40927945959891168E-02  1.49182970135939945E-02
  6.27252252252252305E+01  4.31720389809140612E-02  1.46054599684969696E-02
  6.28003003003003002E+01  4.22678416735046691E-02  1.42980087684189995E-02
  6.28753753753753841E+01  4.13799885250606056E-02  1.39957647321870497E-02
  6.29504504504504538E+01  4.05082305111355151E-02  1.36985553677347448E-02
  6.30255255255255307E+01  3.96522868823955266E-02  1.34062233606081320E-02
  6.31006006006006075E+01  3.88118507649328898E-02  1.31186347383467922E-02
  6.31756756756756843E+01  3.79865969510029614E-02  1.28356855615387854E-02
  6.32507507507507540E+01  3.71761914226759888E-02  1.25573065242149239E-02
  6.33258258258258380E+01  3.63803019536502042E-02  1.22834649529859619E-02
  6.34009009009009077E+01  3.55986089721411630E-02  1.20141638800893256E-02
  6.34759759759759774E+01  3.48308157742746316E-02  1.17494381171089606E-02
  6.35510510510510613E+01  3.40766571783293407E-02  1.14893475444943875E-02
  6.36261261261261311E+01  3.33359058159004434E-02  1.12339681178344787E-02
  6.37012012012012008E+01  3.26083754587073588E-02  1.09833813338035512E-02
  6.37762762762762847E+01  3.18939210545497662E-02  1.07376630620734485E-02
  6.38513513513513544E+01  3.11924354562298223E-02  1.04968727130027948E-02
  6.39264264264264312E+01  3.05038431324161849E-02  1.02610436701826777E-02
  6.40015015015015081E+01  2.98280914126442774E-02  1.00301757838380939E-02
  6.40765765765765849E+01  2.91651400134070524E-02  9.80423051968475935E-03
  6.41516516516516475E+01  2.85149497056608990E-02  9.58312911798389622E-03
  6.42267267267267385E+01  2.78774710164567188E-02  9.36675386829696061E-03
  6.43018018018018012E+01  2.72526338192390465E-02  9.15495236996570309E-03
  6.43768768768768780E+01  2.66403385741848728E-02  8.94754444130944383E-03
  6.44519519519519690E+01  2.60404498473662746E-02  8.74433116853349374E-03
  6.45270270270270316E+01  2.54527925776064229E-02  8.54510544958943241E-03
  6.46021021021021085E+01  2.48771513800365440E-02  8.34966328826906336E-03
  6.46771771771771853E+01  2.43132729793614673E-02  8.15781503093755168E-03
  6.47522522522522621E+01  2.37608716568652734E-02  7.96939571728314672E-03
  6.48273273273273247E+01  2.32196373791356304E-02  7.78427374509332252E-03
  6.49024024024024158E+01  2.26892460644868774E-02  7.60235713566732429E-03
  6.49774774774774784E+01  2.21693712521915352E-02  7.42359683608981909E-03
  6.50525525525525552E+01  2.16596962911859113E-02  7.24798670520689255E-03
  6.51276276276276320E+01  2.11599260808050249E-02  7.07556009019596425E-03
  6.52027027027027088E+01  2.06697973940310926E-02  6.90638318869423243E-03
  6.52777777777777857E+01  2.01890869027500780E-02  6.74054567850976196E-03
  6.53528528528528625E+01  1.97176162018457973E-02  6.57814935067055091E-03
  6.54279279279279393E+01  1.92552533794345428E-02  6.41929567181986210E-03
  6.55030030030030019E+01  1.88019109784375825E-02  6.26407330599328387E-03
  6.55780780780780930E+01  1.83575405078199132E-02  6.11254663206429322E-03
  6.56531531531531556E+01  1.79221239568145563E-02  5.96474620278275320E-03
  6.57282282282282324E+01  1.74956630128767811E-02  5.82066191723728307E-03
  6.58033033033033092E+01  1.70781668624284781E-02  5.68023944231216792E-03
  6.58783783783783861E+01  1.66696395510017407E-02  5.54338014632954623E-03
  6.59534534534534629E+01  1.62700678942347444E-02  5.40994452585179773E-03
  6.60285285285285397E+01  1.58794108692740348E-02  5.27975883775631902E-03
  6.61036036036036165E+01  1.54975912886066679E-02  5.15262441145311091E-03
  6.61786786786786791E+01  1.51244903787022961E-02  5.02832892355898221E-03
  6.62537537537537702E+01  1.47599456680367301E-02  4.90665877823668641E-03
  6.63288288288288328E+01  1.44037523466285493E-02  4.78741165657147871E-03
  6.64039039039039096E+01  1.40556680054869463E-02  4.67040828177671570E-03
  6.64789789789789864E+01  1.37154204133213709E-02  4.55550249613028563E-03
  6.65540540540540633E+01  1.33827177548866520E-02  4.44258886058689247E-03
  6.66291291291291259E+01  1.30572605573454781E-02  4.33160716562299136E-03
  6.67042042042042169E+01  1.27387543854748757E-02  4.22254347353187478E-03
  6.67792792792792795E+01  1.24269223093968397E-02  4.11542758337380982E-03
  6.68543543543543564E+01  1.21215161515518133E-02  4.01032709926721961E-03
  6.69294294294294332E+01  1.18223256077331588E-02  3.90733856523086363E-03
  6.70045045045045100E+01  1.15291845061688790E-02  3.80657637812497522E-03
  6.70795795795795868E+01  1.12419737054703529E-02  3.70816037901800649E-03
  6.71546546546546637E+01  1.09606204149950790E-02  3.61220313274559710E-03
  6.72297297297297405E+01  1.06850940223250888E-02  3.51879792431824536E-03
  6.73048048048048031E+01  1.04153988026086837E-02  3.42800842815435981E-03
  6.73798798798798941E+01  1.01515641358205892E-02  3.33986085095877312E-03
  6.74549549549549567E+01  9.89363304829378627E-03  3.25433912897689272E-03
  6.75300300300300336E+01  9.64165000960531815E-03  3.17138349849798535E-03
  6.76051051051051104E+01  9.39564894915172893E-03  3.09089248032559574E-03
  6.76801801801801872E+01  9.15564241080980487E-03  3.01272804909224470E-03
  6.77552552552552640E+01  8.92161264793110004E-03  2.93672351809834290E-03
  6.78303303303303409E+01  8.69350528822224536E-03  2.86269347639641399E-03
  6.79054054054054177E+01  8.47122598510707814E-03  2.79044497850848734E-03
  6.79804804804804803E+01  8.25464023622842283E-03  2.71978911488766732E-03
  6.80555555555555713E+01  8.04357630800138328E-03  2.65055208507820233E-03
  6.81306306306306340E+01  7.83783097404695296E-03  2.58258495377227705E-03
  6.82057057057057108E+01  7.63717757037470600E-03  2.51577138743228805E-03
  6.82807807807807876E+01  7.44137570542855852E-03  2.45003283728749627E-03
  6.83558558558558644E+01  7.25018185064840812E-03  2.38533084132382328E-03
  6.84309309309309270E+01  7.06335998615535351E-03  2.32166634803736630E-03
  6.85060060060060181E+01  6.88069149148131092E-03  2.25907620012087609E-03
  6.85810810810810807E+01  6.70198355252791915E-03  2.19762713722080824E-03
  6.86561561561561575E+01  6.52707549664384348E-03  2.13740786400053130E-03
  6.87312312312312343E+01  6.35584265522212699E-03  2.07851986598172646E-03
  6.88063063063063112E+01  6.18819756971917320E-03  2.02106772872049680E-03
  6.88813813813813880E+01  6.02408858132488269E-03  1.96514972002446477E-03
  6.89564564564564648E+01  5.86349605470494126E-03  1.91084933184037359E-03
  6.90315315315315416E+01  5.70642666231100087E-03  1.85822835721517971E-03
  6.91066066066066043E+01  5.55290628227643815E-03  1.80732191356291279E-03
  6.91816816816816953E+01  5.40297213083856028E-03  1.75813563552392220E-03
  6.92567567567567579E+01  5.25666475771713413E-03  1.71064506941383861E-03
  6.93318318318318347E+01  5.11402048499860762E-03  1.66479712558582709E-03
  6.94069069069069116E+01  4.97506477744310508E-03  1.62051330016195374E-03
  6.94819819819819884E+01  4.83980690887159549E-03  1.57769427347217430E-03
  6.95570570570570652E+01  4.70823615072779676E-03  1.53622543339145446E-03
  6.96321321321321420E+01  4.58031956943539490E-03  1.49598285656216828E-03
  6.97072072072072189E+01  4.45600139068046477E-03  1.45683930417322472E-03
  6.97822822822822815E+01  4.33520377985830048E-03  1.41866984402523382E-03
  6.98573573573573725E+01  4.21782880395040437E-03  1.38135678860017998E-03
  6.99324324324324351E+01  4.10376128365814389E-03  1.34479373155630961E-03
  7.00075075075075119E+01  3.99287221651070841E-03  1.30888856505885867E-03
  7.00825825825825888E+01  3.88502245167415610E-03  1.27356546099006485E-03
  7.01576576576576656E+01  3.78006632455791820E-03  1.23876589406420935E-03
  7.02327327327327282E+01  3.67785501268815462E-03  1.20444886771442906E-03
  7.03078078078078192E+01  3.57823945121205772E-03  1.17059056728270540E-03
  7.03828828828828819E+01  3.48107274238448373E-03  1.13718370207318881E-03
  7.04579579579579587E+01  3.38621210131544474E-03  1.10423680102915010E-03
  7.05330330330330497E+01  3.29352048980611741E-03  1.07177369045229846E-03
  7.06081081081081123E+01  3.20286818796742352E-03  1.03983330356233390E-03
  7.06831831831831892E+01  3.11413462409445944E-03  1.00846985250069190E-03
  7.07582582582582660E+01  3.02721081098982414E-03  9.77753240873277963E-04
  7.08333333333333428E+01  2.94200270702449189E-03  9.47769422421674787E-04
  7.09084084084084054E+01  2.85843572169308668E-03  9.18620238092557480E-04
  7.09834834834834965E+01  2.77646041288623054E-03  8.90422113808978389E-04
  7.10585585585585591E+01  2.69605917866649761E-03  8.63302902343708795E-04
  7.11336336336336359E+01  2.61725344113444966E-03  8.37396134182534458E-04
  7.12087087087087127E+01  2.54011047549077603E-03  8.12832032698819766E-04
  7.12837837837837895E+01  2.46474868645761222E-03  7.89724873117487710E-04
  7.13588588588588664E+01  2.39039426784344198E-03  7.67367509695157093E-04
  7.14339339339339432E+01  2.31624233976401210E-03  7.45032830428345736E-04
  7.15090090090090200E+01  2.24237647965112646E-03  7.22760778820209738E-04
  7.15840840840840826E+01  2.16898052492263491E-03  7.00601865214572970E-04
  7.16591591591591737E+01  2.09630382548381313E-03  6.78569226019373750E-04
  7.17342342342342363E+01  2.02461766137072277E-03  6.56614706546685984E-04
  7.18093093093093131E+01  1.95417215105397456E-03  6.34626583451793395E-04
  7.18843843843843899E+01  1.88516062933572663E-03  6.12444740085747968E-04
  7.19594594594594668E+01  1.81769635257639662E-03  5.89887945452835039E-04
  7.20345345345345436E+01  1.75180431598946575E-03  5.66787101483806188E-04
  7.21096096096096204E+01  1.68742874979786977E-03  5.43017934148730072E-04
  7.21846846846846972E+01  1.62445445348618350E-03  5.18526824871562604E-04
  7.22597597597597598E+01  1.56273771578460956E-03  4.93344568055770010E-04
  7.23348348348348509E+01  1.50214055790578202E-03  4.67584939761094681E-04
  7.24099099099099135E+01  1.44256095840864483E-03  4.41427963399648184E-04
  7.24849849849849903E+01  1.38395206340696407E-03  4.15091235975495086E-04
  7.25600600600600671E+01  1.32632542638187181E-03  3.88795918448483005E-04
  7.26351351351351440E+01  1.26973694122558081E-03  3.62736122363930733E-04
  7.27102102102102066E+01  1.21425873960250854E-03  3.37060627065999578E-04
  7.27852852852852976E+01  1.15994489022120469E-03  3.11873644811012094E-04
  7.28603603603603602E+01  1.10680197774986840E-03  2.87256783252043033E-04
  7.29354354354354371E+01  1.05477632336097677E-03  2.63308199837146526E-04
  7.30105105105105139E+01  1.00376694571336451E-03  2.40188618164895884E-04
  7.30855855855855907E+01  9.53667348968073895E-04  2.18159199693850970E-04
  7.31606606606606675E+01  9.04430854472343588E-04  1.97595007779297803E-04
  7.32357357357357444E+01  8.56145398591838243E-04  1.78961144493978817E-04
  7.33108108108108212E+01  8.09097020962762283E-04  1.62746666902368551E-04
  7.33858858858858838E+01  7.63799144860800665E-04  1.49362795272390338E-04
  7.34609609609609748E+01  7.20968876503586291E-04  1.39024094730794297E-04
  7.35360360360360374E+01  6.81442090710212981E-04  1.31640814823585727E-04
  7.36111111111111143E+01  6.46034303803594344E-04  1.26754036469103534E-04
  7.36861861861861911E+01  6.15370768365709449E-04  1.23540435653951336E-04
  7.37612612612612679E+01  5.89722299047654793E-04  1.20900093047862734E-04
  7.38363363363363447E+01  5.68888615912810803E-04  1.17621138954393162E-04
  7.39114114114114216E+01  5.52165547849223963E-04  1.12593705549062030E-04
  7.39864864864864984E+01  5.38416051976908566E-04  1.05028558705998239E-04
  7.40615615615615610E+01  5.26240708791800619E-04  9.46285122900694041E-05
  7.41366366366366520E+01  5.14217041850775639E-04  8.16668183396960698E-05
  7.42117117117117147E+01  5.01156053496250396E-04  6.69461823375303071E-05
  7.42867867867867915E+01  4.86315506476418498E-04  5.16408205221208970E-05
  7.43618618618618683E+01  4.69516606265733534E-04  3.70546571271960630E-05
  7.44369369369369451E+01  4.51133278460529854E-04  2.43525308653884457E-05
  7.45120120120120077E+01  4.31955802806079407E-04  1.43305532906733635E-05
  7.45870870870870988E+01  4.12964167994208427E-04  7.28276751412794821E-06
  7.46621621621621614E+01  3.95071115730339522E-04  2.99565320098340528E-06
  7.47372372372372382E+01  3.78902572663323363E-04  8.66851811826361758E-07
  7.48123123123123150E+01  3.64671100201053894E-04  1.10275845055823767E-07
  7.48873873873873919E+01  3.52169513739166058E-04 -1.27327528505527605E-08
  7.49624624624624687E+01  3.40875926087222294E-04  0.00000000000000000E+00
# pulse generated by run 1499526 (fbR0003)
