# OCT iter       1000;   J_T =   5.367238810491E-03;   pulse_id =          1                                                                                                                                                                                   
#               time [ns]            Re(ampl) [au]            Im(ampl) [au]                                                                                                                                                                                    
  3.75375375375375381E-02  3.39949637117564253E-04  2.90546541928472630E-06
  1.12612612612612600E-01  3.44783388669874533E-04  1.00160463504531898E-05
  1.87687687687687704E-01  3.41353693394047661E-04  1.71450176639015026E-05
  2.62762762762762780E-01  3.29513311917813329E-04  1.91180574199328753E-05
  3.37837837837837829E-01  3.12183372081654010E-04  1.15689701752717168E-05
  4.12912912912912933E-01  2.94413040659060200E-04 -7.59606324243408688E-06
  4.87987987987987926E-01  2.81856872671509037E-04 -3.74484505379142724E-05
  5.63063063063062974E-01  2.79115968035254468E-04 -7.41808107343042058E-05
  6.38138138138138133E-01  2.88413112888181934E-04 -1.12071552101001044E-04
  7.13213213213213182E-01  3.08962448354866933E-04 -1.44970555578012946E-04
  7.88288288288288341E-01  3.37184360702794757E-04 -1.67870766876725402E-04
  8.63363363363363390E-01  3.67670409067018982E-04 -1.78125206658668890E-04
  9.38438438438438438E-01  3.94595428048773861E-04 -1.75991226957380667E-04
  1.01351351351351360E+00  4.13164824702825118E-04 -1.64392051684560488E-04
  1.08858858858858865E+00  4.20702100940063232E-04 -1.48013147136785266E-04
  1.16366366366366392E+00  4.17111996755976759E-04 -1.32028561436162606E-04
  1.23873873873873874E+00  4.04651336075167382E-04 -1.20830471084203852E-04
  1.31381381381381379E+00  3.87138491880354622E-04 -1.17098486330369730E-04
  1.38888888888888906E+00  3.68873784755094326E-04 -1.21415217573911418E-04
  1.46396396396396411E+00  3.53590737298993974E-04 -1.32459460883390127E-04
  1.53903903903903916E+00  3.43708239084056179E-04 -1.47645332767832861E-04
  1.61411411411411421E+00  3.40033088922801578E-04 -1.63971762287809460E-04
  1.68918918918918903E+00  3.41916264065134990E-04 -1.78824915803618305E-04
  1.76426426426426430E+00  3.47741570173357682E-04 -1.90531067119597338E-04
  1.83933933933933913E+00  3.55555623234609665E-04 -1.98561049272906188E-04
  1.91441441441441418E+00  3.63644924147432994E-04 -2.03401118429056410E-04
  1.98948948948948945E+00  3.70918398560455447E-04 -2.06193543437735753E-04
  2.06456456456456472E+00  3.77036354799824096E-04 -2.08292132466948954E-04
  2.13963963963963932E+00  3.82309229502136969E-04 -2.10870008964353340E-04
  2.21471471471471482E+00  3.87447588284717671E-04 -2.14671793460172449E-04
  2.28978978978978986E+00  3.93266831605331606E-04 -2.19941173502658421E-04
  2.36486486486486447E+00  4.00437598280869956E-04 -2.26499136971168797E-04
  2.43993993993993996E+00  4.09337643248208565E-04 -2.33912887550429682E-04
  2.51501501501501501E+00  4.20018770448414786E-04 -2.41685963724913079E-04
  2.59009009009009006E+00  4.32267240923746461E-04 -2.49412632594913156E-04
  2.66516516516516511E+00  4.45716312195988272E-04 -2.56864869165453083E-04
  2.74024024024024015E+00  4.59966785734529707E-04 -2.64007480507047422E-04
  2.81531531531531520E+00  4.74681772802162179E-04 -2.70957810325246683E-04
  2.89039039039039025E+00  4.89638684667141806E-04 -2.77916800039112826E-04
  2.96546546546546530E+00  5.04738088531997073E-04 -2.85098103780546236E-04
  3.04054054054054079E+00  5.19980938672223573E-04 -2.92674555692706460E-04
  3.11561561561561540E+00  5.35430966681661302E-04 -3.00750809108318829E-04
  3.19069069069069089E+00  5.51178309897109101E-04 -3.09361162366116017E-04
  3.26576576576576638E+00  5.67315833752142073E-04 -3.18484766382392506E-04
  3.34084084084084099E+00  5.83933446583370565E-04 -3.28067258596137805E-04
  3.41591591591591603E+00  6.01129879239184657E-04 -3.38037843740464231E-04
  3.49099099099099153E+00  6.19036875606278130E-04 -3.48312840576500639E-04
  3.56606606606606613E+00  6.37847654834514718E-04 -3.58779696266296614E-04
  3.64114114114114118E+00  6.57839528681409755E-04 -3.69258846720584022E-04
  3.71621621621621667E+00  6.78520996618782891E-04 -3.79834716868427205E-04
  3.79129129129129128E+00  6.99312298505349672E-04 -3.90733553028917570E-04
  3.86636636636636721E+00  7.20374194580869400E-04 -4.01981786284414950E-04
  3.94144144144144182E+00  7.41814743221860177E-04 -4.13580881553060782E-04
  4.01651651651651687E+00  7.63704733271151838E-04 -4.25524317637958132E-04
  4.09159159159159191E+00  7.86090237897073599E-04 -4.37806186173409211E-04
  4.16666666666666696E+00  8.09002057289394763E-04 -4.50424913713000168E-04
  4.24174174174174201E+00  8.32462491855458122E-04 -4.63384284896878828E-04
  4.31681681681681706E+00  8.56490022695049515E-04 -4.76693022944133231E-04
  4.39189189189189211E+00  8.81102386208136145E-04 -4.90363632762450788E-04
  4.46696696696696716E+00  9.06318398924473782E-04 -5.04410926342411365E-04
  4.54204204204204220E+00  9.32158797885193993E-04 -5.18850515985316168E-04
  4.61711711711711725E+00  9.58646324775269459E-04 -5.33697489762366374E-04
  4.69219219219219230E+00  9.85805278678359657E-04 -5.48965423182933357E-04
  4.76726726726726824E+00  1.01366076482813268E-03 -5.64665811906294043E-04
  4.84234234234234240E+00  1.04223785397944131E-03 -5.80807935182786920E-04
  4.91741741741741745E+00  1.07156083069097959E-03 -5.97399091440300295E-04
  4.99249249249249338E+00  1.10165265257784512E-03 -6.14445099250210403E-04
  5.06756756756756754E+00  1.13253467770833968E-03 -6.31950936337849966E-04
  5.14264264264264259E+00  1.16422665712103400E-03 -6.49921396136085550E-04
  5.21771771771771853E+00  1.19674694469096721E-03 -6.68361668772651427E-04
  5.29279279279279269E+00  1.23011285271515110E-03 -6.87277790815224421E-04
  5.36786786786786774E+00  1.26434107812820420E-03 -7.06676944847430487E-04
  5.44294294294294367E+00  1.29944813600727524E-03 -7.26567617964334338E-04
  5.51801801801801872E+00  1.33545075639693702E-03 -7.46959643784195389E-04
  5.59309309309309288E+00  1.37236622006766122E-03 -7.67864156195174462E-04
  5.66816816816816882E+00  1.41021262341337484E-03 -7.89293478663474681E-04
  5.74324324324324387E+00  1.44900907033748650E-03 -8.11260965755776736E-04
  5.81831831831831803E+00  1.48877579083532942E-03 -8.33780808198713360E-04
  5.89339339339339396E+00  1.52953418524891249E-03 -8.56867811856657402E-04
  5.96846846846846901E+00  1.57130679348022983E-03 -8.80537164353673062E-04
  6.04354354354354406E+00  1.61411719232497342E-03 -9.04804208339306465E-04
  6.11861861861861911E+00  1.65798983194895755E-03 -9.29684244156005917E-04
  6.19369369369369416E+00  1.70294983253260757E-03 -9.55192383850107839E-04
  6.26876876876876921E+00  1.74902277086205955E-03 -9.81343471689687065E-04
  6.34384384384384425E+00  1.79623449049488978E-03 -1.00815207454489912E-03
  6.41891891891891930E+00  1.84461096559068618E-03 -1.03563253170033814E-03
  6.49399399399399435E+00  1.89417823733099952E-03 -1.06379904209117043E-03
  6.56906906906906851E+00  1.94496242537914505E-03 -1.09266576146285137E-03
  6.64414414414414356E+00  1.99698979937342749E-03 -1.12224688470295209E-03
  6.71921921921921950E+00  2.05028688205093632E-03 -1.15255669911677305E-03
  6.79429429429429366E+00  2.10488055039843641E-03 -1.18360960958595568E-03
  6.86936936936936871E+00  2.16079810603432088E-03 -1.21542015141925999E-03
  6.94444444444444464E+00  2.21806729958184002E-03 -1.24800301607080476E-03
  7.01951951951951880E+00  2.27671631199692073E-03 -1.28137311500264731E-03
  7.09459459459459385E+00  2.33677371287798136E-03 -1.31554569687321191E-03
  7.16966966966966979E+00  2.39826842602518589E-03 -1.35053651534698498E-03
  7.24474474474474395E+00  2.46122973219906407E-03 -1.38636202436725358E-03
  7.31981981981981900E+00  2.52568732768082473E-03 -1.42303956125620608E-03
  7.39489489489489493E+00  2.59167143800084808E-03 -1.46058747136224194E-03
  7.46996996996996998E+00  2.65921296501060505E-03 -1.49902513440011882E-03
  7.54504504504504414E+00  2.72834362929820712E-03 -1.53837287152790267E-03
  7.62012012012012008E+00  2.79909606460274378E-03 -1.57865173907358026E-03
  7.69519519519519513E+00  2.87150382907817598E-03 -1.61988324240226050E-03
  7.77027027027026929E+00  2.94560131852176317E-03 -1.66208902378318403E-03
  7.84534534534534522E+00  3.02142359359090220E-03 -1.70529058509677456E-03
  7.92042042042042116E+00  3.09900615866521385E-03 -1.74950909737534520E-03
  7.99549549549549443E+00  3.17838474634528400E-03 -1.79476532670793569E-03
  8.07057057057057037E+00  3.25959516299117883E-03 -1.84107967632444547E-03
  8.14564564564564542E+00  3.34267323589755409E-03 -1.88847231640891272E-03
  8.22072072072072046E+00  3.42765487534052145E-03 -1.93696335477674128E-03
  8.29579579579579551E+00  3.51457623254515386E-03 -1.98657299845337535E-03
  8.37087087087087056E+00  3.60347390719762718E-03 -2.03732166911822429E-03
  8.44594594594594561E+00  3.69438514397647539E-03 -2.08923005989655524E-03
  8.52102102102102066E+00  3.78734796143934127E-03 -2.14231914878231780E-03
  8.59609609609609571E+00  3.88240117777507998E-03 -2.19661020540180829E-03
  8.67117117117117076E+00  3.97958433026464765E-03 -2.25212483499820544E-03
  8.74624624624624580E+00  4.07893751890826307E-03 -2.30888509298007166E-03
  8.82132132132132085E+00  4.18050122892340333E-03 -2.36691367750821403E-03
  8.89639639639639590E+00  4.28431619364580060E-03 -2.42623417414791027E-03
  8.97147147147147095E+00  4.39042334598806639E-03 -2.48687129652389169E-03
  9.04654654654654600E+00  4.49886387665799845E-03 -2.54885105093911966E-03
  9.12162162162162105E+00  4.60967937996331449E-03 -2.61220075811053080E-03
  9.19669669669669609E+00  4.72291203525662586E-03 -2.67694889236227539E-03
  9.27177177177177114E+00  4.83860475505188108E-03 -2.74312474166717299E-03
  9.34684684684684619E+00  4.95680123618909459E-03 -2.81075793923125884E-03
  9.42192192192192124E+00  5.07754587785353134E-03 -2.87987795505394379E-03
  9.49699699699699806E+00  5.20088357225578866E-03 -2.95051365222813011E-03
  9.57207207207207134E+00  5.32685941761451825E-03 -3.02269300160365375E-03
  9.64714714714714638E+00  5.45551843458823467E-03 -3.09644301172170081E-03
  9.72222222222222321E+00  5.58690537532491836E-03 -3.17178987832003297E-03
  9.79729729729729648E+00  5.72106469446559147E-03 -3.24875930404391151E-03
  9.87237237237237153E+00  5.85804070796808012E-03 -3.32737689989816244E-03
  9.94744744744744835E+00  5.99787791048756770E-03 -3.40766856703910966E-03
  1.00225225225225216E+01  6.14062137166904599E-03 -3.48966077454990371E-03
  1.00975975975975967E+01  6.28631710200630925E-03 -3.57338069042886005E-03
  1.01726726726726735E+01  6.43501228029060186E-03 -3.65885617586362687E-03
  1.02477477477477468E+01  6.58675526841702701E-03 -3.74611569975885584E-03
  1.03228228228228218E+01  6.74159539675495741E-03 -3.83518825570142727E-03
  1.03978978978978986E+01  6.89958256796734028E-03 -3.92610335795125220E-03
  1.04729729729729719E+01  7.06076677962120831E-03 -4.01889115739086436E-03
  1.05480480480480470E+01  7.22519768966291276E-03 -4.11358266352815621E-03
  1.06231231231231238E+01  7.39292433559575902E-03 -4.21021000263938419E-03
  1.06981981981981971E+01  7.56399507098986894E-03 -4.30880660462777329E-03
  1.07732732732732721E+01  7.73845771557784591E-03 -4.40940720714827570E-03
  1.08483483483483489E+01  7.91635984835626846E-03 -4.51204760014404811E-03
  1.09234234234234222E+01  8.09774912818749318E-03 -4.61676410003371632E-03
  1.09984984984984973E+01  8.28267351862786196E-03 -4.72359282247096848E-03
  1.10735735735735741E+01  8.47118132702330204E-03 -4.83256889209780337E-03
  1.11486486486486474E+01  8.66332103313517503E-03 -4.94372576452336426E-03
  1.12237237237237242E+01  8.85914095964370103E-03 -5.05709482584924125E-03
  1.12987987987987992E+01  9.05868890081058808E-03 -5.17270537775105406E-03
  1.13738738738738725E+01  9.26201185414332953E-03 -5.29058502516100825E-03
  1.14489489489489493E+01  9.46915598100685381E-03 -5.41076038371068099E-03
  1.15240240240240244E+01  9.68016685831816527E-03 -5.53325794392666055E-03
  1.15990990990990976E+01  9.89508999198765102E-03 -5.65810489269155063E-03
  1.16741741741741745E+01  1.01139714710532427E-02 -5.78532971131796078E-03
  1.17492492492492495E+01  1.03368585789115237E-02 -5.91496243894843593E-03
  1.18243243243243228E+01  1.05638001669691225E-02 -6.04703458947867308E-03
  1.18993993993993996E+01  1.07948466440193017E-02 -6.18157880951711227E-03
  1.19744744744744747E+01  1.10300495313162411E-02 -6.31862843300827828E-03
  1.20495495495495497E+01  1.12694606524826532E-02 -6.45821710301654108E-03
  1.21246246246246248E+01  1.15131311342358145E-02 -6.60037858714998364E-03
  1.21996996996996998E+01  1.17611104554163175E-02 -6.74514682348845065E-03
  1.22747747747747749E+01  1.20134457770211551E-02 -6.89255612752145107E-03
  1.23498498498498499E+01  1.22701817132194382E-02 -7.04264140342080423E-03
  1.24249249249249250E+01  1.25313605818005418E-02 -7.19543816675537011E-03
  1.25000000000000000E+01  1.27970230371927101E-02 -7.35098221754603223E-03
  1.25750750750750750E+01  1.30672088808982834E-02 -7.50930889825333729E-03
  1.26501501501501501E+01  1.33419577970521775E-02 -7.67045200546057071E-03
  1.27252252252252251E+01  1.36213097912938671E-02 -7.83444255657947050E-03
  1.28003003003003002E+01  1.39053052120250691E-02 -8.00130770088065130E-03
  1.28753753753753752E+01  1.41939843746315374E-02 -8.17107007500466817E-03
  1.29504504504504503E+01  1.44873869472876508E-02 -8.34374782580927545E-03
  1.30255255255255271E+01  1.47855513464019914E-02 -8.51935537331102548E-03
  1.31006006006006004E+01  1.50885143986745802E-02 -8.69790480238510910E-03
  1.31756756756756772E+01  1.53963114473560786E-02 -8.87940760556813272E-03
  1.32507507507507523E+01  1.57089769329033929E-02 -9.06387640039934758E-03
  1.33258258258258255E+01  1.60265453064862180E-02 -9.25132624536525658E-03
  1.34009009009009024E+01  1.63490519933121893E-02 -9.44177528250336046E-03
  1.34759759759759774E+01  1.66765340605091288E-02 -9.63524461487344497E-03
  1.35510510510510507E+01  1.70090302887223356E-02 -9.83175753193793120E-03
  1.36261261261261275E+01  1.73465804932820856E-02 -1.00313383643198823E-02
  1.37012012012012026E+01  1.76892241527276776E-02 -1.02340113290933683E-02
  1.37762762762762758E+01  1.80369986191258394E-02 -1.04397996909535457E-02
  1.38513513513513526E+01  1.83899373392666342E-02 -1.06487254217887302E-02
  1.39264264264264277E+01  1.87480685558050197E-02 -1.08608093343557661E-02
  1.40015015015015010E+01  1.91114148615159248E-02 -1.10760714609154723E-02
  1.40765765765765778E+01  1.94799937670292640E-02 -1.12945313141859186E-02
  1.41516516516516528E+01  1.98538191687957465E-02 -1.15162076567334234E-02
  1.42267267267267261E+01  2.02329033480489716E-02 -1.17411175308799239E-02
  1.43018018018018029E+01  2.06172589712566023E-02 -1.19692745358753391E-02
  1.43768768768768780E+01  2.10069005516451551E-02 -1.22006866162995536E-02
  1.44519519519519513E+01  2.14018449809049056E-02 -1.24353538594946973E-02
  1.45270270270270281E+01  2.18021110124394790E-02 -1.26732669102009050E-02
  1.46021021021021031E+01  2.22077178946027132E-02 -1.29144065487303596E-02
  1.46771771771771800E+01  2.26186836177248683E-02 -1.31587447455331196E-02
  1.47522522522522532E+01  2.30350233660713000E-02 -1.34062471534863864E-02
  1.48273273273273283E+01  2.34567487069180063E-02 -1.36568766240387652E-02
  1.49024024024024051E+01  2.38838678111700092E-02 -1.39105970436802662E-02
  1.49774774774774784E+01  2.43163866484291287E-02 -1.41673766745372600E-02
  1.50525525525525534E+01  2.47543107404480829E-02 -1.44271902914877379E-02
  1.51276276276276302E+01  2.51976468075654284E-02 -1.46900197178822835E-02
  1.52027027027027035E+01  2.56464035946450432E-02 -1.49558527897541704E-02
  1.52777777777777786E+01  2.61005913510463476E-02 -1.52246811996643843E-02
  1.53528528528528554E+01  2.65602198253838059E-02 -1.54964979556996788E-02
  1.54279279279279304E+01  2.70252951152998508E-02 -1.57712952430326368E-02
  1.55030030030030037E+01  2.74958161404260382E-02 -1.60490632668962400E-02
  1.55780780780780805E+01  2.79717717408886971E-02 -1.63297902406928375E-02
  1.56531531531531556E+01  2.84531393496660935E-02 -1.66134631864141742E-02
  1.57282282282282289E+01  2.89398858324770927E-02 -1.69000687990589829E-02
  1.58033033033033057E+01  2.94319705148360297E-02 -1.71895934431002054E-02
  1.58783783783783807E+01  2.99293497802314880E-02 -1.74820214868096520E-02
  1.59534534534534540E+01  3.04319821175750918E-02 -1.77773316329312044E-02
  1.60285285285285326E+01  3.09398322882327818E-02 -1.80754915619303590E-02
  1.61036036036036059E+01  3.14528734624965056E-02 -1.83764518783016244E-02
  1.61786786786786791E+01  3.19710867178832694E-02 -1.86801408261877688E-02
  1.62537537537537560E+01  3.24944580563782809E-02 -1.89864613418498640E-02
  1.63288288288288292E+01  3.30229738618169205E-02 -1.92952916599044982E-02
  1.64039039039039061E+01  3.35566162405801297E-02 -1.96064899428657659E-02
  1.64789789789789829E+01  3.40953597838216035E-02 -1.99199024422906587E-02
  1.65540540540540562E+01  3.46391708935736148E-02 -2.02353737900518617E-02
  1.66291291291291294E+01  3.51880100166726065E-02 -2.05527574315521114E-02
  1.67042042042042063E+01  3.57418361557969994E-02 -2.08719241425066836E-02
  1.67792792792792795E+01  3.63006121801311143E-02 -2.11927670647718454E-02
  1.68543543543543564E+01  3.68643090301156856E-02 -2.15152026294884342E-02
  1.69294294294294332E+01  3.74329070833794575E-02 -2.18391678358043732E-02
  1.70045045045045065E+01  3.80063937258344961E-02 -2.21646152781308364E-02
  1.70795795795795797E+01  3.85847573594615273E-02 -2.24915077565165482E-02
  1.71546546546546566E+01  3.91679793294417503E-02 -2.28198140942934592E-02
  1.72297297297297298E+01  3.97560261652725941E-02 -2.31495069624140515E-02
  1.73048048048048067E+01  4.03488447703060360E-02 -2.34805623220890949E-02
  1.73798798798798835E+01  4.09463626137105408E-02 -2.38129589476636858E-02
  1.74549549549549567E+01  4.15484936811583785E-02 -2.41466758122531738E-02
  1.75300300300300300E+01  4.21551492705698611E-02 -2.44816852305623778E-02
  1.76051051051051068E+01  4.27662511753083563E-02 -2.48179406468084784E-02
  1.76801801801801801E+01  4.33817438838746058E-02 -2.51553596335285894E-02
  1.77552552552552569E+01  4.40016024902425834E-02 -2.54938045763564401E-02
  1.78303303303303338E+01  4.46258341161806515E-02 -2.58330650705689280E-02
  1.79054054054054070E+01  4.52544725289745903E-02 -2.61728466957636408E-02
  1.79804804804804803E+01  4.58875677534186718E-02 -2.65127702334441544E-02
  1.80555555555555571E+01  4.65251741614176040E-02 -2.68523835649817216E-02
  1.81306306306306304E+01  4.71673411946265178E-02 -2.71911858284875248E-02
  1.82057057057057072E+01  4.78141102342934804E-02 -2.75286606057618989E-02
  1.82807807807807841E+01  4.84655192816090680E-02 -2.78643127379947057E-02
  1.83558558558558573E+01  4.91216145625485850E-02 -2.81977024770394893E-02
  1.84309309309309306E+01  4.97824657108072166E-02 -2.85284713634830940E-02
  1.85060060060060074E+01  5.04481796402117821E-02 -2.88563563114180854E-02
  1.85810810810810842E+01  5.11189081946177154E-02 -2.91811912589662083E-02
  1.86561561561561575E+01  5.17948463111076521E-02 -2.95028985288722026E-02
  1.87312312312312343E+01  5.24762203629926330E-02 -2.98214738537643451E-02
  1.88063063063063076E+01  5.31632697122536510E-02 -3.01369692711606317E-02
  1.88813813813813809E+01  5.38562272222152319E-02 -3.04494767123334974E-02
  1.89564564564564577E+01  5.45553055961678773E-02 -3.07591125994826388E-02
  1.90315315315315345E+01  5.52606953894961839E-02 -3.10660010765472713E-02
  1.91066066066066078E+01  5.59725775142071447E-02 -3.13702517351019325E-02
  1.91816816816816846E+01  5.66911488042031037E-02 -3.16719277485951953E-02
  1.92567567567567579E+01  5.74166549915672772E-02 -3.19710025394032357E-02
  1.93318318318318312E+01  5.81494226092515928E-02 -3.22673070910470886E-02
  1.94069069069069080E+01  5.88898809007796856E-02 -3.25604747183548954E-02
  1.94819819819819848E+01  5.96385671101621120E-02 -3.28498940520747240E-02
  1.95570570570570581E+01  6.03961130238516997E-02 -3.31346827427647789E-02
  1.96321321321321349E+01  6.11632160757121790E-02 -3.34136930016216555E-02
  1.97072072072072082E+01  6.19406030496450558E-02 -3.36855554829692677E-02
  1.97822822822822815E+01  6.27289968835563067E-02 -3.39487610451497251E-02
  1.98573573573573583E+01  6.35290963771727585E-02 -3.42017722519098247E-02
  1.99324324324324351E+01  6.43415747844554298E-02 -3.44431500778692723E-02
  2.00075075075075084E+01  6.51670973950715382E-02 -3.46716778957308833E-02
  2.00825825825825852E+01  6.60063520830792144E-02 -3.48864653974019778E-02
  2.01576576576576585E+01  6.68600824259188431E-02 -3.50870194682330327E-02
  2.02327327327327318E+01  6.77291119239688127E-02 -3.52732759186292211E-02
  2.03078078078078086E+01  6.86143506351236249E-02 -3.54455933627517220E-02
  2.03828828828828854E+01  6.95167814829438929E-02 -3.56047162818240656E-02
  2.04579579579579587E+01  7.04374307936242866E-02 -3.57517168518432168E-02
  2.05330330330330355E+01  7.13773338709713101E-02 -3.58879239897510055E-02
  2.06081081081081088E+01  7.23375094013807007E-02 -3.60148441108596035E-02
  2.06831831831831821E+01  7.33189548848539874E-02 -3.61340731824471503E-02
  2.07582582582582589E+01  7.43226692277298567E-02 -3.62471961363098963E-02
  2.08333333333333357E+01  7.53496997110086886E-02 -3.63556695403698810E-02
  2.09084084084084090E+01  7.64012014401166395E-02 -3.64606875073077916E-02
  2.09834834834834858E+01  7.74784910434517943E-02 -3.65630385096013949E-02
  2.10585585585585591E+01  7.85830751234950359E-02 -3.66629699992682551E-02
  2.11336336336336323E+01  7.97166386525559323E-02 -3.67600855155088002E-02
  2.12087087087087092E+01  8.08809882240835998E-02 -3.68533022991422501E-02
  2.12837837837837860E+01  8.20779572765142351E-02 -3.69408942492212983E-02
  2.13588588588588593E+01  8.33092916285654433E-02 -3.70206349586614733E-02
  2.14339339339339361E+01  8.45765405235563844E-02 -3.70900401058847987E-02
  2.15090090090090094E+01  8.58809786348087439E-02 -3.71466908612472224E-02
  2.15840840840840826E+01  8.72235777760776709E-02 -3.71886042253464499E-02
  2.16591591591591630E+01  8.86050351089042454E-02 -3.72146061066239014E-02
  2.17342342342342363E+01  9.00258507915000228E-02 -3.72246608639853691E-02
  2.18093093093093096E+01  9.14864362665270686E-02 -3.72201173120483217E-02
  2.18843843843843864E+01  9.29872281499271452E-02 -3.72038439633975704E-02
  2.19594594594594597E+01  9.45287836939491116E-02 -3.71802421035072536E-02
  2.20345345345345365E+01  9.61118415224606476E-02 -3.71551401599152092E-02
  2.21096096096096133E+01  9.77373431105334756E-02 -3.71355834466394891E-02
  2.21846846846846866E+01  9.94064223519340318E-02 -3.71295381701273325E-02
  2.22597597597597598E+01  1.01120378589045573E-01 -3.71455281638648632E-02
  2.23348348348348367E+01  1.02880650070316396E-01 -3.71922196163560134E-02
  2.24099099099099099E+01  1.04688799588881554E-01 -3.72779664137265140E-02
  2.24849849849849868E+01  1.06546514073029897E-01 -3.74103296060569954E-02
  2.25600600600600636E+01  1.08455608914556759E-01 -3.75955903748415032E-02
  2.26351351351351369E+01  1.10418020098003208E-01 -3.78382860133489318E-02
  2.27102102102102101E+01  1.12435766066406012E-01 -3.81408100393481400E-02
  2.27852852852852870E+01  1.14510867998297072E-01 -3.85031265417539043E-02
  2.28603603603603602E+01  1.16645230494367688E-01 -3.89226510176220453E-02
  2.29354354354354371E+01  1.18840501040420723E-01 -3.93943422397825815E-02
  2.30105105105105139E+01  1.21097941202828560E-01 -3.99110311802308437E-02
  2.30855855855855872E+01  1.23418350580191044E-01 -4.04639852970800004E-02
  2.31606606606606604E+01  1.25802082780176266E-01 -4.10436734743107462E-02
  2.32357357357357373E+01  1.28249180248818123E-01 -4.16406640167206535E-02
  2.33108108108108105E+01  1.30759633570483313E-01 -4.22465611925344486E-02
  2.33858858858858873E+01  1.33333745188139535E-01 -4.28548699449048040E-02
  2.34609609609609642E+01  1.35972553017086273E-01 -4.34616768500198092E-02
  2.35360360360360374E+01  1.38678251729939250E-01 -4.40660491365539309E-02
  2.36111111111111107E+01  1.41454542741840494E-01 -4.46700811726585892E-02
  2.36861861861861875E+01  1.44306849947809512E-01 -4.52785558747486536E-02
  2.37612612612612608E+01  1.47242356310447159E-01 -4.58982322763226980E-02
  2.38363363363363376E+01  1.50269843558013899E-01 -4.65368146179756942E-02
  2.39114114114114145E+01  1.53399349232621385E-01 -4.72016972206691643E-02
  2.39864864864864877E+01  1.56641687171490018E-01 -4.78986078087409103E-02
  2.40615615615615646E+01  1.60007904062394596E-01 -4.86302854878603100E-02
  2.41366366366366378E+01  1.63508760924305385E-01 -4.93953257498877529E-02
  2.42117117117117111E+01  1.67154329717576350E-01 -5.01873041821652155E-02
  2.42867867867867879E+01  1.70953778843866172E-01 -5.09942573226738263E-02
  2.43618618618618648E+01  1.74915387208374240E-01 -5.17985611245902547E-02
  2.44369369369369380E+01  1.79046779476666335E-01 -5.25772141215085573E-02
  2.45120120120120148E+01  1.83355324780319906E-01 -5.33025112396671788E-02
  2.45870870870870881E+01  1.87848600453762449E-01 -5.39430877083556248E-02
  2.46621621621621614E+01  1.92534804410351645E-01 -5.44653158613213825E-02
  2.47372372372372418E+01  1.97423012838488759E-01 -5.48350395270382415E-02
  2.48123123123123150E+01  2.02523223687776449E-01 -5.50196173669380145E-02
  2.48873873873873883E+01  2.07846190214776655E-01 -5.49902076298545844E-02
  2.49624624624624651E+01  2.13403113396381794E-01 -5.47241615146124988E-02
  2.50375375375375384E+01  2.19205304759746283E-01 -5.42073127504012625E-02
  2.51126126126126152E+01  2.25263933818705409E-01 -5.34358811606049158E-02
  2.51876876876876921E+01  2.31589930246611481E-01 -5.24176780395715219E-02
  2.52627627627627653E+01  2.38194030097649695E-01 -5.11723377726742909E-02
  2.53378378378378386E+01  2.45086864213046041E-01 -4.97304153529363399E-02
  2.54129129129129154E+01  2.52278921937388767E-01 -4.81313719976231499E-02
  2.54879879879879887E+01  2.59780218971696286E-01 -4.64206834853963177E-02
  2.55630630630630655E+01  2.67599572323967305E-01 -4.46464908577771102E-02
  2.56381381381381424E+01  2.75743526642415360E-01 -4.28563098256758909E-02
  2.57132132132132156E+01  2.84215141537497995E-01 -4.10942814047696725E-02
  2.57882882882882889E+01  2.93012974216329325E-01 -3.93992794361282817E-02
  2.58633633633633657E+01  3.02130613082054467E-01 -3.78039373587991320E-02
  2.59384384384384390E+01  3.11557003340309946E-01 -3.63344032290800825E-02
  2.60135135135135123E+01  3.21277574217520678E-01 -3.50104755504470413E-02
  2.60885885885885891E+01  3.31275902476200534E-01 -3.38457807380760228E-02
  2.61636636636636588E+01  3.41535434287119632E-01 -3.28478295788544733E-02
  2.62387387387387356E+01  3.52040734282514700E-01 -3.20180617801022749E-02
  2.63138138138138125E+01  3.62777880189529611E-01 -3.13522252964779022E-02
  2.63888888888888857E+01  3.73733935123604810E-01 -3.08415054540802369E-02
  2.64639639639639626E+01  3.84895791015143873E-01 -3.04746396718059212E-02
  2.65390390390390394E+01  3.96248932495710415E-01 -3.02408530889961107E-02
  2.66141141141141091E+01  4.07776694763557601E-01 -3.01329672658557715E-02
  2.66891891891891859E+01  4.19460343643092204E-01 -3.01496766718998416E-02
  2.67642642642642627E+01  4.31279871599027309E-01 -3.02959521192716977E-02
  2.68393393393393360E+01  4.43214958935824022E-01 -3.05809104046806460E-02
  2.69144144144144128E+01  4.55245305244938780E-01 -3.10132172790484224E-02
  2.69894894894894897E+01  4.67349642377566488E-01 -3.15949403370754944E-02
  2.70645645645645594E+01  4.79503208898625910E-01 -3.23154294956238750E-02
  2.71396396396396362E+01  4.91674146568397141E-01 -3.31470030362897849E-02
  2.72147147147147130E+01  5.03819906243067273E-01 -3.40438409738501174E-02
  2.72897897897897863E+01  5.15885049385451766E-01 -3.49446367922740878E-02
  2.73648648648648631E+01  5.27801640437565611E-01 -3.57785227634006067E-02
  2.74399399399399400E+01  5.39492775341603115E-01 -3.64729254596538113E-02
  2.75150150150150097E+01  5.50878903055286306E-01 -3.69616118922464487E-02
  2.75900900900900865E+01  5.61885791452590544E-01 -3.71913438471999092E-02
  2.76651651651651633E+01  5.72452551431097079E-01 -3.71261367752611024E-02
  2.77402402402402366E+01  5.82538189891238067E-01 -3.67488411020154143E-02
  2.78153153153153134E+01  5.92125635695821106E-01 -3.60603435315463919E-02
  2.78903903903903903E+01  6.01222844142853985E-01 -3.50769681390708521E-02
  2.79654654654654600E+01  6.09861179208748272E-01 -3.38266709856336473E-02
  2.80405405405405368E+01  6.18091640797129749E-01 -3.23445315973428238E-02
  2.81156156156156136E+01  6.25979642002256642E-01 -3.06680262030017935E-02
  2.81906906906906869E+01  6.33599058026314332E-01 -2.88326906271070861E-02
  2.82657657657657637E+01  6.41026282945632575E-01 -2.68689630085154237E-02
  2.83408408408408405E+01  6.48335075936981697E-01 -2.48010563243833207E-02
  2.84159159159159103E+01  6.55592975332574213E-01 -2.26484802520371988E-02
  2.84909909909909871E+01  6.62859872880594669E-01 -2.04302643052324991E-02
  2.85660660660660675E+01  6.70188885523668509E-01 -1.81711466517975422E-02
  2.86411411411411372E+01  6.77628981362751182E-01 -1.59082295791105610E-02
  2.87162162162162140E+01  6.85228096782586005E-01 -1.36961406848308490E-02
  2.87912912912912908E+01  6.93034989615006314E-01 -1.16087844446425004E-02
  2.88663663663663606E+01  7.01098047525938961E-01 -9.73638013784119093E-03
  2.89414414414414409E+01  7.09459818699932909E-01 -8.17754600582665074E-03
  2.90165165165165178E+01  7.18147073670991620E-01 -7.02745235779649036E-03
  2.90915915915915946E+01  7.27157493166812774E-01 -6.36420395915703388E-03
  2.91666666666666643E+01  7.36445269458901874E-01 -6.23631127061913346E-03
  2.92417417417417411E+01  7.45908692732991208E-01 -6.65413864381775039E-03
  2.93168168168168179E+01  7.55382966497318731E-01 -7.58747601708094702E-03
  2.93918918918918912E+01  7.64641002374607193E-01 -8.96994379840541749E-03
  2.94669669669669680E+01  7.73403862372385675E-01 -1.07090866057242412E-02
  2.95420420420420449E+01  7.81361018411205199E-01 -1.26992117274050166E-02
  2.96171171171171146E+01  7.88198923374199945E-01 -1.48328590755929003E-02
  2.96921921921921914E+01  7.93634823224850461E-01 -1.70067574885201314E-02
  2.97672672672672682E+01  7.97451592737864701E-01 -1.91194548850892806E-02
  2.98423423423423415E+01  7.99528908622490486E-01 -2.10603135835830020E-02
  2.99174174174174183E+01  7.99866409254620048E-01 -2.26926349961859980E-02
  2.99924924924924952E+01  7.98595559174925751E-01 -2.38364811549874392E-02
  3.00675675675675649E+01  7.95978485466901753E-01 -2.42584635718960454E-02
  3.01426426426426417E+01  7.92393740876306651E-01 -2.36757503009287912E-02
  3.02177177177177185E+01  7.88310469804069269E-01 -2.17794855590448359E-02
  3.02927927927927918E+01  7.84253618463952140E-01 -1.82787692344262773E-02
  3.03678678678678686E+01  7.80763567206220199E-01 -1.29608100666534776E-02
  3.04429429429429455E+01  7.78353870276407678E-01 -5.75694858399731970E-03
  3.05180180180180152E+01  7.77470703595753765E-01  3.20034120562204087E-03
  3.05930930930930920E+01  7.78457228315157845E-01  1.35456459368123571E-02
  3.06681681681681688E+01  7.81525519166390459E-01  2.46867236449305888E-02
  3.07432432432432421E+01  7.86738135848283782E-01  3.58531249118259898E-02
  3.08183183183183189E+01  7.94000883241548494E-01  4.61812124252584319E-02
  3.08933933933933957E+01  8.03067673511242086E-01  5.48198491912857688E-02
  3.09684684684684655E+01  8.13557430951485805E-01  6.10361934236635997E-02
  3.10435435435435423E+01  8.24981608913837428E-01  6.43027793055549607E-02
  3.11186186186186191E+01  8.36779477102710945E-01  6.43541501169439950E-02
  3.11936936936936924E+01  8.48357546696268727E-01  6.12101634487850974E-02
  3.12687687687687692E+01  8.59129782068568160E-01  5.51699064210808693E-02
  3.13438438438438460E+01  8.68556375375939993E-01  4.67830220049800516E-02
  3.14189189189189158E+01  8.76180010789550434E-01  3.68047174442444822E-02
  3.14939939939939926E+01  8.81658959635503114E-01  2.61387865927059891E-02
  3.15690690690690694E+01  8.84795999962174839E-01  1.57714523363986434E-02
  3.16441441441441427E+01  8.85561762485183479E-01  6.69850053315189549E-03
  3.17192192192192195E+01  8.84111380162412863E-01 -1.51125160043506606E-04
  3.17942942942942963E+01  8.80794074907848668E-01 -3.99091008691986656E-03
  3.18693693693693660E+01  8.76155332755261140E-01 -4.24603472660768904E-03
  3.19444444444444429E+01  8.70929340376936256E-01 -6.10129466750587127E-04
  3.20195195195195197E+01  8.66015612351071384E-01  6.91665258816788475E-03
  3.20945945945945894E+01  8.62430702605363475E-01  1.80136899799400903E-02
  3.21696696696696662E+01  8.61227226604977525E-01  3.20543438435812039E-02
  3.22447447447447431E+01  8.63380396824628527E-01  4.81516257560366118E-02
  3.23198198198198199E+01  8.69655393523193987E-01  6.52357331683455777E-02
  3.23948948948948967E+01  8.80481656602816631E-01  8.21600309076644386E-02
  3.24699699699699735E+01  8.95865644021298535E-01  9.78251862529714022E-02
  3.25450450450450433E+01  9.15367376211474015E-01  1.11302690311731525E-01
  3.26201201201201201E+01  9.38149395388779839E-01  1.21933025989031607E-01
  3.26951951951951969E+01  9.63086349059625424E-01  1.29375422975635201E-01
  3.27702702702702666E+01  9.88907920846406219E-01  1.33597758077236284E-01
  3.28453453453453434E+01  1.01434298182119331E+00  1.34813341427102829E-01
  3.29204204204204203E+01  1.03823869188461915E+00  1.33388167407980318E-01
  3.29954954954954900E+01  1.05964051448854324E+00  1.29749838031141235E-01
  3.30705705705705668E+01  1.07783235187595361E+00  1.24324622035503679E-01
  3.31456456456456436E+01  1.09234622942133108E+00  1.17515010273335163E-01
  3.32207207207207205E+01  1.10295576603968204E+00  1.09713510121370594E-01
  3.32957957957957973E+01  1.10966598154878859E+00  1.01335849478234513E-01
  3.33708708708708741E+01  1.11270449959903828E+00  9.28515323960887040E-02
  3.34459459459459438E+01  1.11250915571578446E+00  8.47915048933168963E-02
  3.35210210210210207E+01  1.10969978376474532E+00  7.77194678408336670E-02
  3.35960960960960975E+01  1.10502261498660848E+00  7.21635188298622304E-02
  3.36711711711711672E+01  1.09926569214513958E+00  6.85178885188605369E-02
  3.37462462462462440E+01  1.09315866670085216E+00  6.69391491201162536E-02
  3.38213213213213209E+01  1.08728189447529511E+00  6.72719403517464676E-02
  3.38963963963963906E+01  1.08201066659710277E+00  6.90373730659899348E-02
  3.39714714714714674E+01  1.07751000782511985E+00  7.14982579720188499E-02
  3.40465465465465442E+01  1.07377980556441410E+00  7.37860794604867087E-02
  3.41216216216216210E+01  1.07073628238222462E+00  7.50517100023653932E-02
  3.41966966966966979E+01  1.06830654910800060E+00  7.45988726662445423E-02
  3.42717717717717747E+01  1.06650694945027835E+00  7.19752915197091475E-02
  3.43468468468468444E+01  1.06547435752483843E+00  6.70170315235536218E-02
  3.44219219219219212E+01  1.06542878574502731E+00  5.98526413238017543E-02
  3.44969969969969981E+01  1.06657019053610069E+00  5.08732525692442705E-02
  3.45720720720720678E+01  1.06894545466165081E+00  4.06713635603506152E-02
  3.46471471471471446E+01  1.07234463963185678E+00  2.99529112906844718E-02
  3.47222222222222214E+01  1.07628097105816090E+00  1.94341367697291843E-02
  3.47972972972972912E+01  1.08007483046999253E+00  9.74018108833064195E-03
  3.48723723723723751E+01  1.08301609453358694E+00  1.32192582161207205E-03
  3.49474474474474519E+01  1.08454696371857828E+00 -5.59652917612561869E-03
  3.50225225225225216E+01  1.08440407072857803E+00 -1.10300995575241499E-02
  3.50975975975975985E+01  1.08267979104037182E+00 -1.51955657578149474E-02
  3.51726726726726753E+01  1.07979163200498518E+00 -1.84204251930756256E-02
  3.52477477477477450E+01  1.07637204528194297E+00 -2.10085123188286961E-02
  3.53228228228228218E+01  1.07310709162429241E+00 -2.30971006711031129E-02
  3.53978978978978986E+01  1.07056436823345158E+00 -2.45580391729140653E-02
  3.54729729729729684E+01  1.06905681245397588E+00 -2.49903573489780213E-02
  3.55480480480480452E+01  1.06858248372338838E+00 -2.38201185468191294E-02
  3.56231231231231220E+01  1.06885819369936397E+00 -2.04799560345857792E-02
  3.56981981981981988E+01  1.06943423316222974E+00 -1.46084004298053308E-02
  3.57732732732732757E+01  1.06985207374419122E+00 -6.20251833120179664E-03
  3.58483483483483525E+01  1.06979710123685212E+00  4.32406532794195417E-03
  3.59234234234234222E+01  1.06920516410912114E+00  1.61933609595951572E-02
  3.59984984984984990E+01  1.06829845122932721E+00  2.84076810663982660E-02
  3.60735735735735759E+01  1.06754525899726627E+00  3.99431142172352038E-02
  3.61486486486486456E+01  1.06755554635628358E+00  4.99343736272084907E-02
  3.62237237237237224E+01  1.06893876051234193E+00  5.77958779423286759E-02
  3.62987987987987992E+01  1.07216020754503227E+00  6.32446901870576672E-02
  3.63738738738738689E+01  1.07743287558685674E+00  6.62265680265570200E-02
  3.64489489489489458E+01  1.08467008234565809E+00  6.67845338161876800E-02
  3.65240240240240226E+01  1.09350346942617827E+00  6.49332415163927090E-02
  3.65990990990990994E+01  1.10334948261668830E+00  6.05999193238019387E-02
  3.66741741741741762E+01  1.11349544895105468E+00  5.36639114547455970E-02
  3.67492492492492531E+01  1.12317877281206391E+00  4.40845346345390063E-02
  3.68243243243243228E+01  1.13164680247885130E+00  3.20695289404356529E-02
  3.68993993993993996E+01  1.13820149358985767E+00  1.82184005625199569E-02
  3.69744744744744764E+01  1.14224245968247673E+00  3.58122444271436521E-03
  3.70495495495495462E+01  1.14332012458176768E+00 -1.04005064009446858E-02
  3.71246246246246230E+01  1.14120070236528437E+00 -2.20685500319872073E-02
  3.71996996996996998E+01  1.13593394485304633E+00 -2.98020139794955043E-02
  3.72747747747747695E+01  1.12790850499813766E+00 -3.22942443858185296E-02
  3.73498498498498464E+01  1.11787844137300452E+00 -2.87934851276687165E-02
  3.74249249249249232E+01  1.10694434326649449E+00 -1.92607335399952832E-02
  3.75000000000000000E+01  1.09647238139620384E+00 -4.41803968177439856E-03
  3.75750750750750768E+01  1.08793870246097235E+00  1.43174612953525012E-02
  3.76501501501501536E+01  1.08270229559955311E+00  3.49975138740753616E-02
  3.77252252252252234E+01  1.08173872399770366E+00  5.53745623676205473E-02
  3.78003003003003002E+01  1.08540022834667882E+00  7.31704221697225821E-02
  3.78753753753753770E+01  1.09328558852267421E+00  8.63586671842505593E-02
  3.79504504504504467E+01  1.10428771630269629E+00  9.34388009952297760E-02
  3.80255255255255236E+01  1.11683323843857640E+00  9.36647009312918111E-02
  3.81006006006006004E+01  1.12925233327656982E+00  8.71701318024785399E-02
  3.81756756756756701E+01  1.14015483417490082E+00  7.49395946068732444E-02
  3.82507507507507469E+01  1.14867923960574170E+00  5.86178180107604294E-02
  3.83258258258258238E+01  1.15453779802801515E+00  4.02111157740769470E-02
  3.84009009009009006E+01  1.15787402386051630E+00  2.17631258468349298E-02
  3.84759759759759774E+01  1.15902613095832629E+00  5.06842502990930126E-03
  3.85510510510510542E+01  1.15831298459435739E+00 -8.54975542675506794E-03
  3.86261261261261239E+01  1.15592640420841031E+00 -1.83869934947204668E-02
  3.87012012012012008E+01  1.15195096937779895E+00 -2.44100407714025781E-02
  3.87762762762762776E+01  1.14647244912136848E+00 -2.71889713229978985E-02
  3.88513513513513473E+01  1.13970192029716899E+00 -2.77065831320586625E-02
  3.89264264264264241E+01  1.13204362157505756E+00 -2.70856305325356990E-02
  3.90015015015015010E+01  1.12406659253854535E+00 -2.63124933237554558E-02
  3.90765765765765707E+01  1.11638824259791281E+00 -2.60448303398933580E-02
  3.91516516516516475E+01  1.10952011090683023E+00 -2.65608915086951725E-02
  3.92267267267267243E+01  1.10374184552018550E+00 -2.78496290866160276E-02
  3.93018018018018012E+01  1.09905182100734677E+00 -2.97815141510346382E-02
  3.93768768768768780E+01  1.09520367439261390E+00 -3.22715074585638653E-02
  3.94519519519519548E+01  1.09180084088196705E+00 -3.53623720451352389E-02
  3.95270270270270245E+01  1.08840515298378082E+00 -3.92056316292493934E-02
  3.96021021021021014E+01  1.08462375468689309E+00 -4.39687508043778638E-02
  3.96771771771771782E+01  1.08015887114701981E+00 -4.97241542442450890E-02
  3.97522522522522479E+01  1.07482194168122325E+00 -5.63711750679164181E-02
  3.98273273273273247E+01  1.06852025065318612E+00 -6.36170361082941671E-02
  3.99024024024024015E+01  1.06122425766085771E+00 -7.10149511862289140E-02
  3.99774774774774713E+01  1.05292481450360675E+00 -7.80382780510067570E-02
  4.00525525525525481E+01  1.04359392860212274E+00 -8.41624156549883040E-02
  4.01276276276276249E+01  1.03316640546555161E+00 -8.89290934413505263E-02
  4.02027027027027017E+01  1.02155677404033751E+00 -9.19785142512237613E-02
  4.02777777777777786E+01  1.00871506322601201E+00 -9.30503482953971423E-02
  4.03528528528528554E+01  9.94710253998126182E-01 -9.19689679153499889E-02
  4.04279279279279251E+01  9.79817235441478585E-01 -8.86342481362693002E-02
  4.05030030030030019E+01  9.64576048452199575E-01 -8.30328204311285706E-02
  4.05780780780780788E+01  9.49793857978220135E-01 -7.52691173785975526E-02
  4.06531531531531485E+01  9.36472409530256789E-01 -6.55999826941448677E-02
  4.07282282282282253E+01  9.25665928840851748E-01 -5.44502717706749143E-02
  4.08033033033033021E+01  9.18299890613208714E-01 -4.23933145925890903E-02
  4.08783783783783718E+01  9.14998187009734232E-01 -3.00953550013190012E-02
  4.09534534534534487E+01  9.15965182136281419E-01 -1.82384131397234986E-02
  4.10285285285285326E+01  9.20949615491414075E-01 -7.44361371266157902E-03
  4.11036036036036023E+01  9.29289466001022246E-01  1.78560112285032989E-03
  4.11786786786786791E+01  9.40014482442303900E-01  9.09049696605512304E-03
  4.12537537537537560E+01  9.51974737915001201E-01  1.42551114767842640E-02
  4.13288288288288257E+01  9.63968732091390113E-01  1.71836623233068871E-02
  4.14039039039039025E+01  9.74856054278842921E-01  1.78687164636329825E-02
  4.14789789789789793E+01  9.83649429870871228E-01  1.63610950208036704E-02
  4.15540540540540491E+01  9.89585045178682399E-01  1.27495995026283785E-02
  4.16291291291291259E+01  9.92169398393500490E-01  7.15410152286579878E-03
  4.17042042042042027E+01  9.91199412708817285E-01 -2.69568309198317698E-04
  4.17792792792792795E+01  9.86753489636294834E-01 -9.31835099800116043E-03
  4.18543543543543564E+01  9.79155251134631199E-01 -1.97306294246959411E-02
  4.19294294294294332E+01  9.68917106654376026E-01 -3.11790178812424157E-02
  4.20045045045045029E+01  9.56674843702828182E-01 -4.32682876940124403E-02
  4.20795795795795797E+01  9.43125341416199414E-01 -5.55380014311374556E-02
  4.21546546546546566E+01  9.28976881090281426E-01 -6.74708989338773518E-02
  4.22297297297297263E+01  9.14916279013485267E-01 -7.85109945338338389E-02
  4.23048048048048031E+01  9.01590881023325852E-01 -8.80966373030743349E-02
  4.23798798798798799E+01  8.89598361216084821E-01 -9.57111512244307044E-02
  4.24549549549549496E+01  8.79475126855301714E-01 -1.00947343209474391E-01
  4.25300300300300265E+01  8.71675968593647821E-01 -1.03574872980278870E-01
  4.26051051051051033E+01  8.66542924377439072E-01 -1.03594827468795350E-01
  4.26801801801801801E+01  8.64268031289756156E-01 -1.01266334557471416E-01
  4.27552552552552569E+01  8.64859738214911355E-01 -9.70958827006662001E-02
  4.28303303303303338E+01  8.68123819376792394E-01 -9.17891084666339757E-02
  4.29054054054054035E+01  8.73666108191021973E-01 -8.61738454464384962E-02
  4.29804804804804803E+01  8.80917914835846583E-01 -8.11090603084444611E-02
  4.30555555555555571E+01  8.89178575520813808E-01 -7.73952776631433303E-02
  4.31306306306306269E+01  8.97665956873202608E-01 -7.56986578524067727E-02
  4.32057057057057037E+01  9.05566160244413498E-01 -7.64952380007303118E-02
  4.32807807807807805E+01  9.12077522160911314E-01 -8.00367109360882734E-02
  4.33558558558558502E+01  9.16449268667062444E-01 -8.63363028322550047E-02
  4.34309309309309270E+01  9.18019300676530259E-01 -9.51728554101407276E-02
  4.35060060060060039E+01  9.16256414525408291E-01 -1.06111717962459731E-01
  4.35810810810810807E+01  9.10808935135775655E-01 -1.18540875016366329E-01
  4.36561561561561575E+01  9.01555353123544512E-01 -1.31719211208754211E-01
  4.37312312312312343E+01  8.88646140411314400E-01 -1.44831626688822240E-01
  4.38063063063063041E+01  8.72523245651232293E-01 -1.57044341905476365E-01
  4.38813813813813809E+01  8.53907209137115375E-01 -1.67554473734350229E-01
  4.39564564564564577E+01  8.33750445157322551E-01 -1.75631146963915602E-01
  4.40315315315315274E+01  8.13164699151464276E-01 -1.80650000995248000E-01
  4.41066066066066043E+01  7.93335715704407862E-01 -1.82126745315042277E-01
  4.41816816816816811E+01  7.75436160334749380E-01 -1.79755790250155145E-01
  4.42567567567567508E+01  7.60541161449404868E-01 -1.73455351661363971E-01
  4.43318318318318276E+01  7.49545429868637481E-01 -1.63411822934893897E-01
  4.44069069069069045E+01  7.43081906583992757E-01 -1.50107739455771355E-01
  4.44819819819819813E+01  7.41449308365623283E-01 -1.34314874059963452E-01
  4.45570570570570581E+01  7.44564191650020635E-01 -1.17040420204104170E-01
  4.46321321321321349E+01  7.51955079131092829E-01 -9.94283360645076553E-02
  4.47072072072072046E+01  7.62808523866109534E-01 -8.26332847919288155E-02
  4.47822822822822815E+01  7.76062763045968218E-01 -6.76935612156995686E-02
  4.48573573573573583E+01  7.90530856879675503E-01 -5.54279394851136600E-02
  4.49324324324324280E+01  8.05028208336303730E-01 -4.63714124680938700E-02
  4.50075075075075048E+01  8.18481338358346355E-01 -4.07522733973395904E-02
  4.50825825825825817E+01  8.30003619651950353E-01 -3.85037526082303641E-02
  4.51576576576576514E+01  8.38934776814687422E-01 -3.92999657759405194E-02
  4.52327327327327282E+01  8.44849794991652359E-01 -4.26070256784105497E-02
  4.53078078078078050E+01  8.47546866353983686E-01 -4.77428266763015724E-02
  4.53828828828828819E+01  8.47023318546269333E-01 -5.39408566609432122E-02
  4.54579579579579587E+01  8.43445386607014957E-01 -6.04138061373967264E-02
  4.55330330330330355E+01  8.37114903187807902E-01 -6.64124708561370097E-02
  4.56081081081081052E+01  8.28434964973051136E-01 -7.12755199156837049E-02
  4.56831831831831821E+01  8.17877059612375890E-01 -7.44666881420669863E-02
  4.57582582582582589E+01  8.05952569131802687E-01 -7.55977898999479064E-02
  4.58333333333333286E+01  7.93190748068706264E-01 -7.44381563982677158E-02
  4.59084084084084054E+01  7.80123078949308990E-01 -7.09129807520934158E-02
  4.59834834834834822E+01  7.67271351033882110E-01 -6.50939392315124654E-02
  4.60585585585585520E+01  7.55135282799299090E-01 -5.71850028714645936E-02
  4.61336336336336288E+01  7.44175868056303647E-01 -4.75048699360176366E-02
  4.62087087087087056E+01  7.34792756120269064E-01 -3.64658716439415012E-02
  4.62837837837837824E+01  7.27297010804672905E-01 -2.45485676402748439E-02
  4.63588588588588593E+01  7.21883435220780245E-01 -1.22719813696263759E-02
  4.64339339339339361E+01  7.18608388778057106E-01 -1.61031877323205061E-04
  4.65090090090090058E+01  7.17379102893397791E-01  1.12858557503749003E-02
  4.65840840840840826E+01  7.17958782252512862E-01  2.16255953815499766E-02
  4.66591591591591595E+01  7.19988607279890114E-01  3.04931707280346846E-02
  4.67342342342342292E+01  7.23023976077005526E-01  3.76171106326675594E-02
  4.68093093093093060E+01  7.26579080617943518E-01  4.28278603533597049E-02
  4.68843843843843828E+01  7.30172226146403647E-01  4.60598680931164350E-02
  4.69594594594594525E+01  7.33364658967001093E-01  4.73482393179027114E-02
  4.70345345345345294E+01  7.35787818407891203E-01  4.68205543355912079E-02
  4.71096096096096062E+01  7.37157035291431950E-01  4.46842963893013811E-02
  4.71846846846846830E+01  7.37272719373703977E-01  4.12105003077727697E-02
  4.72597597597597598E+01  7.36012188597019446E-01  3.67146346827675052E-02
  4.73348348348348367E+01  7.33316151759129009E-01  3.15361291395633778E-02
  4.74099099099099064E+01  7.29173615620789417E-01  2.60181131058771706E-02
  4.74849849849849832E+01  7.23608099567893959E-01  2.04887538810104054E-02
  4.75600600600600600E+01  7.16666983682939018E-01  1.52451717103693277E-02
  4.76351351351351298E+01  7.08414880197069441E-01  1.05404918141340856E-02
  4.77102102102102066E+01  6.98931145364720674E-01  6.57437192695770837E-03
  4.77852852852852834E+01  6.88310929143668759E-01  3.48736385758280365E-03
  4.78603603603603531E+01  6.76668415862268113E-01  1.35956462920337078E-03
  4.79354354354354371E+01  6.64140239678539634E-01  2.13904146152094337E-04
  4.80105105105105139E+01  6.50886743065548945E-01  2.38981011799439472E-05
  4.80855855855855907E+01  6.37089085005850375E-01  7.24823266824663149E-04
  4.81606606606606604E+01  6.22941292867241869E-01  2.22639236427215519E-03
  4.82357357357357373E+01  6.08637934910969736E-01  4.42458054214766097E-03
  4.83108108108108141E+01  5.94359621054597609E-01  7.21059130066320497E-03
  4.83858858858858838E+01  5.80259414379897254E-01  1.04759926512986070E-02
  4.84609609609609606E+01  5.66453091081607019E-01  1.41143947071081851E-02
  4.85360360360360374E+01  5.53015080290846339E-01  1.80211218063870519E-02
  4.86111111111111072E+01  5.39980296999675868E-01  2.20927375668813278E-02
  4.86861861861861840E+01  5.27350572482994884E-01  2.62279221813701210E-02
  4.87612612612612608E+01  5.15103497139026700E-01  3.03303261549692990E-02
  4.88363363363363376E+01  5.03201418772398879E-01  3.43130583513342330E-02
  4.89114114114114145E+01  4.91598940051396038E-01  3.81037916100403357E-02
  4.89864864864864913E+01  4.80248170224742921E-01  4.16492695859825013E-02
  4.90615615615615610E+01  4.69101824766304853E-01  4.49182255850203438E-02
  4.91366366366366378E+01  4.58114786130826457E-01  4.79021803903116328E-02
  4.92117117117117147E+01  4.47244886453988910E-01  5.06140532698192494E-02
  4.92867867867867844E+01  4.36453544847283825E-01  5.30848604129957949E-02
  4.93618618618618612E+01  4.25706638256678205E-01  5.53589600593242179E-02
  4.94369369369369380E+01  4.14975727449112985E-01  5.74883810948324525E-02
  4.95120120120120077E+01  4.04239557235394620E-01  5.95268030873795859E-02
  4.95870870870870846E+01  3.93485611323872331E-01  6.15237687590192428E-02
  4.96621621621621614E+01  3.82711420517118872E-01  6.35196910244593127E-02
  4.97372372372372382E+01  3.71925301330049807E-01  6.55421347309060875E-02
  4.98123123123123150E+01  3.61146253990657418E-01  6.76036937325637521E-02
  4.98873873873873919E+01  3.50402879703945958E-01  6.97015688332401906E-02
  4.99624624624624616E+01  3.39731365466919122E-01  7.18187327173334944E-02
  5.00375375375375384E+01  3.29172779310542396E-01  7.39263984144922226E-02
  5.01126126126126152E+01  3.18770056734696439E-01  7.59874174678527858E-02
  5.01876876876876850E+01  3.08565094712900057E-01  7.79602158704718468E-02
  5.02627627627627618E+01  2.98596296974676101E-01  7.98028971174926244E-02
  5.03378378378378386E+01  2.88896769505780693E-01  8.14771675974866605E-02
  5.04129129129129083E+01  2.79493208314155028E-01  8.29517554345705066E-02
  5.04879879879879852E+01  2.70405407339427306E-01  8.42050125276374017E-02
  5.05630630630630620E+01  2.61646268718475294E-01  8.52264398389400157E-02
  5.06381381381381388E+01  2.53222209947608468E-01  8.60169814045036452E-02
  5.07132132132132156E+01  2.45133897448840704E-01  8.65880920894776807E-02
  5.07882882882882924E+01  2.37377255718337593E-01  8.69597670971751363E-02
  5.08633633633633622E+01  2.29944685624983380E-01  8.71578783739881402E-02
  5.09384384384384390E+01  2.22826381149999780E-01  8.72112477469478425E-02
  5.10135135135135158E+01  2.16011588001189747E-01  8.71488753810235606E-02
  5.10885885885885855E+01  2.09489631577187613E-01  8.69976441850656423E-02
  5.11636636636636624E+01  2.03250574582920340E-01  8.67806732157581362E-02
  5.12387387387387392E+01  1.97285442912226577E-01  8.65163447245155814E-02
  5.13138138138138089E+01  1.91586058335053544E-01  8.62179214200483740E-02
  5.13888888888888857E+01  1.86144604514803802E-01  8.58936222924547299E-02
  5.14639639639639626E+01  1.80953100174997911E-01  8.55470313335936067E-02
  5.15390390390390394E+01  1.76002947130799781E-01  8.51777498853963505E-02
  5.16141141141141162E+01  1.71284668438710069E-01  8.47822411261320852E-02
  5.16891891891891930E+01  1.66787875337783026E-01  8.43548328042766776E-02
  5.17642642642642627E+01  1.62501428535849535E-01  8.38888349798962152E-02
  5.18393393393393396E+01  1.58413712088269792E-01  8.33777012394056188E-02
  5.19144144144144164E+01  1.54512926681161872E-01  8.28161314076270028E-02
  5.19894894894894932E+01  1.50787329861152786E-01  8.22009983207042938E-02
  5.20645645645645629E+01  1.47225389920251082E-01  8.15319910653341251E-02
  5.21396396396396469E+01  1.43815860622901998E-01  8.08119024483966719E-02
  5.22147147147147166E+01  1.40547811793134136E-01  8.00465405324223139E-02
  5.22897897897897863E+01  1.37410659293077470E-01  7.92442992666177320E-02
  5.23648648648648702E+01  1.34394228443994790E-01  7.84154683897989035E-02
  5.24399399399399400E+01  1.31488864542820022E-01  7.75713892216708806E-02
  5.25150150150150168E+01  1.28685581909950747E-01  7.67235683033307275E-02
  5.25900900900901007E+01  1.25976226452376189E-01  7.58828483048961527E-02
  5.26651651651651704E+01  1.23353619979304593E-01  7.50587117054847819E-02
  5.27402402402402402E+01  1.20811657433696609E-01  7.42587645928980550E-02
  5.28153153153153241E+01  1.18345337915357410E-01  7.34884211786751840E-02
  5.28903903903903938E+01  1.15950722878587126E-01  7.27507875280010985E-02
  5.29654654654654635E+01  1.13624826668375742E-01  7.20467265809304480E-02
  5.30405405405405475E+01  1.11365453439949663E-01  7.13750754005982452E-02
  5.31156156156156172E+01  1.09170999755096698E-01  7.07329788431638601E-02
  5.31906906906906869E+01  1.07040244028151155E-01  7.01163007328068771E-02
  5.32657657657657708E+01  1.04972143167579648E-01  6.95200736403013692E-02
  5.33408408408408476E+01  1.02965653865292384E-01  6.89389511011821027E-02
  5.34159159159159174E+01  1.01019591527575697E-01  6.83676310180692665E-02
  5.34909909909910013E+01  9.91325343079216270E-02  6.78012252707154012E-02
  5.35660660660660710E+01  9.73027737462895809E-02  6.72355572797940781E-02
  5.36411411411411407E+01  9.55283080104402244E-02  6.66673756561821373E-02
  5.37162162162162247E+01  9.38068696079578657E-02  6.60944777410645556E-02
  5.37912912912912944E+01  9.21359773980500452E-02  6.55157419167228389E-02
  5.38663663663663641E+01  9.05130029659259039E-02  6.49310724902267267E-02
  5.39414414414414480E+01  8.89352434641052653E-02  6.43412661706953964E-02
  5.40165165165165178E+01  8.73999958760799944E-02  6.37478147655688443E-02
  5.40915915915915946E+01  8.59046301272916868E-02  6.31526642316736636E-02
  5.41666666666666714E+01  8.44466596107298767E-02  6.25579546252625629E-02
  5.42417417417417482E+01  8.30238071697517593E-02  6.19657675726095758E-02
  5.43168168168168179E+01  8.16340627931494561E-02  6.13779066360340408E-02
  5.43918918918919019E+01  8.02757272276202333E-02  6.07957310548686986E-02
  5.44669669669669716E+01  7.89474346163731161E-02  6.02200553757816850E-02
  5.45420420420420413E+01  7.76481480866372531E-02  5.96511178692529925E-02
  5.46171171171171252E+01  7.63771252423011138E-02  5.90886112585430681E-02
  5.46921921921921950E+01  7.51338552736235121E-02  5.85317620164127472E-02
  5.47672672672672647E+01  7.39179747015324962E-02  5.79794405931484264E-02
  5.48423423423423486E+01  7.27291731568842637E-02  5.74302847909966691E-02
  5.49174174174174183E+01  7.15671027659261771E-02  5.68828214901567278E-02
  5.49924924924924952E+01  7.04313039910063748E-02  5.63355767327521281E-02
  5.50675675675675720E+01  6.93211573075049464E-02  5.57871691863240649E-02
  5.51426426426426488E+01  6.82358648068770446E-02  5.52363858711450648E-02
  5.52177177177177185E+01  6.71744601003997632E-02  5.46822409961323364E-02
  5.52927927927928025E+01  6.61358401951786107E-02  5.41240188265390901E-02
  5.53678678678678722E+01  6.51188103699247428E-02  5.35613003822331540E-02
  5.54429429429429419E+01  6.41221328704358884E-02  5.29939724616918725E-02
  5.55180180180180258E+01  6.31445721298561080E-02  5.24222169709497796E-02
  5.55930930930930955E+01  6.21849323068373941E-02  5.18464793761421738E-02
  5.56681681681681653E+01  6.12420861184975462E-02  5.12674172818615437E-02
  5.57432432432432492E+01  6.03149962636309045E-02  5.06858331084695454E-02
  5.58183183183183189E+01  5.94027316513613540E-02  5.01025977131049974E-02
  5.58933933933933957E+01  5.85044801805347445E-02  4.95185736687375200E-02
  5.59684684684684726E+01  5.76195584380782277E-02  4.89345471652457842E-02
  5.60435435435435494E+01  5.67474171407274589E-02  4.83511759841632194E-02
  5.61186186186186191E+01  5.58876401552268823E-02  4.77689580861323862E-02
  5.61936936936937030E+01  5.50399349562039550E-02  4.71882217709501603E-02
  5.62687687687687728E+01  5.42041134796623011E-02  4.66091349930158674E-02
  5.63438438438438425E+01  5.33800641749620219E-02  4.60317289837670549E-02
  5.64189189189189264E+01  5.25677180653628187E-02  4.54559302662196421E-02
  5.64939939939939961E+01  5.17670131639438869E-02  4.48815954550034896E-02
  5.65690690690690658E+01  5.09778621830968004E-02  4.43085445654036320E-02
  5.66441441441441498E+01  5.02001279448632612E-02  4.37365903400235775E-02
  5.67192192192192195E+01  4.94336094031693693E-02  4.31655627557831004E-02
  5.67942942942942963E+01  4.86780391478382896E-02  4.25953289678289090E-02
  5.68693693693693731E+01  4.79330912130755959E-02  4.20258093131138655E-02
  5.69444444444444500E+01  4.71983964505115830E-02  4.14569897389339137E-02
  5.70195195195195197E+01  4.64735619559603561E-02  4.08889304400370662E-02
  5.70945945945946036E+01  4.57581911179038708E-02  4.03217699486054099E-02
  5.71696696696696733E+01  4.50519016094283811E-02  3.97557237259626370E-02
  5.72447447447447431E+01  4.43543397492013394E-02  3.91910765947794185E-02
  5.73198198198198270E+01  4.36651907524339480E-02  3.86281690764412322E-02
  5.73948948948948967E+01  4.29841851965802949E-02  3.80673786538052450E-02
  5.74699699699699664E+01  4.23111024017406578E-02  3.75090978825907348E-02
  5.75450450450450504E+01  4.16457713964369231E-02  3.69537118632462802E-02
  5.76201201201201201E+01  4.09880698543350006E-02  3.64015776975505634E-02
  5.76951951951951969E+01  4.03379210502318730E-02  3.58530081692128855E-02
  5.77702702702702737E+01  3.96952886767368701E-02  3.53082611180080969E-02
  5.78453453453453506E+01  3.90601693900919714E-02  3.47675350234315853E-02
  5.79204204204204345E+01  3.84325832149772367E-02  3.42309703998835771E-02
  5.79954954954955042E+01  3.78125623440899103E-02  3.36986559131179295E-02
  5.80705705705705739E+01  3.72001392785835869E-02  3.31706377555532408E-02
  5.81456456456456579E+01  3.65953355309270451E-02  3.26469307687124663E-02
  5.82207207207207276E+01  3.59981521587613776E-02  3.21275299988225058E-02
  5.82957957957957973E+01  3.54085631938647963E-02  3.16124216993372564E-02
  5.83708708708708812E+01  3.48265126220302298E-02  3.11015931351249081E-02
  5.84459459459459509E+01  3.42519150548058204E-02  3.05950408142838595E-02
  5.85210210210210207E+01  3.36846597267950604E-02  3.00927769416359722E-02
  5.85960960960961046E+01  3.31246170508049664E-02  2.95948339662637817E-02
  5.86711711711711814E+01  3.25716467272935892E-02  2.91012671266491704E-02
  5.87462462462462511E+01  3.20256063477649053E-02  2.86121549301239751E-02
  5.88213213213213351E+01  3.14863595278511779E-02  2.81275975737134282E-02
  5.88963963963964048E+01  3.09537828050684555E-02  2.76477134316559792E-02
  5.89714714714714745E+01  3.04277707836034562E-02  2.71726338868576618E-02
  5.90465465465465584E+01  2.99082392581281643E-02  2.67024969390067118E-02
  5.91216216216216282E+01  2.93951262710640433E-02  2.62374401472778504E-02
  5.91966966966966979E+01  2.88883912394622758E-02  2.57775935341139663E-02
  5.92717717717717818E+01  2.83880124263462333E-02  2.53230730761693813E-02
  5.93468468468468515E+01  2.78939831289497890E-02  2.48739753411851214E-02
  5.94219219219219283E+01  2.74063070148504624E-02  2.44303737079753988E-02
  5.94969969969970052E+01  2.69249930571560554E-02  2.39923164482704343E-02
  5.95720720720720820E+01  2.64500505024779682E-02  2.35598267714065626E-02
  5.96471471471471517E+01  2.59814842541867021E-02  2.31329047511598558E-02
  5.97222222222222356E+01  2.55192909768051680E-02  2.27115308820226153E-02
  5.97972972972973054E+01  2.50634561378415312E-02  2.22956708634356321E-02
  5.98723723723723751E+01  2.46139521145726549E-02  2.18852810994806003E-02
  5.99474474474474590E+01  2.41707374158875235E-02  2.14803143429770187E-02
  6.00225225225225287E+01  2.37337570074192539E-02  2.10807249185478336E-02
  6.00975975975975985E+01  2.33029436784439881E-02  2.06864730332723887E-02
  6.01726726726726824E+01  2.28782203425578826E-02  2.02975278190452753E-02
  6.02477477477477521E+01  2.24595031115722640E-02  1.99138689281245194E-02
  6.03228228228228289E+01  2.20467049188670106E-02  1.95354866930739120E-02
  6.03978978978979058E+01  2.16397393992966459E-02  1.91623810310790274E-02
  6.04729729729729826E+01  2.12385246719723475E-02  1.87945593917353826E-02
  6.05480480480480523E+01  2.08429866405210537E-02  1.84320341003782542E-02
  6.06231231231231362E+01  2.04530614428188838E-02  1.80748194361046201E-02
  6.06981981981982059E+01  2.00686967603382581E-02  1.77229287214022216E-02
  6.07732732732732757E+01  1.96898518332501368E-02  1.73763716160667374E-02
  6.08483483483483596E+01  1.93164962019109730E-02  1.70351517311089218E-02
  6.09234234234234293E+01  1.89486073759633673E-02  1.66992646303814572E-02
  6.09984984984984990E+01  1.85861677816201408E-02  1.63686962762124369E-02
  6.10735735735735830E+01  1.82291614236206809E-02  1.60434219918925182E-02
  6.11486486486486527E+01  1.78775707032368808E-02  1.57234060375683257E-02
  6.12237237237237295E+01  1.75313737597327761E-02  1.54086019017992785E-02
  6.12987987987988063E+01  1.71905425713454636E-02  1.50989533789702510E-02
  6.13738738738738832E+01  1.68550418977252738E-02  1.47943964263566423E-02
  6.14489489489489529E+01  1.65248290065496059E-02  1.44948616842276948E-02
  6.15240240240240368E+01  1.61998540327659250E-02  1.42002774228105200E-02
  6.15990990990991065E+01  1.58800607839337422E-02  1.39105725835519303E-02
  6.16741741741741762E+01  1.55653878249787520E-02  1.36256795385938084E-02
  6.17492492492492602E+01  1.52557697299605284E-02  1.33455362192480050E-02
  6.18243243243243299E+01  1.49511384485472593E-02  1.30700873607833348E-02
  6.18993993993993996E+01  1.46514247738473539E-02  1.27992847575009693E-02
  6.19744744744744835E+01  1.43565598998170677E-02  1.25330865856809054E-02
  6.20495495495495533E+01  1.40664770201970758E-02  1.22714559950168906E-02
  6.21246246246246301E+01  1.37811128619469755E-02  1.20143592603352452E-02
  6.21996996996997069E+01  1.35004089896472793E-02  1.17617638082576515E-02
  6.22747747747747837E+01  1.32243126897472058E-02  1.15136363904131105E-02
  6.23498498498498535E+01  1.29527772633085160E-02  1.12699415853730021E-02
  6.24249249249249374E+01  1.26857616268476973E-02  1.10306407056756373E-02
  6.25000000000000071E+01  1.24232292303188014E-02  1.07956910950259867E-02
  6.25750750750750768E+01  1.21651464234407963E-02  1.05650457466071497E-02
  6.26501501501501608E+01  1.19114805052413734E-02  1.03386531644693563E-02
  6.27252252252252305E+01  1.16621977495468283E-02  1.01164574184516645E-02
  6.28003003003003002E+01  1.14172616959482554E-02  9.89839838926621224E-03
  6.28753753753753841E+01  1.11766319327425596E-02  9.68441223986723533E-03
  6.29504504504504538E+01  1.09402634926140316E-02  9.47443216159608165E-03
  6.30255255255255307E+01  1.07081068611113404E-02  9.26838941924717705E-03
  6.31006006006006075E+01  1.04801084924068203E-02  9.06621466247676741E-03
  6.31756756756756843E+01  1.02562116602059033E-02  8.86783939863199956E-03
  6.32507507507507540E+01  1.00363574552383792E-02  8.67319745766732646E-03
  6.33258258258258380E+01  9.82048577075912525E-03  8.48222624599525264E-03
  6.34009009009009077E+01  9.60853617752354359E-03  8.29486759727113276E-03
  6.34759759759759774E+01  9.40044865663601167E-03  8.11106808563045838E-03
  6.35510510510510613E+01  9.19616421023780259E-03  7.93077875860091763E-03
  6.36261261261261311E+01  8.99562539162026761E-03  7.75395435057952068E-03
  6.37012012012012008E+01  8.79877678519059778E-03  7.58055212774761452E-03
  6.37762762762762847E+01  8.60556543173508944E-03  7.41053056994938047E-03
  6.38513513513513544E+01  8.41594115265650693E-03  7.24384810287046887E-03
  6.39264264264264312E+01  8.22985669735158860E-03  7.08046205628406512E-03
  6.40015015015015081E+01  8.04726763508721403E-03  6.92032795461469327E-03
  6.40765765765765849E+01  7.86813194176680213E-03  6.76339916543395626E-03
  6.41516516516516475E+01  7.69240928694015554E-03  6.60962686156388660E-03
  6.42267267267267385E+01  7.52006009236184676E-03  6.45896020962345892E-03
  6.43018018018018012E+01  7.35104449110962274E-03  6.31134668879106998E-03
  6.43768768768768780E+01  7.18532134829199219E-03  6.16673246411873852E-03
  6.44519519519519690E+01  7.02284750043434547E-03  6.02506277617500651E-03
  6.45270270270270316E+01  6.86357733067605690E-03  5.88628234656148139E-03
  6.46021021021021085E+01  6.70746273102168153E-03  5.75033582214517624E-03
  6.46771771771771853E+01  6.55445342811053662E-03  5.61716828135963835E-03
  6.47522522522522621E+01  6.40449758417827031E-03  5.48672580414298356E-03
  6.48273273273273247E+01  6.25754254536583718E-03  5.35895607171183678E-03
  6.49024024024024158E+01  6.11353560275759624E-03  5.23380892711768249E-03
  6.49774774774774784E+01  5.97242465556637250E-03  5.11123680639938120E-03
  6.50525525525525552E+01  5.83415871053263521E-03  4.99119495276729649E-03
  6.51276276276276320E+01  5.69868820202280770E-03  4.87364135477021815E-03
  6.52027027027027088E+01  5.56596515869461905E-03  4.75853639775034032E-03
  6.52777777777777857E+01  5.43594326458125398E-03  4.64584227372089216E-03
  6.53528528528528625E+01  5.30857786186447831E-03  4.53552224323302763E-03
  6.54279279279279393E+01  5.18382592381478550E-03  4.42753987093018331E-03
  6.55030030030030019E+01  5.06164599928336182E-03  4.32185835716988355E-03
  6.55780780780780930E+01  4.94199810658207082E-03  4.21844006183477900E-03
  6.56531531531531556E+01  4.82484354436472571E-03  4.11724627105954262E-03
  6.57282282282282324E+01  4.71014459484015661E-03  4.01823720557652891E-03
  6.58033033033033092E+01  4.59786411842167102E-03  3.92137222419126127E-03
  6.58783783783783861E+01  4.48796507119435684E-03  3.82661014804085630E-03
  6.59534534534534629E+01  4.38041000672528824E-03  3.73390962556972199E-03
  6.60285285285285397E+01  4.27516064152078275E-03  3.64322947274322130E-03
  6.61036036036036165E+01  4.17217756225264982E-03  3.55452895056869271E-03
  6.61786786786786791E+01  4.07142013180365574E-03  3.46776797229944719E-03
  6.62537537537537702E+01  3.97284661517336227E-03  3.38290725603645950E-03
  6.63288288288288328E+01  3.87641450456428348E-03  3.29990844847900333E-03
  6.64039039039039096E+01  3.78208098626262252E-03  3.21873424104542321E-03
  6.64789789789789864E+01  3.68980346925986118E-03  3.13934848425675202E-03
  6.65540540540540633E+01  3.59954009176709135E-03  3.06171628734909019E-03
  6.66291291291291259E+01  3.51125013630866102E-03  2.98580407560091604E-03
  6.67042042042042169E+01  3.42489431151950241E-03  2.91157957399341537E-03
  6.67792792792792795E+01  3.34043489066866272E-03  2.83901169488246646E-03
  6.68543543543543564E+01  3.25783572450462919E-03  2.76807032715001636E-03
  6.69294294294294332E+01  3.17706216270644774E-03  2.69872604892292629E-03
  6.70045045045045100E+01  3.09808092143213417E-03  2.63094980775279916E-03
  6.70795795795795868E+01  3.02085992596347244E-03  2.56471262421161059E-03
  6.71546546546546637E+01  2.94536814245460353E-03  2.49998537312778185E-03
  6.72297297297297405E+01  2.87157539798636903E-03  2.43673868119948910E-03
  6.73048048048048031E+01  2.79945217940539854E-03  2.37494295453720156E-03
  6.73798798798798941E+01  2.72896940202847597E-03  2.31456852158187830E-03
  6.74549549549549567E+01  2.66009814888315457E-03  2.25558585325223715E-03
  6.75300300300300336E+01  2.59280939610480278E-03  2.19796580899820227E-03
  6.76051051051051104E+01  2.52707375481838609E-03  2.14167985741544080E-03
  6.76801801801801872E+01  2.46286126862449526E-03  2.08670023215395007E-03
  6.77552552552552640E+01  2.40014130481629954E-03  2.03300000371573180E-03
  6.78303303303303409E+01  2.33888256584526347E-03  1.98055306926270746E-03
  6.79054054054054177E+01  2.27905322781255058E-03  1.92933407973096922E-03
  6.79804804804804803E+01  2.22062118990139874E-03  1.87931833222951218E-03
  6.80555555555555713E+01  2.16355439870893548E-03  1.83048165470288036E-03
  6.81306306306306340E+01  2.10782119959146462E-03  1.78280030107378588E-03
  6.82057057057057108E+01  2.05339066629489295E-03  1.73625086273875994E-03
  6.82807807807807876E+01  2.00023287005525810E-03  1.69081019136257753E-03
  6.83558558558558644E+01  1.94831906680220765E-03  1.64645532255229131E-03
  6.84309309309309270E+01  1.89762180089342964E-03  1.60316339218223103E-03
  6.85060060060060181E+01  1.84811494036375007E-03  1.56091154612408270E-03
  6.85810810810810807E+01  1.79977366760942798E-03  1.51967685667667748E-03
  6.86561561561561575E+01  1.75257444881346124E-03  1.47943627041892899E-03
  6.87312312312312343E+01  1.70649499621633623E-03  1.44016661788720786E-03
  6.88063063063063112E+01  1.66151422305921411E-03  1.40184471223928639E-03
  6.88813813813813880E+01  1.61761217664019991E-03  1.36444755122755294E-03
  6.89564564564564648E+01  1.57476992541680195E-03  1.32795261644687301E-03
  6.90315315315315416E+01  1.53296937505887363E-03  1.29233824031714929E-03
  6.91066066066066043E+01  1.49219299705325359E-03  1.25758399016215783E-03
  6.91816816816816953E+01  1.45242347046150590E-03  1.22367100540078807E-03
  6.92567567567567579E+01  1.41364325903244894E-03  1.19058222210063707E-03
  6.93318318318318347E+01  1.37583416703168432E-03  1.15830243035522687E-03
  6.94069069069069116E+01  1.33897693270854470E-03  1.12681813280134232E-03
  6.94819819819819884E+01  1.30305092415884997E-03  1.09611720334237177E-03
  6.95570570570570652E+01  1.26803399625286623E-03  1.06618837842204026E-03
  6.96321321321321420E+01  1.23390254938458149E-03  1.03702064307910238E-03
  6.97072072072072189E+01  1.20063180340121639E-03  1.00860259509170133E-03
  6.97822822822822815E+01  1.16819626732977424E-03  9.80921878751652441E-04
  6.98573573573573725E+01  1.13657035270284192E-03  9.53964773118962800E-04
  6.99324324324324351E+01  1.10572905107375326E-03  9.27715998177681533E-04
  7.00075075075075119E+01  1.07564858005957048E-03  9.02158768653248382E-04
  7.00825825825825888E+01  1.04630690129071165E-03  8.77275084102993293E-04
  7.01576576576576656E+01  1.01768403054975265E-03  8.53046201979012716E-04
  7.02327327327327282E+01  9.89762095145215424E-04  8.29453205921613489E-04
  7.03078078078078192E+01  9.62525142776059629E-04  8.06477563448866445E-04
  7.03828828828828819E+01  9.35958762263257478E-04  7.84101573600131524E-04
  7.04579579579579587E+01  9.10049627684685384E-04  7.62308641367168745E-04
  7.05330330330330497E+01  8.84785108084629375E-04  7.41083382116137796E-04
  7.06081081081081123E+01  8.60153077755083516E-04  7.20411648164821306E-04
  7.06831831831831892E+01  8.36142001576499461E-04  7.00280664107074628E-04
  7.07582582582582660E+01  8.12741247202330400E-04  6.80679530203231477E-04
  7.08333333333333428E+01  7.89941394515300478E-04  6.61600368930858121E-04
  7.09084084084084054E+01  7.67734094187584549E-04  6.43040310313022345E-04
  7.09834834834834965E+01  7.46110814299691394E-04  6.25004303834507326E-04
  7.10585585585585591E+01  7.25059671444197563E-04  6.07508391746662763E-04
  7.11336336336336359E+01  7.04559551835982618E-04  5.90582591922252402E-04
  7.12087087087087127E+01  6.84570975325446830E-04  5.74271969384824044E-04
  7.12837837837837895E+01  6.65023715324014695E-04  5.58633922300567519E-04
  7.13588588588588664E+01  6.46649743726756513E-04  5.43170740442411315E-04
  7.14339339339339432E+01  6.29892443963198405E-04  5.27572844652711187E-04
  7.15090090090090200E+01  6.14225396251879218E-04  5.12123408150566258E-04
  7.15840840840840826E+01  5.99279828305181585E-04  4.96928399760416281E-04
  7.16591591591591737E+01  5.84815718718340190E-04  4.82006608924102323E-04
  7.17342342342342363E+01  5.70684414372514071E-04  4.67335479189122177E-04
  7.18093093093093131E+01  5.56799724609004058E-04  4.52867650679663009E-04
  7.18843843843843899E+01  5.43123919923100759E-04  4.38533823964134726E-04
  7.19594594594594668E+01  5.29667258565208465E-04  4.24244850595764070E-04
  7.20345345345345436E+01  5.16494700012430663E-04  4.09901400764580489E-04
  7.21096096096096204E+01  5.03731173247813982E-04  3.95414225779499228E-04
  7.21846846846846972E+01  4.91556961166401984E-04  3.80732712875517622E-04
  7.22597597597597598E+01  4.80187249223206067E-04  3.65874862690925397E-04
  7.23348348348348509E+01  4.69834335694651033E-04  3.50948815051294538E-04
  7.24099099099099135E+01  4.60656754873344052E-04  3.36155435753348751E-04
  7.24849849849849903E+01  4.52705517407624798E-04  3.21763896625003331E-04
  7.25600600600600671E+01  4.45882307522708725E-04  3.08057782728990328E-04
  7.26351351351351440E+01  4.39926111646372420E-04  2.95257413985874602E-04
  7.27102102102102066E+01  4.34441969829684751E-04  2.83433217331772352E-04
  7.27852852852852976E+01  4.28977724275077233E-04  2.72432755791247156E-04
  7.28603603603603602E+01  4.23142458757610454E-04  2.61847645166054968E-04
  7.29354354354354371E+01  4.16745986466442165E-04  2.51043619587751495E-04
  7.30105105105105139E+01  4.09925843365789100E-04  2.39266183322409305E-04
  7.30855855855855907E+01  4.03221105241181974E-04  2.25816324696871110E-04
  7.31606606606606675E+01  3.97554924729414619E-04  2.10268789409708879E-04
  7.32357357357357444E+01  3.94102214628318443E-04  1.92684739474207738E-04
  7.33108108108108212E+01  3.94044662596285914E-04  1.73757821961995778E-04
  7.33858858858858838E+01  3.98247886721585546E-04  1.54833869513836962E-04
  7.34609609609609748E+01  4.06927298840058997E-04  1.37763310199623667E-04
  7.35360360360360374E+01  4.19390461295843816E-04  1.24581197436531525E-04
  7.36111111111111143E+01  4.33945262797261742E-04  1.17056540107531682E-04
  7.36861861861861911E+01  4.48039496926846905E-04  1.16199320776181730E-04
  7.37612612612612679E+01  4.58649042639703501E-04  1.21846388993205660E-04
  7.38363363363363447E+01  4.62867133538601941E-04  1.32453204626007396E-04
  7.39114114114114216E+01  4.58581485905643256E-04  1.45189122076707218E-04
  7.39864864864864984E+01  4.45078576621916512E-04  1.56370297249895754E-04
  7.40615615615615610E+01  4.23403162616136253E-04  1.62177772097939297E-04
  7.41366366366366520E+01  3.96337102800663405E-04  1.59519761443210163E-04
  7.42117117117117147E+01  3.67943413258947595E-04  1.46832562518355822E-04
  7.42867867867867915E+01  3.42733654983694627E-04  1.24597657139231702E-04
  7.43618618618618683E+01  3.24631296995287605E-04  9.53972564945389278E-05
  7.44369369369369451E+01  3.15986796086112050E-04  6.34341652534647915E-05
  7.45120120120120077E+01  3.16921670778513040E-04  3.35832477672901307E-05
  7.45870870870870988E+01  3.25222590703569782E-04  1.01846270782945024E-05
  7.46621621621621614E+01  3.36877569985900513E-04 -4.10950966469469122E-06
  7.47372372372372382E+01  3.47172955295862356E-04 -9.09825804314491478E-06
  7.48123123123123150E+01  3.52097824627364277E-04 -7.13985046646683768E-06
  7.48873873873873919E+01  3.49682953497596339E-04 -2.49471253763205564E-06
  7.49624624624624687E+01  3.40875926087222294E-04  0.00000000000000000E+00
# pulse generated by run 1499526 (fbR0003)
