# OCT iter       1000;   J_T =   5.367238810491E-03;   pulse_id =          2                                                                                                                                                                                   
#               time [ns]              abs(E) [au]        phase(E) [rad/pi]
   3.7537537537537538E-02   3.4087592608722170E-04   0.0000000000000000E+00
   1.1261261261261260E-01   3.5246587709912694E-04  -4.9009402295097393E-05
   1.8768768768768770E-01   3.6563052552431930E-04  -5.0199839595369954E-04
   2.6276276276276278E-01   3.8085136284908122E-04  -1.9844842173114903E-03
   3.3783783783783783E-01   3.9818165785509261E-04  -5.1879705427135617E-03
   4.1291291291291293E-01   4.1717467928913864E-04  -1.0639379002699087E-02
   4.8798798798798793E-01   4.3694628303863025E-04  -1.8531437880594952E-02
   5.6306306306306297E-01   4.5634762317610486E-04  -2.8661706921612767E-02
   6.3813813813813813E-01   4.7419500130171254E-04  -4.0467599953786300E-02
   7.1321321321321318E-01   4.8950665135258039E-04  -5.3113466425061706E-02
   7.8828828828828834E-01   5.0171414193285078E-04  -6.5593088413058331E-02
   8.6336336336336339E-01   5.1083021485438102E-04  -7.6835930234499888E-02
   9.3843843843843844E-01   5.1755674071564362E-04  -8.5827510806231952E-02
   1.0135135135135136E+00   5.2330660899560348E-04  -9.1762260820584238E-02
   1.0885885885885886E+00   5.3009946612855450E-04  -9.4232269224182569E-02
   1.1636636636636639E+00   5.4029169223359784E-04  -9.3409823671003533E-02
   1.2387387387387387E+00   5.5614392765345583E-04  -9.0121351134042363E-02
   1.3138138138138138E+00   5.7932400169644484E-04  -8.5701084977383005E-02
   1.3888888888888891E+00   6.1053139621275389E-04  -8.1623620929849580E-02
   1.4639639639639641E+00   6.4940724063295905E-04  -7.9084584433822713E-02
   1.5390390390390392E+00   6.9474440894875178E-04  -7.8744109501536874E-02
   1.6141141141141142E+00   7.4486340999343418E-04  -8.0712022255628096E-02
   1.6891891891891890E+00   7.9798904533282921E-04  -8.4695784584580699E-02
   1.7642642642642643E+00   8.5252895984409046E-04  -9.0188894269481595E-02
   1.8393393393393391E+00   9.0723179038615040E-04  -9.6623511897033207E-02
   1.9144144144144142E+00   9.6124471635042504E-04  -1.0346665801174917E-01
   1.9894894894894894E+00   1.0141019113903257E-03  -1.1026862939216515E-01
   2.0645645645645647E+00   1.0656733103688954E-03  -1.1667949521494841E-01
   2.1396396396396393E+00   1.1160971960593085E-03  -1.2244731413223880E-01
   2.2147147147147148E+00   1.1657133156110478E-03  -1.2740767514911855E-01
   2.2897897897897899E+00   1.2150058586476579E-03  -1.3147078835205153E-01
   2.3648648648648645E+00   1.2645581390936344E-03  -1.3460976006744454E-01
   2.4399399399399400E+00   1.3150145720614481E-03  -1.3685151098096535E-01
   2.5150150150150150E+00   1.3670422220123340E-03  -1.3826991931977251E-01
   2.5900900900900901E+00   1.4212849173360757E-03  -1.3897942611772740E-01
   2.6651651651651651E+00   1.4783074377391723E-03  -1.3912688853321795E-01
   2.7402402402402402E+00   1.5385338408713924E-03  -1.3888009648073882E-01
   2.8153153153153152E+00   1.6021899034940859E-03  -1.3841285820140872E-01
   2.8903903903903903E+00   1.6692623502875099E-03  -1.3788827835345355E-01
   2.9654654654654653E+00   1.7394857835062640E-03  -1.3744301681545815E-01
   3.0405405405405408E+00   1.8123626708702600E-03  -1.3717541279855819E-01
   3.1156156156156154E+00   1.8872145725091763E-03  -1.3713941757423437E-01
   3.1906906906906909E+00   1.9632565232702119E-03  -1.3734481062301448E-01
   3.2657657657657664E+00   2.0396828591246734E-03  -1.3776282323797107E-01
   3.3408408408408410E+00   2.1157521933483519E-03  -1.3833548965567213E-01
   3.4159159159159160E+00   2.1908610456041980E-03  -1.3898686907438015E-01
   3.4909909909909915E+00   2.2645986836278406E-03  -1.3963455591302512E-01
   3.5660660660660661E+00   2.3367790124153281E-03  -1.4020036300945826E-01
   3.6411411411411412E+00   2.4074481415996989E-03  -1.4061951627433839E-01
   3.7162162162162167E+00   2.4780084349457633E-03  -1.4093366599770715E-01
   3.7912912912912913E+00   2.5498896723785357E-03  -1.4120210399313843E-01
   3.8663663663663672E+00   2.6232653505410286E-03  -1.4140825707520890E-01
   3.9414414414414418E+00   2.6983567954070521E-03  -1.4154484708505649E-01
   4.0165165165165169E+00   2.7754033768961663E-03  -1.4161370071957299E-01
   4.0915915915915919E+00   2.8546351535155964E-03  -1.4162418895235521E-01
   4.1666666666666670E+00   2.9362511604175269E-03  -1.4159087833082140E-01
   4.2417417417417420E+00   3.0204050618733943E-03  -1.4153090988499945E-01
   4.3168168168168171E+00   3.1071986167034433E-03  -1.4146151813534583E-01
   4.3918918918918921E+00   3.1966824009402547E-03  -1.4139798121192473E-01
   4.4669669669669672E+00   3.2888625209638103E-03  -1.4135216928522013E-01
   4.5420420420420422E+00   3.3837116320528304E-03  -1.4133174618034644E-01
   4.6171171171171173E+00   3.4811824252232140E-03  -1.4133998852954696E-01
   4.6921921921921923E+00   3.5812218116756346E-03  -1.4137612358142898E-01
   4.7672672672672682E+00   3.6837842596840983E-03  -1.4143605123221278E-01
   4.8423423423423424E+00   3.7888430626977629E-03  -1.4151330435958814E-01
   4.9174174174174174E+00   3.8963986865960011E-03  -1.4160010825055352E-01
   4.9924924924924934E+00   4.0064837174484053E-03  -1.4168841846403021E-01
   5.0675675675675675E+00   4.1191642808901035E-03  -1.4177084131155543E-01
   5.1426426426426426E+00   4.2345381134583516E-03  -1.4184136817602352E-01
   5.2177177177177185E+00   4.3527297255949006E-03  -1.4189588151855451E-01
   5.2927927927927927E+00   4.4738833000457700E-03  -1.4193241521965994E-01
   5.3678678678678677E+00   4.5981541138484863E-03  -1.4195117413428515E-01
   5.4429429429429437E+00   4.7256993527443249E-03  -1.4195433694173462E-01
   5.5180180180180187E+00   4.8566691997963549E-03  -1.4194568204188607E-01
   5.5930930930930929E+00   4.9911990232749601E-03  -1.4193008776752636E-01
   5.6681681681681688E+00   5.1294033646239450E-03  -1.4191296489449040E-01
   5.7432432432432439E+00   5.2713722436660984E-03  -1.4189968085279742E-01
   5.8183183183183180E+00   5.4171700701074101E-03  -1.4189503108864041E-01
   5.8933933933933940E+00   5.5668371989567632E-03  -1.4190280417471338E-01
   5.9684684684684690E+00   5.7203939176736062E-03  -1.4192547457903909E-01
   6.0435435435435441E+00   5.8778464301395715E-03  -1.4196404201197649E-01
   6.1186186186186191E+00   6.0391942291059602E-03  -1.4201802073854111E-01
   6.1936936936936942E+00   6.2044381403061552E-03  -1.4208556787192950E-01
   6.2687687687687692E+00   6.3735882852496463E-03  -1.4216372784022804E-01
   6.3438438438438443E+00   6.5466712444117491E-03  -1.4224876183906976E-01
   6.4189189189189193E+00   6.7237357991712741E-03  -1.4233652650253428E-01
   6.4939939939939944E+00   6.9048567753036381E-03  -1.4242286510740945E-01
   6.5690690690690685E+00   7.0901366865284464E-03  -1.4250397687817340E-01
   6.6441441441441436E+00   7.2797050670179442E-03  -1.4257673468978962E-01
   6.7192192192192195E+00   7.4737155721716431E-03  -1.4263892793261795E-01
   6.7942942942942937E+00   7.6723411051605617E-03  -1.4268941482607833E-01
   6.8693693693693687E+00   7.8757673828834824E-03  -1.4272817647061994E-01
   6.9444444444444446E+00   8.0841854807538818E-03  -1.4275627294006474E-01
   7.0195195195195188E+00   8.2977839835993612E-03  -1.4277570933192466E-01
   7.0945945945945939E+00   8.5167414127619388E-03  -1.4278922652031481E-01
   7.1696696696696698E+00   8.7412195910057926E-03  -1.4280003698615634E-01
   7.2447447447447439E+00   8.9713585430764697E-03  -1.4281153011191244E-01
   7.3198198198198190E+00   9.2072734107812443E-03  -1.4282697333747182E-01
   7.3948948948948949E+00   9.4490536931219095E-03  -1.4284923530773064E-01
   7.4699699699699700E+00   9.6967649168237316E-03  -1.4288055452732359E-01
   7.5450450450450441E+00   9.9504526193029061E-03  -1.4292237226135004E-01
   7.6201201201201201E+00   1.0210148307706286E-02  -1.4297524194551622E-01
   7.6951951951951951E+00   1.0475876868235997E-02  -1.4303881988758657E-01
   7.7702702702702693E+00   1.0747664760972161E-02  -1.4311193438000433E-01
   7.8453453453453452E+00   1.1025548262197454E-02  -1.4319272333164157E-01
   7.9204204204204212E+00   1.1309581015745383E-02  -1.4327882487416793E-01
   7.9954954954954944E+00   1.1599840224952727E-02  -1.4336760159540313E-01
   8.0705705705705704E+00   1.1896430947052861E-02  -1.4345637731970604E-01
   8.1456456456456454E+00   1.2199488126125091E-02  -1.4354266565091772E-01
   8.2207207207207205E+00   1.2509176200033884E-02  -1.4362437155854701E-01
   8.2957957957957955E+00   1.2825686322302646E-02  -1.4369995072622699E-01
   8.3708708708708706E+00   1.3149231435061031E-02  -1.4376851574084060E-01
   8.4459459459459456E+00   1.3480039600981795E-02  -1.4382988304233038E-01
   8.5210210210210207E+00   1.3818346140765736E-02  -1.4388455949561482E-01
   8.5960960960960957E+00   1.4164385221070370E-02  -1.4393367217423075E-01
   8.6711711711711708E+00   1.4518381590212279E-02  -1.4397884920541290E-01
   8.7462462462462458E+00   1.4880543160878166E-02  -1.4402206309913407E-01
   8.8213213213213209E+00   1.5251055087076784E-02  -1.4406545066612983E-01
   8.8963963963963959E+00   1.5630075875634638E-02  -1.4411112523209588E-01
   8.9714714714714709E+00   1.6017735913748700E-02  -1.4416099721783679E-01
   9.0465465465465460E+00   1.6414138592177292E-02  -1.4421661818546075E-01
   9.1216216216216210E+00   1.6819363973763657E-02  -1.4427906116384234E-01
   9.1966966966966961E+00   1.7233474720195055E-02  -1.4434884661747457E-01
   9.2717717717717711E+00   1.7656523770964137E-02  -1.4442591911380179E-01
   9.3468468468468462E+00   1.8088563092484820E-02  -1.4450967500150402E-01
   9.4219219219219212E+00   1.8529652703589958E-02  -1.4459903673321728E-01
   9.4969969969969981E+00   1.8979869150257955E-02  -1.4469256534728980E-01
   9.5720720720720713E+00   1.9439312651697061E-02  -1.4478859948594086E-01
   9.6471471471471464E+00   1.9908112265804124E-02  -1.4488540745811801E-01
   9.7222222222222232E+00   2.0386428609342016E-02  -1.4498133837221491E-01
   9.7972972972972965E+00   2.0874453895404904E-02  -1.4507495921388283E-01
   9.8723723723723715E+00   2.1372409293557441E-02  -1.4516516673031513E-01
   9.9474474474474484E+00   2.1880539852852508E-02  -1.4525126580997966E-01
   1.0022522522522522E+01   2.2399107434641716E-02  -1.4533300937678151E-01
   1.0097597597597597E+01   2.2928382265568453E-02  -1.4541059831535025E-01
   1.0172672672672673E+01   2.3468633831487572E-02  -1.4548464331438885E-01
   1.0247747747747747E+01   2.4020121884999496E-02  -1.4555609351912108E-01
   1.0322822822822822E+01   2.4583088331068707E-02  -1.4562613934243385E-01
   1.0397897897897899E+01   2.5157750687834032E-02  -1.4569609856884122E-01
   1.0472972972972972E+01   2.5744297696741397E-02  -1.4576729590946882E-01
   1.0548048048048047E+01   2.6342887484002521E-02  -1.4584094638019854E-01
   1.0623123123123124E+01   2.6953648464325977E-02  -1.4591805226873900E-01
   1.0698198198198197E+01   2.7576682942390972E-02  -1.4599932206863825E-01
   1.0773273273273272E+01   2.8212073126462518E-02  -1.4608511768712296E-01
   1.0848348348348349E+01   2.8859889043734217E-02  -1.4617543364227317E-01
   1.0923423423423422E+01   2.9520197661184005E-02  -1.4626990907598914E-01
   1.0998498498498497E+01   3.0193072389512583E-02  -1.4636787048641225E-01
   1.1073573573573574E+01   3.0878602096475739E-02  -1.4646840040304562E-01
   1.1148648648648647E+01   3.1576898787290794E-02  -1.4657042504340842E-01
   1.1223723723723724E+01   3.2288103222502515E-02  -1.4667281250099076E-01
   1.1298798798798799E+01   3.3012387927580031E-02  -1.4677447234202134E-01
   1.1373873873873872E+01   3.3749957286060325E-02  -1.4687444766721724E-01
   1.1448948948948949E+01   3.4501044676578288E-02  -1.4697199167389402E-01
   1.1524024024024024E+01   3.5265906888469520E-02  -1.4706662241263396E-01
   1.1599099099099098E+01   3.6044816305473973E-02  -1.4715815159828546E-01
   1.1674174174174174E+01   3.6838051559007108E-02  -1.4724668580170458E-01
   1.1749249249249250E+01   3.7645887501526698E-02  -1.4733260089462058E-01
   1.1824324324324323E+01   3.8468585421639216E-02  -1.4741649302156373E-01
   1.1899399399399400E+01   3.9306384406964379E-02  -1.4749911141730937E-01
   1.1974474474474475E+01   4.0159494657379405E-02  -1.4758127988949760E-01
   1.2049549549549550E+01   4.1028093367930625E-02  -1.4766381460245601E-01
   1.2124624624624625E+01   4.1912323554618075E-02  -1.4774744585257502E-01
   1.2199699699699700E+01   4.2812295912860024E-02  -1.4783275082247133E-01
   1.2274774774774775E+01   4.3728093508776961E-02  -1.4792010293471600E-01
   1.2349849849849850E+01   4.4659778839747394E-02  -1.4800964157318180E-01
   1.2424924924924925E+01   4.5607402591268137E-02  -1.4810126383734967E-01
   1.2500000000000000E+01   4.6571013281475074E-02  -1.4819463789891696E-01
   1.2575075075075075E+01   4.7550666930242402E-02  -1.4828923567316210E-01
   1.2650150150150150E+01   4.8546435911934603E-02  -1.4838438106649038E-01
   1.2725225225225225E+01   4.9558416235638336E-02  -1.4847930909351342E-01
   1.2800300300300300E+01   5.0586732626168029E-02  -1.4857323065824349E-01
   1.2875375375375375E+01   5.1631540937606864E-02  -1.4866539768515577E-01
   1.2950450450450450E+01   5.2693027609938950E-02  -1.4875516346418288E-01
   1.3025525525525527E+01   5.3771406077996416E-02  -1.4884203345992139E-01
   1.3100600600600600E+01   5.4866910265257654E-02  -1.4892570240781070E-01
   1.3175675675675677E+01   5.5979785546033209E-02  -1.4900607432151819E-01
   1.3250750750750752E+01   5.7110277830955763E-02  -1.4908326314812312E-01
   1.3325825825825826E+01   5.8258621698316686E-02  -1.4915757329837123E-01
   1.3400900900900902E+01   5.9425028715221054E-02  -1.4922946113860971E-01
   1.3475975975975977E+01   6.0609677213352031E-02  -1.4929948062326609E-01
   1.3551051051051051E+01   6.1812704751472713E-02  -1.4936821829775304E-01
   1.3626126126126128E+01   6.3034204277008191E-02  -1.4943622453824151E-01
   1.3701201201201203E+01   6.4274224594267085E-02  -1.4950394872983860E-01
   1.3776276276276276E+01   6.5532775203966415E-02  -1.4957168583042199E-01
   1.3851351351351353E+01   6.6809834986152269E-02  -1.4963954033935079E-01
   1.3926426426426428E+01   6.8105363669367397E-02  -1.4970741126751411E-01
   1.4001501501501501E+01   6.9419314672923602E-02  -1.4977499871896716E-01
   1.4076576576576578E+01   7.0751647802092629E-02  -1.4984182973829313E-01
   1.4151651651651653E+01   7.2102340434588644E-02  -1.4990729875945627E-01
   1.4226726726726726E+01   7.3471396208775894E-02  -1.4997071676513005E-01
   1.4301801801801803E+01   7.4858850699821927E-02  -1.5003136329493508E-01
   1.4376876876876878E+01   7.6264774012756428E-02  -1.5008853654489765E-01
   1.4451951951951951E+01   7.7689270510114691E-02  -1.5014159849688430E-01
   1.4527027027027028E+01   7.9132475963440752E-02  -1.5019001366890641E-01
   1.4602102102102103E+01   8.0594552293508023E-02  -1.5023338109892834E-01
   1.4677177177177180E+01   8.2075679848887542E-02  -1.5027145923426005E-01
   1.4752252252252253E+01   8.3576047024746677E-02  -1.5030418255188160E-01
   1.4827327327327328E+01   8.5095837099901886E-02  -1.5033166743607571E-01
   1.4902402402402405E+01   8.6635212561720187E-02  -1.5035420381115167E-01
   1.4977477477477478E+01   8.8194297872399879E-02  -1.5037222901909320E-01
   1.5052552552552553E+01   8.9773162452825531E-02  -1.5038628194204109E-01
   1.5127627627627630E+01   9.1371806366136663E-02  -1.5039693841399299E-01
   1.5202702702702704E+01   9.2990151486481293E-02  -1.5040473299157481E-01
   1.5277777777777779E+01   9.4628040617801182E-02  -1.5041007613616092E-01
   1.5352852852852855E+01   9.6285246015945472E-02  -1.5041317858040262E-01
   1.5427927927927930E+01   9.7961487203742620E-02  -1.5041399507775097E-01
   1.5503003003003004E+01   9.9656456187295045E-02  -1.5041219738084802E-01
   1.5578078078078081E+01   1.0136984663469890E-01  -1.5040718145606000E-01
   1.5653153153153156E+01   1.0310138270652087E-01  -1.5039810767956849E-01
   1.5728228228228229E+01   1.0485084331790280E-01  -1.5038396665127340E-01
   1.5803303303303306E+01   1.0661807868856442E-01  -1.5036365894798276E-01
   1.5878378378378381E+01   1.0840301782281664E-01  -1.5033607581620825E-01
   1.5953453453453454E+01   1.1020566754039170E-01  -1.5030016982393346E-01
   1.6028528528528533E+01   1.1202610524097401E-01  -1.5025500917548043E-01
   1.6103603603603606E+01   1.1386446822481536E-01  -1.5019981519787423E-01
   1.6178678678678679E+01   1.1572094189067197E-01  -1.5013398746209211E-01
   1.6253753753753756E+01   1.1759574766764973E-01  -1.5005712334608834E-01
   1.6328828828828829E+01   1.1948912966431673E-01  -1.4996903763988381E-01
   1.6403903903903906E+01   1.2140133751654264E-01  -1.4986978331733586E-01
   1.6478978978978983E+01   1.2333260253613926E-01  -1.4975966837260957E-01
   1.6554054054054056E+01   1.2528310544922808E-01  -1.4963925799199987E-01
   1.6629129129129129E+01   1.2725293669217402E-01  -1.4950934875015440E-01
   1.6704204204204206E+01   1.2924205375435169E-01  -1.4937090367799569E-01
   1.6779279279279280E+01   1.3125024333275701E-01  -1.4922494420329455E-01
   1.6854354354354356E+01   1.3327709787787537E-01  -1.4907240566199936E-01
   1.6929429429429433E+01   1.3532201552186932E-01  -1.4891397444462739E-01
   1.7004504504504506E+01   1.3738422908613201E-01  -1.4874993338329109E-01
   1.7079579579579580E+01   1.3946286439580555E-01  -1.4858004468491881E-01
   1.7154654654654657E+01   1.4155702178283866E-01  -1.4840349507921005E-01
   1.7229729729729730E+01   1.4366586917038535E-01  -1.4821891652744923E-01
   1.7304804804804807E+01   1.4578873214968618E-01  -1.4802448059330628E-01
   1.7379879879879883E+01   1.4792516700422448E-01  -1.4781804955023409E-01
   1.7454954954954957E+01   1.5007500669867324E-01  -1.4759735677859234E-01
   1.7530030030030030E+01   1.5223837631115572E-01  -1.4736018606085108E-01
   1.7605105105105107E+01   1.5441568128730182E-01  -1.4710452481508712E-01
   1.7680180180180180E+01   1.5660757702233266E-01  -1.4682867825209425E-01
   1.7755255255255257E+01   1.5881492990431281E-01  -1.4653134582414051E-01
   1.7830330330330334E+01   1.6103877747841799E-01  -1.4621167308582719E-01
   1.7905405405405407E+01   1.6328028967544550E-01  -1.4586929680631144E-01
   1.7980480480480480E+01   1.6554072625351857E-01  -1.4550439670037676E-01
   1.8055555555555557E+01   1.6782138057633683E-01  -1.4511775453431752E-01
   1.8130630630630630E+01   1.7012349917051883E-01  -1.4471080481844933E-01
   1.8205705705705707E+01   1.7244817149465566E-01  -1.4428564703326952E-01
   1.8280780780780784E+01   1.7479619442074673E-01  -1.4384498359507422E-01
   1.8355855855855857E+01   1.7716792848090041E-01  -1.4339195462236465E-01
   1.8430930930930931E+01   1.7956317398640959E-01  -1.4292986021736451E-01
   1.8506006006006007E+01   1.8198110049882807E-01  -1.4246178920591307E-01
   1.8581081081081084E+01   1.8442025985698052E-01  -1.4199020236862628E-01
   1.8656156156156158E+01   1.8687870047097596E-01  -1.4151653918222168E-01
   1.8731231231231234E+01   1.8935418120584610E-01  -1.4104092265290874E-01
   1.8806306306306308E+01   1.9184446166004102E-01  -1.4056202385282474E-01
   1.8881381381381381E+01   1.9434762788666571E-01  -1.4007711866103106E-01
   1.8956456456456458E+01   1.9686240380414455E-01  -1.3958233137641068E-01
   1.9031531531531535E+01   1.9938840147717807E-01  -1.3907302358433143E-01
   1.9106606606606608E+01   2.0192627743681188E-01  -1.3854426191143257E-01
   1.9181681681681685E+01   2.0447778313332368E-01  -1.3799129166943871E-01
   1.9256756756756758E+01   2.0704571908288391E-01  -1.3740995589105898E-01
   1.9331831831831831E+01   2.0963381759807545E-01  -1.3679702588931142E-01
   1.9406906906906908E+01   2.1224658345627648E-01  -1.3615044059644940E-01
   1.9481981981981985E+01   2.1488911444927739E-01  -1.3546947629961353E-01
   1.9557057057057058E+01   2.1756690782372123E-01  -1.3475487685263382E-01
   1.9632132132132135E+01   2.2028564105489468E-01  -1.3400896336059823E-01
   1.9707207207207208E+01   2.2305090445315648E-01  -1.3323571533232217E-01
   1.9782282282282281E+01   2.2586786549177201E-01  -1.3244078268009427E-01
   1.9857357357357358E+01   2.2874086290815762E-01  -1.3163136365320488E-01
   1.9932432432432435E+01   2.3167295920754308E-01  -1.3081588067924835E-01
   2.0007507507507508E+01   2.3466551438204628E-01  -1.3000341102733265E-01
   2.0082582582582585E+01   2.3771786956402838E-01  -1.2920287974289277E-01
   2.0157657657657658E+01   2.4082723579840057E-01  -1.2842208631170013E-01
   2.0232732732732732E+01   2.4398886374341919E-01  -1.2766669539814385E-01
   2.0307807807807809E+01   2.4719652607381676E-01  -1.2693935662920755E-01
   2.0382882882882885E+01   2.5044328485469286E-01  -1.2623911568218213E-01
   2.0457957957957959E+01   2.5372245605083976E-01  -1.2556123664129928E-01
   2.0533033033033036E+01   2.5702863876309112E-01  -1.2489748337380331E-01
   2.0608108108108109E+01   2.6035866008808484E-01  -1.2423682407204853E-01
   2.0683183183183182E+01   2.6371230230112908E-01  -1.2356644967062740E-01
   2.0758258258258259E+01   2.6709272270436840E-01  -1.2287295163234004E-01
   2.0833333333333336E+01   2.7050653534221947E-01  -1.2214349703801521E-01
   2.0908408408408409E+01   2.7396358106352137E-01  -1.2136686741216875E-01
   2.0983483483483486E+01   2.7747645228669288E-01  -1.2053428036632627E-01
   2.1058558558558559E+01   2.8105985151040247E-01  -1.1963997135234002E-01
   2.1133633633633632E+01   2.8472984774056398E-01  -1.1868155698311360E-01
   2.1208708708708709E+01   2.8850306216157490E-01  -1.1766021724144948E-01
   2.1283783783783786E+01   2.9239578030175223E-01  -1.1658071775982976E-01
   2.1358858858858859E+01   2.9642297093577230E-01  -1.1545125421992361E-01
   2.1433933933933936E+01   3.0059720514737909E-01  -1.1428305833518007E-01
   2.1509009009009009E+01   3.0492751457805406E-01  -1.1308968254624820E-01
   2.1584084084084083E+01   3.0941829483177224E-01  -1.1188589747720937E-01
   2.1659159159159163E+01   3.1406842606653623E-01  -1.1068619837754103E-01
   2.1734234234234236E+01   3.1887082122694038E-01  -1.0950301291220356E-01
   2.1809309309309310E+01   3.2381260106773363E-01  -1.0834480620227734E-01
   2.1884384384384386E+01   3.2887602524994680E-01  -1.0721435654193041E-01
   2.1959459459459460E+01   3.3404018941596281E-01  -1.0610749829358909E-01
   2.2034534534534536E+01   3.3928335482251176E-01  -1.0501258412722486E-01
   2.2109609609609613E+01   3.4458564470133946E-01  -1.0391081419348328E-01
   2.2184684684684687E+01   3.4993175380544639E-01  -1.0277743948599995E-01
   2.2259759759759760E+01   3.5531329732037575E-01  -1.0158370384709255E-01
   2.2334834834834837E+01   3.6073047784785051E-01  -1.0029927571524797E-01
   2.2409909909909910E+01   3.6619286137199758E-01  -9.8894859202662111E-02
   2.2484984984984987E+01   3.7171919721476404E-01  -9.7344673046358618E-02
   2.2560060060060064E+01   3.7733635805892618E-01  -9.5628539676237925E-02
   2.2635135135135137E+01   3.8307758146023052E-01  -9.3733417228748464E-02
   2.2710210210210210E+01   3.8898024251633506E-01  -9.1654309148051144E-02
   2.2785285285285287E+01   3.9508337511472513E-01  -8.9394571890483443E-02
   2.2860360360360360E+01   4.0142510291972983E-01  -8.6965690199929876E-02
   2.2935435435435437E+01   4.0804007295970923E-01  -8.4386593986335981E-02
   2.3010510510510514E+01   4.1495694137329703E-01  -8.1682561125743111E-02
   2.3085585585585587E+01   4.2219597068031262E-01  -7.8883712147828078E-02
   2.3160660660660660E+01   4.2976686718806312E-01  -7.6023087946807885E-02
   2.3235735735735737E+01   4.3766709395562958E-01  -7.3134335404270334E-02
   2.3310810810810811E+01   4.4588099293654937E-01  -7.0249113206972066E-02
   2.3385885885885887E+01   4.5438008355764314E-01  -6.7394450297372177E-02
   2.3460960960960964E+01   4.6312482941387512E-01  -6.4590400503274789E-02
   2.3536036036036037E+01   4.7206796650354849E-01  -6.1848391253411225E-02
   2.3611111111111111E+01   4.8115919376529065E-01  -5.9170627169249597E-02
   2.3686186186186188E+01   4.9035070580035289E-01  -5.6550773211660597E-02
   2.3761261261261261E+01   4.9960278518858192E-01  -5.3975930213402759E-02
   2.3836336336336338E+01   5.0888854942902306E-01  -5.1429674630754464E-02
   2.3911411411411414E+01   5.1819701688708031E-01  -4.8895720342159110E-02
   2.3986486486486488E+01   5.2753392091693618E-01  -4.6361624775663274E-02
   2.4061561561561565E+01   5.3692011136933626E-01  -4.3821939988690259E-02
   2.4136636636636638E+01   5.4638784220376124E-01  -4.1280312705153782E-02
   2.4211711711711711E+01   5.5597563430580821E-01  -3.8750247279603349E-02
   2.4286786786786788E+01   5.6572261661779200E-01  -3.6254513679126167E-02
   2.4361861861861865E+01   5.7566322737188058E-01  -3.3823439082510613E-02
   2.4436936936936938E+01   5.8582291599478165E-01  -3.1492495072293486E-02
   2.4512012012012015E+01   5.9621511627585910E-01  -2.9299635343701835E-02
   2.4587087087087088E+01   6.0683940022334792E-01  -2.7282749331621885E-02
   2.4662162162162161E+01   6.1768050180251566E-01  -2.5477422261771836E-02
   2.4737237237237242E+01   6.2870789332677390E-01  -2.3915010153664172E-02
   2.4812312312312315E+01   6.3987578633756692E-01  -2.2620925836334800E-02
   2.4887387387387388E+01   6.5112370909130268E-01  -2.1613031319361965E-02
   2.4962462462462465E+01   6.6237803583255539E-01  -2.0900133427374321E-02
   2.5037537537537538E+01   6.7355487821394100E-01  -2.0480727817616593E-02
   2.5112612612612615E+01   6.8456454047589377E-01  -2.0342254843650171E-02
   2.5187687687687692E+01   6.9531733375516980E-01  -2.0461155111363198E-02
   2.5262762762762765E+01   7.0573007669452925E-01  -2.0803917842039197E-02
   2.5337837837837839E+01   7.1573225427495291E-01  -2.1329124079194968E-02
   2.5412912912912915E+01   7.2527071240140772E-01  -2.1990259580772917E-02
   2.5487987987987989E+01   7.3431199604960806E-01  -2.2738883363450285E-02
   2.5563063063063066E+01   7.4284194643062385E-01  -2.3527650209942921E-02
   2.5638138138138142E+01   7.5086281141261069E-01  -2.4312730549172611E-02
   2.5713213213213216E+01   7.5838869518401453E-01  -2.5055339497484140E-02
   2.5788288288288289E+01   7.6544049452356466E-01  -2.5722329820963827E-02
   2.5863363363363366E+01   7.7204143644053369E-01  -2.6286046418884611E-02
   2.5938438438438439E+01   7.7821396180732205E-01  -2.6723804517909292E-02
   2.6013513513513512E+01   7.8397812805026690E-01  -2.7017385253753173E-02
   2.6088588588588589E+01   7.8935114275564577E-01  -2.7152830744923431E-02
   2.6163663663663659E+01   7.9434730189235392E-01  -2.7120608410930055E-02
   2.6238738738738736E+01   7.9897762449222698E-01  -2.6915984014373461E-02
   2.6313813813813812E+01   8.0324884604103519E-01  -2.6539289924812932E-02
   2.6388888888888886E+01   8.0716200222453360E-01  -2.5995770782870659E-02
   2.6463963963963963E+01   8.1071134586076543E-01  -2.5294848605549473E-02
   2.6539039039039039E+01   8.1388452851993676E-01  -2.4448918365164111E-02
   2.6614114114114109E+01   8.1666469224127203E-01  -2.3472050496336088E-02
   2.6689189189189186E+01   8.1903440757156554E-01  -2.2379110249652494E-02
   2.6764264264264263E+01   8.2098052913899389E-01  -2.1185718917521027E-02
   2.6839339339339336E+01   8.2249840832642618E-01  -1.9909181699830941E-02
   2.6914414414414413E+01   8.2359384340886699E-01  -1.8570094719963504E-02
   2.6989489489489490E+01   8.2428177553432513E-01  -1.7193987230412221E-02
   2.7064564564564559E+01   8.2458185884086854E-01  -1.5812216072430420E-02
   2.7139639639639636E+01   8.2451219921159824E-01  -1.4461488543085422E-02
   2.7214714714714713E+01   8.2408326610690152E-01  -1.3181801711781859E-02
   2.7289789789789786E+01   8.2329391747351699E-01  -1.2013091282436647E-02
   2.7364864864864863E+01   8.2213067039321708E-01  -1.0991277255674475E-02
   2.7439939939939940E+01   8.2057017189474868E-01  -1.0144526893651822E-02
   2.7515015015015010E+01   8.1858379791119784E-01  -9.4904057556146337E-03
   2.7590090090090087E+01   8.1614283837811052E-01  -9.0342648967396046E-03
   2.7665165165165163E+01   8.1322290593346591E-01  -8.7688894854698017E-03
   2.7740240240240237E+01   8.0980680609443689E-01  -8.6752469261985321E-03
   2.7815315315315313E+01   8.0588574585663031E-01  -8.7241509287113439E-03
   2.7890390390390390E+01   8.0145913180825357E-01  -8.8787254509093711E-03
   2.7965465465465460E+01   7.9653324771109302E-01  -9.0975885399088279E-03
   2.8040540540540537E+01   7.9111896196796772E-01  -9.3385982558974647E-03
   2.8115615615615614E+01   7.8522853921477487E-01  -9.5628185975749017E-03
   2.8190690690690687E+01   7.7887177096495741E-01  -9.7381647437365989E-03
   2.8265765765765764E+01   7.7205197094289935E-01  -9.8420962643104171E-03
   2.8340840840840841E+01   7.6476272720330118E-01  -9.8628292406421660E-03
   2.8415915915915910E+01   7.5698645920926977E-01  -9.7988385573751606E-03
   2.8490990990990987E+01   7.4869566791358499E-01  -9.6568446821791078E-03
   2.8566066066066067E+01   7.3985729144308165E-01  -9.4489020177467055E-03
   2.8641141141141137E+01   7.3043989426661360E-01  -9.1895006299057436E-03
   2.8716216216216214E+01   7.2042268632958062E-01  -8.8936621090794244E-03
   2.8791291291291291E+01   7.0980477092356853E-01  -8.5768072672969525E-03
   2.8866366366366361E+01   6.9861272859849910E-01  -8.2567146418570624E-03
   2.8941441441441441E+01   6.8690479302999774E-01  -7.9572557704975632E-03
   2.9016516516516518E+01   6.7477051234776442E-01  -7.7129239288362241E-03
   2.9091591591591595E+01   6.6232583282531299E-01  -7.5726403107889235E-03
   2.9166666666666664E+01   6.4970475509847714E-01  -7.6010985701653305E-03
   2.9241741741741741E+01   6.3704973719716984E-01  -7.8761236850306143E-03
   2.9316816816816818E+01   6.2450346162961845E-01  -8.4812085164600436E-03
   2.9391891891891891E+01   6.1220416178728088E-01  -9.4934520648624326E-03
   2.9466966966966968E+01   6.0028539436591399E-01  -1.0968322409475879E-02
   2.9542042042042045E+01   5.8887928505912779E-01  -1.2923690872133322E-02
   2.9617117117117115E+01   5.7812051552916233E-01  -1.5326144903349393E-02
   2.9692192192192191E+01   5.6814741492105825E-01  -1.8082526360081837E-02
   2.9767267267267268E+01   5.5909700388626193E-01  -2.1038965414992408E-02
   2.9842342342342342E+01   5.5109273648537793E-01  -2.3988523288388446E-02
   2.9917417417417418E+01   5.4422639894754232E-01  -2.6687125802065722E-02
   2.9992492492492495E+01   5.3853809993715596E-01  -2.8876019097233127E-02
   3.0067567567567565E+01   5.3399941997945377E-01  -3.0307802646310712E-02
   3.0142642642642642E+01   5.3050394141471258E-01  -3.0772453836879429E-02
   3.0217717717717719E+01   5.2786680962691213E-01  -3.0119737921424666E-02
   3.0292792792792792E+01   5.2583192114574795E-01  -2.8274842755510430E-02
   3.0367867867867869E+01   5.2408358291372559E-01  -2.5244780156978213E-02
   3.0442942942942945E+01   5.2226038309478584E-01  -2.1114119419094055E-02
   3.0518018018018015E+01   5.1997228604398893E-01  -1.6030358124737014E-02
   3.0593093093093092E+01   5.1682526602185952E-01  -1.0181906069283918E-02
   3.0668168168168169E+01   5.1245784074380918E-01  -3.7745770275586449E-03
   3.0743243243243242E+01   5.0658896317813074E-01   2.9859929781142209E-03
   3.0818318318318319E+01   4.9906886660126548E-01   9.9000411253165888E-03
   3.0893393393393396E+01   4.8991875490667763E-01   1.6766137084142627E-02
   3.0968468468468465E+01   4.7934648287740189E-01   2.3365099314587686E-02
   3.1043543543543542E+01   4.6773411310292373E-01   2.9444788363408601E-02
   3.1118618618618619E+01   4.5560457759489592E-01   3.4716328407718711E-02
   3.1193693693693692E+01   4.4358127095724353E-01   3.8869281870373952E-02
   3.1268768768768769E+01   4.3235176337377818E-01   4.1607612065139944E-02
   3.1343843843843846E+01   4.2263694235419419E-01   4.2702396701148650E-02
   3.1418918918918916E+01   4.1515706373540368E-01   4.2052553035952962E-02
   3.1493993993993993E+01   4.1058369957910801E-01   3.9740501371255933E-02
   3.1569069069069069E+01   4.0947368606411166E-01   3.6065087842052160E-02
   3.1644144144144143E+01   4.1219408955098913E-01   3.1532696440554980E-02
   3.1719219219219219E+01   4.1885845670685035E-01   2.6796137172263385E-02
   3.1794294294294296E+01   4.2929679172679192E-01   2.2551065311800022E-02
   3.1869369369369366E+01   4.4307179157989895E-01   1.9420282678125182E-02
   3.1944444444444443E+01   4.5953662071657919E-01   1.7861552185190359E-02
   3.2019519519519520E+01   4.7791557250262573E-01   1.8120859669315245E-02
   3.2094594594594589E+01   4.9738692406889923E-01   2.0232054243168252E-02
   3.2169669669669666E+01   5.1715647676842746E-01   2.4048810864682236E-02
   3.2244744744744743E+01   5.3652144712025018E-01   2.9290142180918577E-02
   3.2319819819819820E+01   5.5492760682964448E-01   3.5583783892015081E-02
   3.2394894894894897E+01   5.7201583530396216E-01   4.2499511315215059E-02
   3.2469969969969974E+01   5.8764565437351179E-01   4.9574002001678219E-02
   3.2545045045045043E+01   6.0188412127817326E-01   5.6336152037046353E-02
   3.2620120120120120E+01   6.1496171764454988E-01   6.2342130392368876E-02
   3.2695195195195197E+01   6.2721251717903115E-01   6.7221447241568089E-02
   3.2770270270270267E+01   6.3901926597421943E-01   7.0723632003311207E-02
   3.2845345345345343E+01   6.5077113937116582E-01   7.2748536305825034E-02
   3.2920420420420420E+01   6.6282528436477384E-01   7.3347630545063963E-02
   3.2995495495495490E+01   6.7545972688004619E-01   7.2696403795840664E-02
   3.3070570570570567E+01   6.8881913003241024E-01   7.1050086116170891E-02
   3.3145645645645644E+01   7.0287367581078941E-01   6.8698284393969078E-02
   3.3220720720720720E+01   7.1741701622392384E-01   6.5927750482380781E-02
   3.3295795795795797E+01   7.3211364762555697E-01   6.2992875242321042E-02
   3.3370870870870874E+01   7.4657797681769433E-01   6.0089116350537722E-02
   3.3445945945945944E+01   7.6044710048267350E-01   5.7328680759114167E-02
   3.3521021021021021E+01   7.7341416714808953E-01   5.4725662090261598E-02
   3.3596096096096097E+01   7.8521867382024901E-01   5.2201029784398896E-02
   3.3671171171171167E+01   7.9562303064810225E-01   4.9611741417577689E-02
   3.3746246246246244E+01   8.0441399566696570E-01   4.6796455933553437E-02
   3.3821321321321321E+01   8.1144353599074726E-01   4.3622176039632608E-02
   3.3896396396396391E+01   8.1668585820142325E-01   4.0018249624319956E-02
   3.3971471471471467E+01   8.2026902992034012E-01   3.5993922251558334E-02
   3.4046546546546544E+01   8.2245717100561300E-01   3.1643688853161656E-02
   3.4121621621621621E+01   8.2359645253396230E-01   2.7143989638081376E-02
   3.4196696696696698E+01   8.2406151802813810E-01   2.2737318702736944E-02
   3.4271771771771775E+01   8.2422825807615263E-01   1.8695003219860874E-02
   3.4346846846846844E+01   8.2446483226133926E-01   1.5256296471299002E-02
   3.4421921921921921E+01   8.2510722183863705E-01   1.2558262363028774E-02
   3.4496996996996998E+01   8.2639459452599506E-01   1.0586635872056062E-02
   3.4572072072072068E+01   8.2838067686399852E-01   9.1772904958469133E-03
   3.4647147147147145E+01   8.3087561485057038E-01   8.0751314672711273E-03
   3.4722222222222221E+01   8.3346850190808663E-01   7.0246542416259909E-03
   3.4797297297297291E+01   8.3562994851289618E-01   5.8486690620859942E-03
   3.4872372372372375E+01   8.3684091685128692E-01   4.4831044622442541E-03
   3.4947447447447452E+01   8.3668819885624657E-01   2.9652929219917750E-03
   3.5022522522522522E+01   8.3490986459761984E-01   1.3959887504788693E-03
   3.5097597597597598E+01   8.3141820751905882E-01  -1.0263431553334493E-04
   3.5172672672672675E+01   8.2632836141335742E-01  -1.4234326119298218E-03
   3.5247747747747745E+01   8.1998156845845205E-01  -2.5063598955059403E-03
   3.5322822822822822E+01   8.1291926946491533E-01  -3.3656901467258426E-03
   3.5397897897897899E+01   8.0577810041285292E-01  -4.1022564609851766E-03
   3.5472972972972968E+01   7.9912952512404478E-01  -4.8865748468277688E-03
   3.5548048048048045E+01   7.9333334333574190E-01  -5.9094300774381560E-03
   3.5623123123123122E+01   7.8847008342070590E-01  -7.3158960525015792E-03
   3.5698198198198199E+01   7.8436803930851562E-01  -9.1502144195052468E-03
   3.5773273273273276E+01   7.8069032791407400E-01  -1.1332116507051843E-02
   3.5848348348348352E+01   7.7703415052448965E-01  -1.3667056259772600E-02
   3.5923423423423422E+01   7.7301712855955462E-01  -1.5879507560757095E-02
   3.5998498498498499E+01   7.6835161457754531E-01  -1.7658179666488874E-02
   3.6073573573573576E+01   7.6290928202288977E-01  -1.8708891396233655E-02
   3.6148648648648646E+01   7.5675794879762237E-01  -1.8813291040039780E-02
   3.6223723723723722E+01   7.5013957229991635E-01  -1.7884210142849844E-02
   3.6298798798798799E+01   7.4337863742526400E-01  -1.5997525674126965E-02
   3.6373873873873869E+01   7.3675783201743494E-01  -1.3379483719059044E-02
   3.6448948948948946E+01   7.3043347375513512E-01  -1.0345797205745175E-02
   3.6524024024024023E+01   7.2444670130533362E-01  -7.2159553158692913E-03
   3.6599099099099099E+01   7.1882040079118592E-01  -4.2410557721500632E-03
   3.6674174174174176E+01   7.1366769932526408E-01  -1.5717845589949446E-03
   3.6749249249249253E+01   7.0923087364823978E-01   7.3488095910663356E-04
   3.6824324324324323E+01   7.0582564577622697E-01   2.6910509209505610E-03
   3.6899399399399400E+01   7.0373655507437594E-01   4.3521398729663404E-03
   3.6974474474474476E+01   7.0313630377075975E-01   5.7881462032359334E-03
   3.7049549549549546E+01   7.0406813642545785E-01   7.0408798110310061E-03
   3.7124624624624623E+01   7.0647160429985179E-01   8.0709259256182327E-03
   3.7199699699699700E+01   7.1020555402903729E-01   8.7256101390975095E-03
   3.7274774774774770E+01   7.1505264030437266E-01   8.7678968388081591E-03
   3.7349849849849846E+01   7.2073993926259761E-01   7.9758405292854485E-03
   3.7424924924924923E+01   7.2701329242872914E-01   6.2706222581895548E-03
   3.7500000000000000E+01   7.3374072713406902E-01   3.8030964797576179E-03
   3.7575075075075077E+01   7.4095783064491627E-01   9.5088741731462066E-04
   3.7650150150150154E+01   7.4878355901083238E-01  -1.7685014058606415E-03
   3.7725225225225223E+01   7.5722860228094657E-01  -3.8206883580417465E-03
   3.7800300300300300E+01   7.6601231666405611E-01  -4.7613974386811536E-03
   3.7875375375375377E+01   7.7451857017132375E-01  -4.3047334166990943E-03
   3.7950450450450447E+01   7.8193762621983764E-01  -2.3637666636533885E-03
   3.8025525525525524E+01   7.8751764412153735E-01   9.1877728254133924E-04
   3.8100600600600600E+01   7.9078223956259985E-01   5.1565516753610966E-03
   3.8175675675675670E+01   7.9161940492721994E-01   9.7556886660612775E-03
   3.8250750750750747E+01   7.9026437252455051E-01   1.4026000986455844E-02
   3.8325825825825824E+01   7.8725751608527128E-01   1.7345213681239743E-02
   3.8400900900900901E+01   7.8339540057424917E-01   1.9309449226759128E-02
   3.8475975975975977E+01   7.7960677370305909E-01   1.9806583838108117E-02
   3.8551051051051054E+01   7.7671412813552365E-01   1.8997562545350569E-02
   3.8626126126126124E+01   7.7516892365616696E-01   1.7238201766369185E-02
   3.8701201201201201E+01   7.7492154567431504E-01   1.4985375381723415E-02
   3.8776276276276278E+01   7.7551445618996939E-01   1.2712557392840872E-02
   3.8851351351351347E+01   7.7633592526651685E-01   1.0838940171136813E-02
   3.8926426426426424E+01   7.7687424022547635E-01   9.6723617092233250E-03
   3.9001501501501501E+01   7.7683592905519883E-01   9.3743683139030903E-03
   3.9076576576576571E+01   7.7610094802987939E-01   9.9592419080103134E-03
   3.9151651651651648E+01   7.7459285378351472E-01   1.1328114451624512E-02
   3.9226726726726724E+01   7.7217282480193128E-01   1.3321012618689954E-02
   3.9301801801801801E+01   7.6862002205650037E-01   1.5760153048346170E-02
   3.9376876876876878E+01   7.6368966463216348E-01   1.8466641782483608E-02
   3.9451951951951955E+01   7.5719952062363238E-01   2.1252877262183646E-02
   3.9527027027027025E+01   7.4910080115561506E-01   2.3908351358635688E-02
   3.9602102102102101E+01   7.3951762576831248E-01   2.6197416095217970E-02
   3.9677177177177178E+01   7.2875919773203102E-01   2.7876744211410006E-02
   3.9752252252252248E+01   7.1730862118926553E-01   2.8727521070015985E-02
   3.9827327327327325E+01   7.0578333630752077E-01   2.8590834395055921E-02
   3.9902402402402402E+01   6.9486222677733134E-01   2.7395587083285971E-02
   3.9977477477477471E+01   6.8518786019565325E-01   2.5172830466537462E-02
   4.0052552552552548E+01   6.7726705792307551E-01   2.2054857671547887E-02
   4.0127627627627625E+01   6.7139549955641542E-01   1.8260561544486267E-02
   4.0202702702702702E+01   6.6762119572301371E-01   1.4070837807864408E-02
   4.0277777777777779E+01   6.6574766638826854E-01   9.7989486612806362E-03
   4.0352852852852855E+01   6.6537041649724193E-01   5.7598871079788689E-03
   4.0427927927927925E+01   6.6594037151432295E-01   2.2401621890817277E-03
   4.0503003003003002E+01   6.6684819473503254E-01  -5.3283817531905853E-04
   4.0578078078078079E+01   6.6751793352085953E-01  -2.4222325452086060E-03
   4.0653153153153148E+01   6.6748971767032628E-01  -3.4102958256747385E-03
   4.0728228228228225E+01   6.6646885740399098E-01  -3.6160886405865768E-03
   4.0803303303303302E+01   6.6433006154526120E-01  -3.2919802840457703E-03
   4.0878378378378372E+01   6.6108651257071971E-01  -2.7932770527536129E-03
   4.0953453453453449E+01   6.5684928894108940E-01  -2.5248875534233991E-03
   4.1028528528528533E+01   6.5180020222809931E-01  -2.8787106907690774E-03
   4.1103603603603602E+01   6.4618289363070924E-01  -4.1784314549110687E-03
   4.1178678678678679E+01   6.4029926812176352E-01  -6.6424142069498194E-03
   4.1253753753753756E+01   6.3449523163675015E-01  -1.0365232534657345E-02
   4.1328828828828826E+01   6.2913046140391549E-01  -1.5311729925567133E-02
   4.1403903903903903E+01   6.2453932135814527E-01  -2.1318168460117765E-02
   4.1478978978978979E+01   6.2099387562919928E-01  -2.8100451875274855E-02
   4.1554054054054049E+01   6.1867542901439221E-01  -3.5273803001741613E-02
   4.1629129129129126E+01   6.1765528915972612E-01  -4.2387522210009410E-02
   4.1704204204204203E+01   6.1788409650949738E-01  -4.8972904692387235E-02
   4.1779279279279280E+01   6.1919154141676647E-01  -5.4596046843703151E-02
   4.1854354354354356E+01   6.2130003138563339E-01  -5.8904550720351501E-02
   4.1929429429429433E+01   6.2385344559136169E-01  -6.1659684998472949E-02
   4.2004504504504503E+01   6.2645623775667503E-01  -6.2751271902488873E-02
   4.2079579579579580E+01   6.2871292777511156E-01  -6.2197557759138038E-02
   4.2154654654654657E+01   6.3025768139416527E-01  -6.0134167682237137E-02
   4.2229729729729726E+01   6.3076918363486867E-01  -5.6795556647908335E-02
   4.2304804804804803E+01   6.2997393286292180E-01  -5.2491443393958469E-02
   4.2379879879879880E+01   6.2764595131957579E-01  -4.7580906332214810E-02
   4.2454954954954950E+01   6.2360970390406889E-01  -4.2447397873508423E-02
   4.2530030030030026E+01   6.1774783565316660E-01  -3.7477340436851400E-02
   4.2605105105105103E+01   6.1001131843356304E-01  -3.3042897384023918E-02
   4.2680180180180180E+01   6.0042984953523382E-01  -2.9487425000241412E-02
   4.2755255255255257E+01   5.8912307693198362E-01  -2.7111695412940905E-02
   4.2830330330330334E+01   5.7631405658574786E-01  -2.6160342463848879E-02
   4.2905405405405403E+01   5.6234316163374709E-01  -2.6809524817035937E-02
   4.2980480480480480E+01   5.4767579377180342E-01  -2.9156811910227648E-02
   4.3055555555555557E+01   5.3289499052020051E-01  -3.3212597243110265E-02
   4.3130630630630627E+01   5.1867250977675250E-01  -3.8890510421527080E-02
   4.3205705705705704E+01   5.0571763912088374E-01  -4.5994531766069581E-02
   4.3280780780780781E+01   4.9470862852784953E-01  -5.4204075200299899E-02
   4.3355855855855850E+01   4.8621548381461471E-01  -6.3064294419562933E-02
   4.3430930930930927E+01   4.8062533417679648E-01  -7.1993750848429017E-02
   4.3506006006006004E+01   4.7808349913130010E-01  -8.0320477308501295E-02
   4.3581081081081081E+01   4.7846361226927681E-01  -8.7347926639051512E-02
   4.3656156156156158E+01   4.8137612199030694E-01  -9.2438263477943303E-02
   4.3731231231231234E+01   4.8621543152220581E-01  -9.5091135070007216E-02
   4.3806306306306304E+01   4.9223527456881006E-01  -9.4998227245228606E-02
   4.3881381381381381E+01   4.9863509029104153E-01  -9.2065477216188588E-02
   4.3956456456456458E+01   5.0464003854605533E-01  -8.6407275631403754E-02
   4.4031531531531527E+01   5.0956232220130160E-01  -7.8323395779571189E-02
   4.4106606606606604E+01   5.1283814656873783E-01  -6.8268607309087861E-02
   4.4181681681681681E+01   5.1404097801632109E-01  -5.6819993824475397E-02
   4.4256756756756751E+01   5.1287790766805896E-01  -4.4641892825036077E-02
   4.4331831831831828E+01   5.0918143944924221E-01  -3.2446207829549122E-02
   4.4406906906906904E+01   5.0291067916321974E-01  -2.0947606147855069E-02
   4.4481981981981981E+01   4.9416995036261668E-01  -1.0816885328310693E-02
   4.4557057057057058E+01   4.8324023824259860E-01  -2.6377641505942592E-03
   4.4632132132132135E+01   4.7060671078580441E-01   3.1298980186906687E-03
   4.4707207207207205E+01   4.5696178693452394E-01   6.1823451004613160E-03
   4.4782282282282281E+01   4.4316965436598493E-01   6.4043128872866076E-03
   4.4857357357357358E+01   4.3019008744277359E-01   3.9026294248409132E-03
   4.4932432432432428E+01   4.1897120158030576E-01  -9.6818816696958576E-04
   4.5007507507507505E+01   4.1033004493185721E-01  -7.6088048713314812E-03
   4.5082582582582582E+01   4.0484608927456284E-01  -1.5228458708760419E-02
   4.5157657657657651E+01   4.0279308094082772E-01  -2.2954235507454786E-02
   4.5232732732732728E+01   4.0412552983866135E-01  -2.9971585352604788E-02
   4.5307807807807805E+01   4.0851871429761250E-01  -3.5649358915782872E-02
   4.5382882882882882E+01   4.1544465929195473E-01  -3.9608160360080892E-02
   4.5457957957957959E+01   4.2426058723320581E-01  -4.1720300863314401E-02
   4.5533033033033036E+01   4.3429142409701849E-01  -4.2059858448060240E-02
   4.5608108108108105E+01   4.4489688695400431E-01  -4.0833721189541108E-02
   4.5683183183183182E+01   4.5552008071297456E-01  -3.8318613960639014E-02
   4.5758258258258259E+01   4.6571743497496187E-01  -3.4815665947756681E-02
   4.5833333333333329E+01   4.7517143619089053E-01  -3.0622742028502899E-02
   4.5908408408408405E+01   4.8368943832595207E-01  -2.6019295987406734E-02
   4.5983483483483482E+01   4.9119333396490050E-01  -2.1258098287594646E-02
   4.6058558558558552E+01   4.9770477307650501E-01  -1.6560264467600876E-02
   4.6133633633633629E+01   5.0332869272973957E-01  -1.2112156331780874E-02
   4.6208708708708706E+01   5.0823549192477524E-01  -8.0636763932458496E-03
   4.6283783783783782E+01   5.1264108834300270E-01  -4.5273022495733685E-03
   4.6358858858858859E+01   5.1678507584868916E-01  -1.5768643505452765E-03
   4.6433933933933936E+01   5.2090925123907328E-01   7.5452308168640981E-04
   4.6509009009009006E+01   5.2523999109091934E-01   2.4767020281943925E-03
   4.6584084084084083E+01   5.2997712479208015E-01   3.6428675477027427E-03
   4.6659159159159159E+01   5.3528946957582402E-01   4.3457440220482256E-03
   4.6734234234234229E+01   5.4131465323223305E-01   4.7082413488476168E-03
   4.6809309309309306E+01   5.4815977575525376E-01   4.8693316585690866E-03
   4.6884384384384383E+01   5.5590032069291873E-01   4.9678019568269796E-03
   4.6959459459459453E+01   5.6457680754883866E-01   5.1273464593444094E-03
   4.7034534534534529E+01   5.7419068630064762E-01   5.4458454747474015E-03
   4.7109609609609606E+01   5.8470183351580673E-01   5.9900780426419909E-03
   4.7184684684684683E+01   5.9602938936399197E-01   6.7954075005146912E-03
   4.7259759759759760E+01   6.0805610426054191E-01   7.8689445411866364E-03
   4.7334834834834837E+01   6.2063488182748261E-01   9.1946027137374126E-03
   4.7409909909909906E+01   6.3359573131183411E-01   1.0739004493950184E-02
   4.7484984984984983E+01   6.4675210588145426E-01   1.2457772751346742E-02
   4.7560060060060060E+01   6.5990699503076078E-01   1.4301908753756606E-02
   4.7635135135135130E+01   6.7286012294047215E-01   1.6223698285466739E-02
   4.7710210210210207E+01   6.8541741574233372E-01   1.8181252847380720E-02
   4.7785285285285283E+01   6.9740256109044119E-01   2.0140793137712675E-02
   4.7860360360360353E+01   7.0866878360793162E-01   2.2076280928930464E-02
   4.7935435435435437E+01   7.1910794767066499E-01   2.3966822590636844E-02
   4.8010510510510514E+01   7.2865443805683272E-01   2.5793012811849102E-02
   4.8085585585585591E+01   7.3728286516083597E-01   2.7533699549107400E-02
   4.8160660660660660E+01   7.4500072247686155E-01   2.9164385985982904E-02
   4.8235735735735737E+01   7.5183868011100841E-01   3.0657768767723661E-02
   4.8310810810810814E+01   7.5784152316676867E-01   3.1986067108329713E-02
   4.8385885885885884E+01   7.6306179141977770E-01   3.3124186321766919E-02
   4.8460960960960961E+01   7.6755654612472213E-01   3.4052610770457924E-02
   4.8536036036036037E+01   7.7138625852652398E-01   3.4759228459786323E-02
   4.8611111111111107E+01   7.7461423776875959E-01   3.5239833809187625E-02
   4.8686186186186184E+01   7.7730539452108238E-01   3.5497541844499457E-02
   4.8761261261261261E+01   7.7952403935979353E-01   3.5541569842031231E-02
   4.8836336336336338E+01   7.8133120345582163E-01   3.5385777964301666E-02
   4.8911411411411414E+01   7.8278219874472255E-01   3.5047147480860873E-02
   4.8986486486486491E+01   7.8392478431207901E-01   3.4544205747320540E-02
   4.9061561561561561E+01   7.8479772616728161E-01   3.3895402944543296E-02
   4.9136636636636638E+01   7.8542918740198953E-01   3.3117592524846869E-02
   4.9211711711711715E+01   7.8583453483110088E-01   3.2224938553567901E-02
   4.9286786786786784E+01   7.8601372515867318E-01   3.1228618341351239E-02
   4.9361861861861861E+01   7.8594908818680398E-01   3.0137531516101164E-02
   4.9436936936936938E+01   7.8560464819962839E-01   2.8959913109941081E-02
   4.9512012012012008E+01   7.8492789143999775E-01   2.7705421555072773E-02
   4.9587087087087085E+01   7.8385417718172912E-01   2.6387091502854957E-02
   4.9662162162162161E+01   7.8231313270741776E-01   2.5022592539318433E-02
   4.9737237237237238E+01   7.8023576144878970E-01   2.3634489105604225E-02
   4.9812312312312315E+01   7.7756087858861422E-01   2.2249532756582126E-02
   4.9887387387387392E+01   7.7423986749570683E-01   2.0897290556795227E-02
   4.9962462462462462E+01   7.7023940164260463E-01   1.9608526018868633E-02
   5.0037537537537538E+01   7.6554239357012432E-01   1.8413688412356435E-02
   5.0112612612612615E+01   7.6014777663293676E-01   1.7341693649113313E-02
   5.0187687687687685E+01   7.5406972075767353E-01   1.6418990452659429E-02
   5.0262762762762762E+01   7.4733662019785851E-01   1.5668782206116148E-02
   5.0337837837837839E+01   7.3998985428583186E-01   1.5110257236035233E-02
   5.0412912912912908E+01   7.3208209283310166E-01   1.4757756680372042E-02
   5.0487987987987985E+01   7.2367489565849275E-01   1.4619930707814839E-02
   5.0563063063063062E+01   7.1483552997202970E-01   1.4699040348958812E-02
   5.0638138138138139E+01   7.0563320228457649E-01   1.4990606976395780E-02
   5.0713213213213216E+01   6.9613514389974940E-01   1.5483577614527826E-02
   5.0788288288288292E+01   6.8640309907747998E-01   1.6161077005638149E-02
   5.0863363363363362E+01   6.7649070621485285E-01   1.7001694242858571E-02
   5.0938438438438439E+01   6.6644206874029288E-01   1.7981145575817304E-02
   5.1013513513513516E+01   6.5629156321724758E-01   1.9074096718523541E-02
   5.1088588588588586E+01   6.4606471290500622E-01   2.0255926847188434E-02
   5.1163663663663662E+01   6.3577982279473610E-01   2.1504260231821726E-02
   5.1238738738738739E+01   6.2545003989971026E-01   2.2800155655155908E-02
   5.1313813813813809E+01   6.1508554550038419E-01   2.4128904270394803E-02
   5.1388888888888886E+01   6.0469566195229729E-01   2.5480428861276973E-02
   5.1463963963963963E+01   5.9429072794641191E-01   2.6849299566476144E-02
   5.1539039039039039E+01   5.8388364293554496E-01   2.8234390062065566E-02
   5.1614114114114116E+01   5.7349100313055990E-01   2.9638203963607765E-02
   5.1689189189189193E+01   5.6313375950706879E-01   3.1065911578460711E-02
   5.1764264264264263E+01   5.5283733714427008E-01   3.2524155291646296E-02
   5.1839339339339340E+01   5.4263117599420996E-01   3.4019706655074304E-02
   5.1914414414414416E+01   5.3254769107978650E-01   3.5558085551290267E-02
   5.1989489489489493E+01   5.2262070482551559E-01   3.7142275685866595E-02
   5.2064564564564563E+01   5.1288347066054429E-01   3.8771684013459415E-02
   5.2139639639639647E+01   5.0336647562974013E-01   4.0441486978664509E-02
   5.2214714714714717E+01   4.9409526677991705E-01   4.2142477376500037E-02
   5.2289789789789786E+01   4.8508857548202555E-01   4.3861469971934859E-02
   5.2364864864864870E+01   4.7635700126900643E-01   4.5582246451789536E-02
   5.2439939939939940E+01   4.6790245519189178E-01   4.7286933667186545E-02
   5.2515015015015017E+01   4.5971845719822091E-01   4.8957632529858165E-02
   5.2590090090090101E+01   4.5179125106804147E-01   5.0578068329017609E-02
   5.2665165165165170E+01   4.4410157207703638E-01   5.2135030562268717E-02
   5.2740240240240240E+01   4.3662680645041069E-01   5.3619413879921050E-02
   5.2815315315315324E+01   4.2934323965822468E-01   5.5026750473522110E-02
   5.2890390390390394E+01   4.2222810967959190E-01   5.6357217473968893E-02
   5.2965465465465464E+01   4.1526125183581203E-01   5.7615187147838531E-02
   5.3040540540540547E+01   4.0842622111517851E-01   5.8808444154407787E-02
   5.3115615615615617E+01   4.0171087846579207E-01   5.9947214165392948E-02
   5.3190690690690687E+01   3.9510750532514982E-01   6.1043134539556183E-02
   5.3265765765765771E+01   3.8861255197319838E-01   6.2108262374711995E-02
   5.3340840840840848E+01   3.8222612943018597E-01   6.3154174259997975E-02
   5.3415915915915917E+01   3.7595133224994781E-01   6.4191180204801870E-02
   5.3490990990991001E+01   3.6979344774175610E-01   6.5227660354389164E-02
   5.3566066066066071E+01   3.6375908279383229E-01   6.6269537715118315E-02
   5.3641141141141141E+01   3.5785523343933445E-01   6.7319915839441746E-02
   5.3716216216216225E+01   3.5208833606164402E-01   6.8378925134624360E-02
   5.3791291291291294E+01   3.4646336485104423E-01   6.9443823015087752E-02
   5.3866366366366364E+01   3.4098306411758239E-01   7.0509374191522992E-02
   5.3941441441441448E+01   3.3564741227654898E-01   7.1568498699547622E-02
   5.4016516516516518E+01   3.3045339785722383E-01   7.2613125919474372E-02
   5.4091591591591595E+01   3.2539514660752306E-01   7.3635147448248922E-02
   5.4166666666666671E+01   3.2046438164656293E-01   7.4627335235510961E-02
   5.4241741741741748E+01   3.1565114070943473E-01   7.5584093696322754E-02
   5.4316816816816818E+01   3.1094463176478970E-01   7.6501946490870304E-02
   5.4391891891891902E+01   3.0633409206715656E-01   7.7379711961677672E-02
   5.4466966966966972E+01   3.0180952929231486E-01   7.8218381191357711E-02
   5.4542042042042041E+01   2.9736226128338755E-01   7.9020763401847063E-02
   5.4617117117117125E+01   2.9298522115209635E-01   7.9790992946277339E-02
   5.4692192192192195E+01   2.8867304283851292E-01   8.0533995675258319E-02
   5.4767267267267265E+01   2.8442197678956455E-01   8.1254993170448458E-02
   5.4842342342342349E+01   2.8022969977934276E-01   8.1959090530333803E-02
   5.4917417417417418E+01   2.7609507744428252E-01   8.2650958992937631E-02
   5.4992492492492495E+01   2.7201791900584388E-01   8.3334599320627520E-02
   5.5067567567567572E+01   2.6799874018966724E-01   8.4013161751766541E-02
   5.5142642642642649E+01   2.6403853161234492E-01   8.4688803717461167E-02
   5.5217717717717719E+01   2.6013852189159253E-01   8.5362582274793597E-02
   5.5292792792792802E+01   2.5629992874902185E-01   8.6034395935152913E-02
   5.5367867867867872E+01   2.5252370411741393E-01   8.6703001758654627E-02
   5.5442942942942942E+01   2.4881029442066974E-01   8.7366132585417658E-02
   5.5518018018018026E+01   2.4515944788696342E-01   8.8020725155475904E-02
   5.5593093093093096E+01   2.4157010199416090E-01   8.8663246645197147E-02
   5.5668168168168165E+01   2.3804037447121948E-01   8.9290082288737027E-02
   5.5743243243243249E+01   2.3456766310370855E-01   8.9897928547635050E-02
   5.5818318318318319E+01   2.3114883822087495E-01   9.0484130990889089E-02
   5.5893393393393396E+01   2.2778049347797974E-01   9.1046915779489299E-02
   5.5968468468468473E+01   2.2445921058216298E-01   9.1585485808192618E-02
   5.6043543543543549E+01   2.2118179442310926E-01   9.2099980814062801E-02
   5.6118618618618619E+01   2.1794544582936226E-01   9.2591327245596877E-02
   5.6193693693693703E+01   2.1474785623851714E-01   9.3061021519150883E-02
   5.6268768768768773E+01   2.1158722683873873E-01   9.3510895601729691E-02
   5.6343843843843842E+01   2.0846222929990799E-01   9.3942906700043613E-02
   5.6418918918918926E+01   2.0537193278055782E-01   9.4358976801600936E-02
   5.6493993993993996E+01   2.0231572159693070E-01   9.4760888641538643E-02
   5.6569069069069066E+01   1.9929322127952104E-01   9.5150228317508551E-02
   5.6644144144144150E+01   1.9630424086497603E-01   9.5528355615333946E-02
   5.6719219219219219E+01   1.9334872980661408E-01   9.5896382758926133E-02
   5.6794294294294296E+01   1.9042674178150176E-01   9.6255149406044682E-02
   5.6869369369369373E+01   1.8753839636641298E-01   9.6605192670946707E-02
   5.6944444444444450E+01   1.8468383272152766E-01   9.6946721267311492E-02
   5.7019519519519520E+01   1.8186315528293867E-01   9.7279608666404963E-02
   5.7094594594594604E+01   1.7907637753617581E-01   9.7603419431314856E-02
   5.7169669669669673E+01   1.7632337390829933E-01   9.7917475960297207E-02
   5.7244744744744743E+01   1.7360385027017405E-01   9.8220962195861350E-02
   5.7319819819819827E+01   1.7091734036165177E-01   9.8513050060120871E-02
   5.7394894894894897E+01   1.6826322973362862E-01   9.8793027032584427E-02
   5.7469969969969966E+01   1.6564080240140946E-01   9.9060401757006339E-02
   5.7545045045045050E+01   1.6304930029647244E-01   9.9314969307231840E-02
   5.7620120120120120E+01   1.6048798324555760E-01   9.9556827262180167E-02
   5.7695195195195197E+01   1.5795617812644144E-01   9.9786345159769030E-02
   5.7770270270270274E+01   1.5545330956507483E-01   1.0000409992732423E-01
   5.7845345345345351E+01   1.5297890978793238E-01   1.0021079584250771E-01
   5.7920420420420434E+01   1.5053261043738889E-01   1.0040718815822641E-01
   5.7995495495495504E+01   1.4811412288373113E-01   1.0059402507824060E-01
   5.8070570570570574E+01   1.4572321498640464E-01   1.0077201506687126E-01
   5.8145645645645658E+01   1.4335969128894821E-01   1.0094181806123036E-01
   5.8220720720720728E+01   1.4102338089293212E-01   1.0110405252757949E-01
   5.8295795795795797E+01   1.3871413379636965E-01   1.0125930718240281E-01
   5.8370870870870881E+01   1.3643182342439894E-01   1.0140814708028621E-01
   5.8445945945945951E+01   1.3417635127870708E-01   1.0155110789672535E-01
   5.8521021021021021E+01   1.3194764945196519E-01   1.0168867793958548E-01
   5.8596096096096105E+01   1.2974567802153947E-01   1.0182127272642864E-01
   5.8671171171171181E+01   1.2757041646144640E-01   1.0194921020115648E-01
   5.8746246246246251E+01   1.2542185041330012E-01   1.0207269496343317E-01
   5.8821321321321335E+01   1.2329995672763124E-01   1.0219181737124571E-01
   5.8896396396396405E+01   1.2120469019683042E-01   1.0230656904312166E-01
   5.8971471471471475E+01   1.1913597479808011E-01   1.0241687161638315E-01
   5.9046546546546558E+01   1.1709370084721159E-01   1.0252261209219267E-01
   5.9121621621621628E+01   1.1507772775109079E-01   1.0262367673791532E-01
   5.9196696696696698E+01   1.1308789059259827E-01   1.0271997660414414E-01
   5.9271771771771782E+01   1.1112400800765432E-01   1.0281146075720254E-01
   5.9346846846846852E+01   1.0918588888654510E-01   1.0289811727207226E-01
   5.9421921921921928E+01   1.0727333624482417E-01   1.0297996561683716E-01
   5.9496996996997005E+01   1.0538614784027903E-01   1.0305704622366521E-01
   5.9572072072072082E+01   1.0352411434425608E-01   1.0312941322152494E-01
   5.9647147147147152E+01   1.0168701673043200E-01   1.0319713457608469E-01
   5.9722222222222236E+01   9.9874624793061223E-02   1.0326030088450368E-01
   5.9797297297297305E+01   9.8086698323059718E-02   1.0331904078524549E-01
   5.9872372372372375E+01   9.6322991616797707E-02   1.0337353836671360E-01
   5.9947447447447459E+01   9.4583260954819962E-02   1.0342404682157152E-01
   6.0022522522522529E+01   9.2867273778810572E-02   1.0347089315944584E-01
   6.0097597597597598E+01   9.1174817762307819E-02   1.0351447081707824E-01
   6.0172672672672682E+01   8.9505707932046055E-02   1.0355521985378352E-01
   6.0247747747747752E+01   8.7859790421977932E-02   1.0359359727177704E-01
   6.0322822822822829E+01   8.6236942177384493E-02   1.0363004210239758E-01
   6.0397897897897906E+01   8.4637066752474288E-02   1.0366494076965506E-01
   6.0472972972972983E+01   8.3060087044773523E-02   1.0369859778277582E-01
   6.0548048048048052E+01   8.1505936229134449E-02   1.0373121529218442E-01
   6.0623123123123136E+01   7.9974548235774559E-02   1.0376288299839180E-01
   6.0698198198198206E+01   7.8465848902186580E-02   1.0379357793985450E-01
   6.0773273273273276E+01   7.6979748533259743E-02   1.0382317230969641E-01
   6.0848348348348360E+01   7.5516136172782411E-02   1.0385144692802775E-01
   6.0923423423423429E+01   7.4074875551349631E-02   1.0387810829938367E-01
   6.0998498498498499E+01   7.2655802507386694E-02   1.0390280803141171E-01
   6.1073573573573583E+01   7.1258723688557485E-02   1.0392516435524179E-01
   6.1148648648648653E+01   6.9883416478004015E-02   1.0394478614517080E-01
   6.1223723723723730E+01   6.8529630264141217E-02   1.0396129989600926E-01
   6.1298798798798806E+01   6.7197089289925002E-02   1.0397437951109205E-01
   6.1373873873873883E+01   6.5885497309363952E-02   1.0398377764597617E-01
   6.1448948948948953E+01   6.4594544123224379E-02   1.0398935608114190E-01
   6.1524024024024037E+01   6.3323913790381547E-02   1.0399111157023100E-01
   6.1599099099099107E+01   6.2073293983643460E-02   1.0398919318502729E-01
   6.1674174174174176E+01   6.0842385665003849E-02   1.0398390755783005E-01
   6.1749249249249260E+01   5.9630912074169540E-02   1.0397570960248459E-01
   6.1824324324324330E+01   5.8438626006882474E-02   1.0396517807178968E-01
   6.1899399399399400E+01   5.7265314516836544E-02   1.0395297733368558E-01
   6.1974474474474484E+01   5.6110800477045565E-02   1.0393980862436730E-01
   6.2049549549549553E+01   5.4974940822889354E-02   1.0392635541656182E-01
   6.2124624624624630E+01   5.3857621695649643E-02   1.0391322820822640E-01
   6.2199699699699707E+01   5.2758751043087380E-02   1.0390091394283682E-01
   6.2274774774774784E+01   5.1678249463801632E-02   1.0388973453144602E-01
   6.2349849849849853E+01   5.0616040184967820E-02   1.0387981778721346E-01
   6.2424924924924937E+01   4.9572039047654740E-02   1.0387108277512985E-01
   6.2500000000000007E+01   4.8546145271035797E-02   1.0386324035914436E-01
   6.2575075075075077E+01   4.7538233616956187E-02   1.0385580874007863E-01
   6.2650150150150161E+01   4.6548148417202319E-02   1.0384814304905270E-01
   6.2725225225225230E+01   4.5575699782460066E-02   1.0383947751859872E-01
   6.2800300300300300E+01   4.4620662192287608E-02   1.0382897826564005E-01
   6.2875375375375384E+01   4.3682775561688821E-02   1.0381580415935106E-01
   6.2950450450450454E+01   4.2761748775116584E-02   1.0379917254637357E-01
   6.3025525525525531E+01   4.1857265555675177E-02   1.0377842579825103E-01
   6.3100600600600607E+01   4.0968992386896469E-02   1.0375309386581665E-01
   6.3175675675675684E+01   4.0096588031310630E-02   1.0372294747977315E-01
   6.3250750750750754E+01   3.9239714013210372E-02   1.0368803654991972E-01
   6.3325825825825838E+01   3.8398045282149448E-02   1.0364870886350949E-01
   6.3400900900900908E+01   3.7571280181663391E-02   1.0360560543789449E-01
   6.3475975975975977E+01   3.6759148841740495E-02   1.0355963078026426E-01
   6.3551051051051061E+01   3.5961419207917310E-02   1.0351189865056699E-01
   6.3626126126126131E+01   3.5177900111278762E-02   1.0346365641673155E-01
   6.3701201201201201E+01   3.4408441051285259E-02   1.0341619339793555E-01
   6.3776276276276285E+01   3.3652928672976881E-02   1.0337074040199942E-01
   6.3851351351351354E+01   3.2911280231009643E-02   1.0332836875143037E-01
   6.3926426426426431E+01   3.2183434606151813E-02   1.0328989735325080E-01
   6.4001501501501508E+01   3.1469341645095711E-02   1.0325581582039198E-01
   6.4076576576576585E+01   3.0768950714718159E-02   1.0322623042040303E-01
   6.4151651651651648E+01   3.0082199394464517E-02   1.0320083789518170E-01
   6.4226726726726739E+01   2.9409003184444053E-02   1.0317893016085618E-01
   6.4301801801801801E+01   2.8749246998519325E-02   1.0315943072993905E-01
   6.4376876876876878E+01   2.8102779059666145E-02   1.0314096151937806E-01
   6.4451951951951969E+01   2.7469407635371108E-02   1.0312193659219875E-01
   6.4527027027027032E+01   2.6848900855402993E-02   1.0310067737662817E-01
   6.4602102102102108E+01   2.6240989650025061E-02   1.0307554207214190E-01
   6.4677177177177185E+01   2.5645373638298566E-02   1.0304506038138513E-01
   6.4752252252252262E+01   2.5061729589010300E-02   1.0300806354512489E-01
   6.4827327327327325E+01   2.4489721879945917E-02   1.0296379908886388E-01
   6.4902402402402416E+01   2.3929014208551615E-02   1.0291201990482193E-01
   6.4977477477477478E+01   2.3379281676353943E-02   1.0285303843868021E-01
   6.5052552552552555E+01   2.2840222299821616E-02   1.0278773888008379E-01
   6.5127627627627632E+01   2.2311567007610798E-02   1.0271754329236717E-01
   6.5202702702702709E+01   2.1793087276918175E-02   1.0264433134235888E-01
   6.5277777777777786E+01   2.1284599738094004E-02   1.0257031736555833E-01
   6.5352852852852862E+01   2.0785967323245249E-02   1.0249789251006998E-01
   6.5427927927927939E+01   2.0297096827587697E-02   1.0242944321509577E-01
   6.5503003003003002E+01   1.9817933061344953E-02   1.0236715991676018E-01
   6.5578078078078093E+01   1.9348450062612498E-02   1.0231285135685111E-01
   6.5653153153153156E+01   1.8888640088345097E-02   1.0226778005083234E-01
   6.5728228228228232E+01   1.8438501278979294E-02   1.0223253333831994E-01
   6.5803303303303309E+01   1.7998024988952234E-02   1.0220694210010267E-01
   6.5878378378378386E+01   1.7567183787022954E-02   1.0219005587879577E-01
   6.5953453453453463E+01   1.7145921061751161E-02   1.0218017904073538E-01
   6.6028528528528540E+01   1.6734143029748620E-02   1.0217496804993839E-01
   6.6103603603603617E+01   1.6331713751906129E-02   1.0217158518939055E-01
   6.6178678678678679E+01   1.5938453531599551E-02   1.0216689946632264E-01
   6.6253753753753770E+01   1.5554140814890528E-02   1.0215772128946664E-01
   6.6328828828828833E+01   1.5178517451730386E-02   1.0214105412519531E-01
   6.6403903903903910E+01   1.4811296924947455E-02   1.0211434403636321E-01
   6.6478978978978986E+01   1.4452174926508530E-02   1.0207570705938089E-01
   6.6554054054054063E+01   1.4100841474577649E-02   1.0202411498699079E-01
   6.6629129129129126E+01   1.3756993635954274E-02   1.0195952238722163E-01
   6.6704204204204217E+01   1.3420347859847822E-02   1.0188292154405294E-01
   6.6779279279279280E+01   1.3090650949352323E-02   1.0179631722594770E-01
   6.6854354354354356E+01   1.2767688798504156E-02   1.0170261938938661E-01
   6.6929429429429433E+01   1.2451292199551161E-02   1.0160545859653447E-01
   6.7004504504504510E+01   1.2141339263021340E-02   1.0150893549126898E-01
   6.7079579579579587E+01   1.1837754271440414E-02   1.0141732155312093E-01
   6.7154654654654664E+01   1.1540503080621052E-02   1.0133473300832686E-01
   6.7229729729729740E+01   1.1249585463389918E-02   1.0126480280037205E-01
   6.7304804804804803E+01   1.0965025034211264E-02   1.0121037662538092E-01
   6.7379879879879894E+01   1.0686857578701322E-02   1.0117325808812909E-01
   6.7454954954954957E+01   1.0415118725232136E-02   1.0115402505339285E-01
   6.7530030030030034E+01   1.0149831929754678E-02   1.0115193442377993E-01
   6.7605105105105110E+01   9.8909976999607737E-03   1.0116492617703918E-01
   6.7680180180180187E+01   9.6385848677285786E-03   1.0118972997857126E-01
   6.7755255255255264E+01   9.3925245414359215E-03   1.0122206959516306E-01
   6.7830330330330341E+01   9.1527071479508577E-03   1.0125695230589073E-01
   6.7905405405405418E+01   8.9189827261205428E-03   1.0128902321309531E-01
   6.7980480480480480E+01   8.6911643787827807E-03   1.0131295846715287E-01
   6.8055555555555571E+01   8.4690345481851451E-03   1.0132386752060134E-01
   6.8130630630630634E+01   8.2523535685997337E-03   1.0131767305468026E-01
   6.8205705705705711E+01   8.0408697859906588E-03   1.0129143839180663E-01
   6.8280780780780788E+01   7.8343304304279507E-03   1.0124361597995489E-01
   6.8355855855855864E+01   7.6324923904346077E-03   1.0117419660211170E-01
   6.8430930930930927E+01   7.4351320718350202E-03   1.0108474678292918E-01
   6.8506006006006018E+01   7.2420536230337236E-03   1.0097833072041372E-01
   6.8581081081081081E+01   7.0530949640993830E-03   1.0085932216106797E-01
   6.8656156156156158E+01   6.8681312535492350E-03   1.0073312016460571E-01
   6.8731231231231234E+01   6.6870756456930969E-03   1.0060578995672484E-01
   6.8806306306306311E+01   6.5098774125135189E-03   1.0048365547992677E-01
   6.8881381381381388E+01   6.3365177075236732E-03   1.0037287344163000E-01
   6.8956456456456465E+01   6.1670034175874437E-03   1.0027901944434461E-01
   6.9031531531531542E+01   6.0013596692659989E-03   1.0020671518131345E-01
   6.9106606606606604E+01   5.8396216212174088E-03   1.0015932189510636E-01
   6.9181681681681695E+01   5.6818261817409791E-03   1.0013871969270090E-01
   6.9256756756756758E+01   5.5280042446198621E-03   1.0014518538969683E-01
   6.9331831831831835E+01   5.3781739457128223E-03   1.0017737391535227E-01
   6.9406906906906912E+01   5.2323353195066541E-03   1.0023240059315278E-01
   6.9481981981981988E+01   5.0904665931236718E-03   1.0030601445432726E-01
   6.9557057057057065E+01   4.9525222092605360E-03   1.0039284671495756E-01
   6.9632132132132142E+01   4.8184325319838971E-03   1.0048671410857300E-01
   6.9707207207207219E+01   4.6881050704874524E-03   1.0058095422658329E-01
   6.9782282282282281E+01   4.5614269630505182E-03   1.0066876952991659E-01
   6.9857357357357373E+01   4.4382684007217834E-03   1.0074355825213967E-01
   6.9932432432432435E+01   4.3184866392851880E-03   1.0079921387004852E-01
   7.0007507507507512E+01   4.2019302484840194E-03   1.0083037989586080E-01
   7.0082582582582589E+01   4.0884432775127391E-03   1.0083265304567254E-01
   7.0157657657657666E+01   3.9778690725504667E-03   1.0080273483364523E-01
   7.0232732732732728E+01   3.8700535615536326E-03   1.0073853866633031E-01
   7.0307807807807819E+01   3.7648479180999615E-03   1.0063926576629545E-01
   7.0382882882882882E+01   3.6621106223096419E-03   1.0050546782492763E-01
   7.0457957957957959E+01   3.5617090431199249E-03   1.0033911619850561E-01
   7.0533033033033050E+01   3.4635207607748601E-03   1.0014369578092051E-01
   7.0608108108108112E+01   3.3674349182561914E-03   9.9924335628475303E-02
   7.0683183183183189E+01   3.2733539222617996E-03   9.9687977488652602E-02
   7.0758258258258266E+01   3.1811957962709350E-03   9.9443567535886151E-02
   7.0833333333333343E+01   3.0908974111440442E-03   9.9202236331640686E-02
   7.0908408408408405E+01   3.0024186778136565E-03   9.8977408448036805E-02
   7.0983483483483496E+01   2.9157475825394123E-03   9.8784758250025320E-02
   7.1058558558558559E+01   2.8309056847706780E-03   9.8641904921589002E-02
   7.1133633633633636E+01   2.7479533949239334E-03   9.8567722134027785E-02
   7.1208708708708713E+01   2.6669940271922756E-03   9.8581131694310889E-02
   7.1283783783783790E+01   2.5881753152781125E-03   9.8699264120472724E-02
   7.1358858858858866E+01   2.5105452895087419E-03   9.8876318547360870E-02
   7.1433933933933943E+01   2.4331157997373527E-03   9.9059384982005103E-02
   7.1509009009009020E+01   2.3559786543798258E-03   9.9250681916580444E-02
   7.1584084084084083E+01   2.2793243496781689E-03   9.9449792528521347E-02
   7.1659159159159174E+01   2.2033941824463913E-03   9.9648112536287858E-02
   7.1734234234234236E+01   2.1284312409818752E-03   9.9825986592812402E-02
   7.1809309309309313E+01   2.0546385804755575E-03   9.9952491909126945E-02
   7.1884384384384390E+01   1.9821501350947594E-03   9.9987616938980492E-02
   7.1959459459459467E+01   1.9110174824841617E-03   9.9886354055309282E-02
   7.2034534534534544E+01   1.8412131815538728E-03   9.9603975886944335E-02
   7.2109609609609620E+01   1.7726489394269684E-03   9.9101548661833044E-02
   7.2184684684684697E+01   1.7052044861430781E-03   9.8350632609619196E-02
   7.2259759759759760E+01   1.6387611269388328E-03   9.7336197828985754E-02
   7.2334834834834851E+01   1.5732329552856693E-03   9.6057071525382440E-02
   7.2409909909909913E+01   1.5085889982351154E-03   9.4523706893687706E-02
   7.2484984984984990E+01   1.4448612556200882E-03   9.2753662958172722E-02
   7.2560060060060067E+01   1.3821365355380971E-03   9.0765819163322811E-02
   7.2635135135135144E+01   1.3205337535937937E-03   8.8574903529443125E-02
   7.2710210210210207E+01   1.2601722711673977E-03   8.6188240468475896E-02
   7.2785285285285298E+01   1.2011400079416170E-03   8.3606549537084490E-02
   7.2860360360360360E+01   1.1434715026948994E-03   8.0830000169272359E-02
   7.2935435435435437E+01   1.0871450227197743E-03   7.7869520022585528E-02
   7.3010510510510514E+01   1.0321039935988518E-03   7.4761738087527382E-02
   7.3085585585585591E+01   9.7830202335416616E-04   7.1584275146133206E-02
   7.3160660660660668E+01   9.2576398591696918E-04   6.8466766548535507E-02
   7.3235735735735744E+01   8.7464966401901297E-04   6.5592266613414565E-02
   7.3310810810810821E+01   8.2530265170944843E-04   6.3183647961113601E-02
   7.3385885885885884E+01   7.7826626439906309E-04   6.1470552546979036E-02
   7.3460960960960975E+01   7.3425051569785116E-04   6.0635319172368453E-02
   7.3536036036036037E+01   6.9404079643701328E-04   6.0742792894744428E-02
   7.3611111111111114E+01   6.5835165941326959E-04   6.1670056696883205E-02
   7.3686186186186191E+01   6.2764912315765387E-04   6.3064839209146961E-02
   7.3761261261261268E+01   6.0198772619799606E-04   6.4365449570144492E-02
   7.3836336336336345E+01   5.8092081185314945E-04   6.4898038454882082E-02
   7.3911411411411422E+01   5.6352829100312480E-04   6.4029677558456261E-02
   7.3986486486486498E+01   5.4856434733790386E-04   6.1322477922922683E-02
   7.4061561561561561E+01   5.3468106281027810E-04   5.6633189616968067E-02
   7.4136636636636652E+01   5.2066172832991218E-04   5.0134557368469244E-02
   7.4211711711711715E+01   5.0560773459818278E-04   4.2270701853432131E-02
   7.4286786786786791E+01   4.8904963570542957E-04   3.3674465878608534E-02
   7.4361861861861868E+01   4.7097652932402684E-04   2.5069329881258387E-02
   7.4436936936936945E+01   4.5179008476735707E-04   1.7165958684232308E-02
   7.4512012012012008E+01   4.3219345244399686E-04   1.0556367827326723E-02
   7.4587087087087099E+01   4.1302838007794770E-04   5.6129243189574013E-03
   7.4662162162162161E+01   3.9508247293763350E-04   2.4135597802607467E-03
   7.4737237237237238E+01   3.7890356425210455E-04   7.2822683208552137E-04
   7.4812312312312315E+01   3.6467111687465612E-04   9.6256299441410071E-05
   7.4887387387387392E+01   3.5216951396934353E-04  -1.1508551850122950E-05
   7.4962462462462469E+01   3.4087592608722229E-04   0.0000000000000000E+00
# pulse generated by run 1499526 (fbR0003)
