#   iter         1-F_avg
       0    1.816036E-01
       1    1.612908E-01
       2    1.445733E-01
       3    1.316375E-01
       4    1.217854E-01
       5    1.137341E-01
       6    1.068182E-01
       7    1.007878E-01
       8    9.556144E-02
       9    9.109317E-02
      10    8.732559E-02
      11    8.418408E-02
      12    8.158493E-02
      13    7.944433E-02
      14    7.768449E-02
      15    7.623668E-02
      16    7.504221E-02
      17    7.405209E-02
      18    7.322608E-02
      19    7.253154E-02
      20    7.194221E-02
      21    7.143705E-02
      22    7.099927E-02
      23    7.061551E-02
      24    7.027508E-02
      25    6.996947E-02
      26    6.969184E-02
      27    6.943667E-02
      28    6.919951E-02
      29    6.897671E-02
      30    6.876528E-02
      31    6.856276E-02
      32    6.836708E-02
      33    6.817652E-02
      34    6.798963E-02
      35    6.780516E-02
      36    6.762205E-02
      37    6.743939E-02
      38    6.725640E-02
      39    6.707240E-02
      40    6.688679E-02
      41    6.669907E-02
      42    6.650879E-02
      43    6.631556E-02
      44    6.611904E-02
      45    6.591895E-02
      46    6.571505E-02
      47    6.550711E-02
      48    6.529497E-02
      49    6.507849E-02
      50    6.485754E-02
      51    6.463204E-02
      52    6.440193E-02
      53    6.416715E-02
      54    6.392769E-02
      55    6.368355E-02
      56    6.343474E-02
      57    6.318129E-02
      58    6.292325E-02
      59    6.266069E-02
      60    6.239368E-02
      61    6.212231E-02
      62    6.184669E-02
      63    6.156692E-02
      64    6.128313E-02
      65    6.099545E-02
      66    6.070402E-02
      67    6.040900E-02
      68    6.011054E-02
      69    5.980879E-02
      70    5.950395E-02
      71    5.919616E-02
      72    5.888563E-02
      73    5.857253E-02
      74    5.825704E-02
      75    5.793937E-02
      76    5.761970E-02
      77    5.729823E-02
      78    5.697515E-02
      79    5.665067E-02
      80    5.632498E-02
      81    5.599827E-02
      82    5.567075E-02
      83    5.534260E-02
      84    5.501403E-02
      85    5.468523E-02
      86    5.435638E-02
      87    5.402766E-02
      88    5.369927E-02
      89    5.337139E-02
      90    5.304418E-02
      91    5.271782E-02
      92    5.239247E-02
      93    5.206831E-02
      94    5.174547E-02
      95    5.142413E-02
      96    5.110441E-02
      97    5.078647E-02
      98    5.047043E-02
      99    5.015643E-02
     100    4.984459E-02
     101    4.953502E-02
     102    4.922784E-02
     103    4.892316E-02
     104    4.862106E-02
     105    4.832164E-02
     106    4.802499E-02
     107    4.773119E-02
     108    4.744032E-02
     109    4.715243E-02
     110    4.686761E-02
     111    4.658589E-02
     112    4.630734E-02
     113    4.603200E-02
     114    4.575991E-02
     115    4.549111E-02
     116    4.522563E-02
     117    4.496350E-02
     118    4.470473E-02
     119    4.444935E-02
     120    4.419736E-02
     121    4.394878E-02
     122    4.370361E-02
     123    4.346186E-02
     124    4.322351E-02
     125    4.298857E-02
     126    4.275702E-02
     127    4.252886E-02
     128    4.230407E-02
     129    4.208263E-02
     130    4.186452E-02
     131    4.164972E-02
     132    4.143820E-02
     133    4.122994E-02
     134    4.102491E-02
     135    4.082308E-02
     136    4.062442E-02
     137    4.042889E-02
     138    4.023646E-02
     139    4.004709E-02
     140    3.986075E-02
     141    3.967739E-02
     142    3.949698E-02
     143    3.931949E-02
     144    3.914485E-02
     145    3.897305E-02
     146    3.880403E-02
     147    3.863776E-02
     148    3.847418E-02
     149    3.831327E-02
     150    3.815497E-02
     151    3.799924E-02
     152    3.784604E-02
     153    3.769533E-02
     154    3.754706E-02
     155    3.740119E-02
     156    3.725767E-02
     157    3.711648E-02
     158    3.697755E-02
     159    3.684086E-02
     160    3.670635E-02
     161    3.657399E-02
     162    3.644373E-02
     163    3.631555E-02
     164    3.618938E-02
     165    3.606520E-02
     166    3.594297E-02
     167    3.582264E-02
     168    3.570418E-02
     169    3.558755E-02
     170    3.547271E-02
     171    3.535963E-02
     172    3.524827E-02
     173    3.513859E-02
     174    3.503055E-02
     175    3.492413E-02
     176    3.481929E-02
     177    3.471600E-02
     178    3.461422E-02
     179    3.451391E-02
     180    3.441506E-02
     181    3.431762E-02
     182    3.422156E-02
     183    3.412686E-02
     184    3.403349E-02
     185    3.394141E-02
     186    3.385060E-02
     187    3.376103E-02
     188    3.367268E-02
     189    3.358550E-02
     190    3.349949E-02
     191    3.341460E-02
     192    3.333083E-02
     193    3.324814E-02
     194    3.316650E-02
     195    3.308590E-02
     196    3.300631E-02
     197    3.292771E-02
     198    3.285007E-02
     199    3.277337E-02
     200    3.269760E-02
     201    3.262273E-02
     202    3.254874E-02
     203    3.247560E-02
     204    3.240331E-02
     205    3.233184E-02
     206    3.226117E-02
     207    3.219128E-02
     208    3.212216E-02
     209    3.205378E-02
     210    3.198614E-02
     211    3.191921E-02
     212    3.185297E-02
     213    3.178742E-02
     214    3.172253E-02
     215    3.165828E-02
     216    3.159468E-02
     217    3.153169E-02
     218    3.146930E-02
     219    3.140751E-02
     220    3.134629E-02
     221    3.128564E-02
     222    3.122553E-02
     223    3.116597E-02
     224    3.110692E-02
     225    3.104839E-02
     226    3.099036E-02
     227    3.093281E-02
     228    3.087574E-02
     229    3.081914E-02
     230    3.076298E-02
     231    3.070727E-02
     232    3.065200E-02
     233    3.059714E-02
     234    3.054270E-02
     235    3.048866E-02
     236    3.043501E-02
     237    3.038174E-02
     238    3.032885E-02
     239    3.027632E-02
     240    3.022414E-02
     241    3.017231E-02
     242    3.012082E-02
     243    3.006966E-02
     244    3.001883E-02
     245    2.996830E-02
     246    2.991808E-02
     247    2.986816E-02
     248    2.981853E-02
     249    2.976919E-02
     250    2.972012E-02
     251    2.967132E-02
     252    2.962278E-02
     253    2.957450E-02
     254    2.952647E-02
     255    2.947868E-02
     256    2.943112E-02
     257    2.938380E-02
     258    2.933671E-02
     259    2.928983E-02
     260    2.924316E-02
     261    2.919670E-02
     262    2.915045E-02
     263    2.910439E-02
     264    2.905852E-02
     265    2.901284E-02
     266    2.896734E-02
     267    2.892201E-02
     268    2.887686E-02
     269    2.883187E-02
     270    2.878705E-02
     271    2.874238E-02
     272    2.869786E-02
     273    2.865349E-02
     274    2.860927E-02
     275    2.856519E-02
     276    2.852124E-02
     277    2.847742E-02
     278    2.843373E-02
     279    2.839017E-02
     280    2.834672E-02
     281    2.830339E-02
     282    2.826018E-02
     283    2.821707E-02
     284    2.817407E-02
     285    2.813117E-02
     286    2.808837E-02
     287    2.804566E-02
     288    2.800305E-02
     289    2.796052E-02
     290    2.791809E-02
     291    2.787573E-02
     292    2.783345E-02
     293    2.779125E-02
     294    2.774913E-02
     295    2.770707E-02
     296    2.766509E-02
     297    2.762317E-02
     298    2.758131E-02
     299    2.753951E-02
     300    2.749777E-02
     301    2.745609E-02
     302    2.741446E-02
     303    2.737287E-02
     304    2.733134E-02
     305    2.728985E-02
     306    2.724841E-02
     307    2.720700E-02
     308    2.716564E-02
     309    2.712431E-02
     310    2.708301E-02
     311    2.704175E-02
     312    2.700051E-02
     313    2.695931E-02
     314    2.691813E-02
     315    2.687697E-02
     316    2.683584E-02
     317    2.679473E-02
     318    2.675363E-02
     319    2.671256E-02
     320    2.667149E-02
     321    2.663044E-02
     322    2.658940E-02
     323    2.654837E-02
     324    2.650735E-02
     325    2.646633E-02
     326    2.642532E-02
     327    2.638431E-02
     328    2.634330E-02
     329    2.630229E-02
     330    2.626128E-02
     331    2.622027E-02
     332    2.617925E-02
     333    2.613823E-02
     334    2.609719E-02
     335    2.605615E-02
     336    2.601510E-02
     337    2.597403E-02
     338    2.593295E-02
     339    2.589186E-02
     340    2.585075E-02
     341    2.580963E-02
     342    2.576848E-02
     343    2.572731E-02
     344    2.568613E-02
     345    2.564492E-02
     346    2.560368E-02
     347    2.556243E-02
     348    2.552114E-02
     349    2.547983E-02
     350    2.543849E-02
     351    2.539712E-02
     352    2.535572E-02
     353    2.531429E-02
     354    2.527283E-02
     355    2.523133E-02
     356    2.518979E-02
     357    2.514822E-02
     358    2.510662E-02
     359    2.506497E-02
     360    2.502329E-02
     361    2.498156E-02
     362    2.493980E-02
     363    2.489799E-02
     364    2.485614E-02
     365    2.481424E-02
     366    2.477230E-02
     367    2.473031E-02
     368    2.468828E-02
     369    2.464620E-02
     370    2.460407E-02
     371    2.456189E-02
     372    2.451966E-02
     373    2.447737E-02
     374    2.443504E-02
     375    2.439265E-02
     376    2.435021E-02
     377    2.430771E-02
     378    2.426516E-02
     379    2.422255E-02
     380    2.417988E-02
     381    2.413716E-02
     382    2.409437E-02
     383    2.405153E-02
     384    2.400863E-02
     385    2.396566E-02
     386    2.392263E-02
     387    2.387954E-02
     388    2.383639E-02
     389    2.379317E-02
     390    2.374988E-02
     391    2.370653E-02
     392    2.366311E-02
     393    2.361963E-02
     394    2.357607E-02
     395    2.353245E-02
     396    2.348876E-02
     397    2.344500E-02
     398    2.340117E-02
     399    2.335726E-02
     400    2.331329E-02
     401    2.326924E-02
     402    2.322512E-02
     403    2.318092E-02
     404    2.313665E-02
     405    2.309230E-02
     406    2.304788E-02
     407    2.300338E-02
     408    2.295880E-02
     409    2.291414E-02
     410    2.286941E-02
     411    2.282460E-02
     412    2.277970E-02
     413    2.273473E-02
     414    2.268968E-02
     415    2.264454E-02
     416    2.259932E-02
     417    2.255403E-02
     418    2.250864E-02
     419    2.246318E-02
     420    2.241763E-02
     421    2.237199E-02
     422    2.232628E-02
     423    2.228047E-02
     424    2.223458E-02
     425    2.218860E-02
     426    2.214254E-02
     427    2.209639E-02
     428    2.205015E-02
     429    2.200383E-02
     430    2.195741E-02
     431    2.191091E-02
     432    2.186432E-02
     433    2.181763E-02
     434    2.177086E-02
     435    2.172400E-02
     436    2.167705E-02
     437    2.163000E-02
     438    2.158287E-02
     439    2.153564E-02
     440    2.148832E-02
     441    2.144091E-02
     442    2.139341E-02
     443    2.134582E-02
     444    2.129813E-02
     445    2.125035E-02
     446    2.120247E-02
     447    2.115450E-02
     448    2.110644E-02
     449    2.105829E-02
     450    2.101004E-02
     451    2.096170E-02
     452    2.091326E-02
     453    2.086473E-02
     454    2.081611E-02
     455    2.076739E-02
     456    2.071857E-02
     457    2.066967E-02
     458    2.062067E-02
     459    2.057157E-02
     460    2.052238E-02
     461    2.047310E-02
     462    2.042372E-02
     463    2.037425E-02
     464    2.032468E-02
     465    2.027502E-02
     466    2.022527E-02
     467    2.017542E-02
     468    2.012548E-02
     469    2.007545E-02
     470    2.002533E-02
     471    1.997511E-02
     472    1.992480E-02
     473    1.987440E-02
     474    1.982391E-02
     475    1.977333E-02
     476    1.972265E-02
     477    1.967189E-02
     478    1.962104E-02
     479    1.957010E-02
     480    1.951907E-02
     481    1.946795E-02
     482    1.941674E-02
     483    1.936545E-02
     484    1.931407E-02
     485    1.926260E-02
     486    1.921105E-02
     487    1.915942E-02
     488    1.910770E-02
     489    1.905590E-02
     490    1.900401E-02
     491    1.895205E-02
     492    1.890000E-02
     493    1.884788E-02
     494    1.879567E-02
     495    1.874339E-02
     496    1.869103E-02
     497    1.863860E-02
     498    1.858609E-02
     499    1.853350E-02
     500    1.848084E-02
     501    1.842812E-02
     502    1.837532E-02
     503    1.832245E-02
     504    1.826951E-02
     505    1.821651E-02
     506    1.816344E-02
     507    1.811030E-02
     508    1.805711E-02
     509    1.800385E-02
     510    1.795053E-02
     511    1.789715E-02
     512    1.784371E-02
     513    1.779022E-02
     514    1.773667E-02
     515    1.768307E-02
     516    1.762942E-02
     517    1.757572E-02
     518    1.752197E-02
     519    1.746817E-02
     520    1.741433E-02
     521    1.736045E-02
     522    1.730652E-02
     523    1.725255E-02
     524    1.719855E-02
     525    1.714451E-02
     526    1.709043E-02
     527    1.703633E-02
     528    1.698219E-02
     529    1.692802E-02
     530    1.687383E-02
     531    1.681962E-02
     532    1.676538E-02
     533    1.671112E-02
     534    1.665684E-02
     535    1.660254E-02
     536    1.654824E-02
     537    1.649392E-02
     538    1.643959E-02
     539    1.638525E-02
     540    1.633091E-02
     541    1.627656E-02
     542    1.622221E-02
     543    1.616787E-02
     544    1.611353E-02
     545    1.605919E-02
     546    1.600487E-02
     547    1.595055E-02
     548    1.589625E-02
     549    1.584196E-02
     550    1.578770E-02
     551    1.573345E-02
     552    1.567923E-02
     553    1.562503E-02
     554    1.557086E-02
     555    1.551672E-02
     556    1.546261E-02
     557    1.540854E-02
     558    1.535451E-02
     559    1.530051E-02
     560    1.524656E-02
     561    1.519266E-02
     562    1.513881E-02
     563    1.508500E-02
     564    1.503125E-02
     565    1.497756E-02
     566    1.492392E-02
     567    1.487035E-02
     568    1.481684E-02
     569    1.476340E-02
     570    1.471002E-02
     571    1.465672E-02
     572    1.460349E-02
     573    1.455034E-02
     574    1.449727E-02
     575    1.444428E-02
     576    1.439137E-02
     577    1.433856E-02
     578    1.428583E-02
     579    1.423319E-02
     580    1.418065E-02
     581    1.412821E-02
     582    1.407587E-02
     583    1.402363E-02
     584    1.397149E-02
     585    1.391947E-02
     586    1.386755E-02
     587    1.381574E-02
     588    1.376405E-02
     589    1.371248E-02
     590    1.366103E-02
     591    1.360970E-02
     592    1.355849E-02
     593    1.350742E-02
     594    1.345647E-02
     595    1.340565E-02
     596    1.335497E-02
     597    1.330442E-02
     598    1.325401E-02
     599    1.320374E-02
     600    1.315361E-02
     601    1.310363E-02
     602    1.305380E-02
     603    1.300412E-02
     604    1.295458E-02
     605    1.290521E-02
     606    1.285598E-02
     607    1.280692E-02
     608    1.275801E-02
     609    1.270926E-02
     610    1.266068E-02
     611    1.261226E-02
     612    1.256402E-02
     613    1.251593E-02
     614    1.246802E-02
     615    1.242029E-02
     616    1.237272E-02
     617    1.232534E-02
     618    1.227813E-02
     619    1.223109E-02
     620    1.218424E-02
     621    1.213758E-02
     622    1.209109E-02
     623    1.204479E-02
     624    1.199868E-02
     625    1.195275E-02
     626    1.190702E-02
     627    1.186147E-02
     628    1.181612E-02
     629    1.177096E-02
     630    1.172600E-02
     631    1.168123E-02
     632    1.163666E-02
     633    1.159229E-02
     634    1.154811E-02
     635    1.150414E-02
     636    1.146036E-02
     637    1.141679E-02
     638    1.137342E-02
     639    1.133026E-02
     640    1.128730E-02
     641    1.124455E-02
     642    1.120200E-02
     643    1.115966E-02
     644    1.111753E-02
     645    1.107560E-02
     646    1.103389E-02
     647    1.099238E-02
     648    1.095109E-02
     649    1.091000E-02
     650    1.086913E-02
     651    1.082847E-02
     652    1.078802E-02
     653    1.074779E-02
     654    1.070777E-02
     655    1.066796E-02
     656    1.062836E-02
     657    1.058898E-02
     658    1.054982E-02
     659    1.051087E-02
     660    1.047213E-02
     661    1.043361E-02
     662    1.039530E-02
     663    1.035721E-02
     664    1.031933E-02
     665    1.028167E-02
     666    1.024422E-02
     667    1.020699E-02
     668    1.016997E-02
     669    1.013317E-02
     670    1.009659E-02
     671    1.006021E-02
     672    1.002406E-02
     673    9.988112E-03
     674    9.952383E-03
     675    9.916868E-03
     676    9.881566E-03
     677    9.846478E-03
     678    9.811603E-03
     679    9.776940E-03
     680    9.742490E-03
     681    9.708252E-03
     682    9.674225E-03
     683    9.640409E-03
     684    9.606804E-03
     685    9.573409E-03
     686    9.540223E-03
     687    9.507247E-03
     688    9.474480E-03
     689    9.441920E-03
     690    9.409568E-03
     691    9.377423E-03
     692    9.345484E-03
     693    9.313751E-03
     694    9.282223E-03
     695    9.250899E-03
     696    9.219779E-03
     697    9.188862E-03
     698    9.158148E-03
     699    9.127634E-03
     700    9.097322E-03
     701    9.067210E-03
     702    9.037297E-03
     703    9.007583E-03
     704    8.978067E-03
     705    8.948747E-03
     706    8.919624E-03
     707    8.890696E-03
     708    8.861963E-03
     709    8.833423E-03
     710    8.805076E-03
     711    8.776921E-03
     712    8.748957E-03
     713    8.721184E-03
     714    8.693599E-03
     715    8.666203E-03
     716    8.638995E-03
     717    8.611973E-03
     718    8.585137E-03
     719    8.558485E-03
     720    8.532017E-03
     721    8.505732E-03
     722    8.479629E-03
     723    8.453707E-03
     724    8.427964E-03
     725    8.402401E-03
     726    8.377015E-03
     727    8.351807E-03
     728    8.326774E-03
     729    8.301917E-03
     730    8.277234E-03
     731    8.252723E-03
     732    8.228385E-03
     733    8.204218E-03
     734    8.180220E-03
     735    8.156392E-03
     736    8.132731E-03
     737    8.109238E-03
     738    8.085911E-03
     739    8.062748E-03
     740    8.039749E-03
     741    8.016914E-03
     742    7.994240E-03
     743    7.971727E-03
     744    7.949373E-03
     745    7.927179E-03
     746    7.905142E-03
     747    7.883262E-03
     748    7.861538E-03
     749    7.839968E-03
     750    7.818552E-03
     751    7.797289E-03
     752    7.776177E-03
     753    7.755216E-03
     754    7.734404E-03
     755    7.713741E-03
     756    7.693226E-03
     757    7.672856E-03
     758    7.652633E-03
     759    7.632554E-03
     760    7.612618E-03
     761    7.592825E-03
     762    7.573173E-03
     763    7.553661E-03
     764    7.534290E-03
     765    7.515056E-03
     766    7.495960E-03
     767    7.477000E-03
     768    7.458176E-03
     769    7.439486E-03
     770    7.420930E-03
     771    7.402506E-03
     772    7.384214E-03
     773    7.366052E-03
     774    7.348020E-03
     775    7.330116E-03
     776    7.312340E-03
     777    7.294691E-03
     778    7.277168E-03
     779    7.259769E-03
     780    7.242494E-03
     781    7.225342E-03
     782    7.208312E-03
     783    7.191402E-03
     784    7.174613E-03
     785    7.157943E-03
     786    7.141392E-03
     787    7.124957E-03
     788    7.108639E-03
     789    7.092437E-03
     790    7.076349E-03
     791    7.060374E-03
     792    7.044513E-03
     793    7.028763E-03
     794    7.013125E-03
     795    6.997596E-03
     796    6.982177E-03
     797    6.966867E-03
     798    6.951663E-03
     799    6.936567E-03
     800    6.921576E-03
     801    6.906690E-03
     802    6.891909E-03
     803    6.877230E-03
     804    6.862654E-03
     805    6.848180E-03
     806    6.833806E-03
     807    6.819533E-03
     808    6.805358E-03
     809    6.791282E-03
     810    6.777304E-03
     811    6.763422E-03
     812    6.749636E-03
     813    6.735946E-03
     814    6.722350E-03
     815    6.708847E-03
     816    6.695437E-03
     817    6.682120E-03
     818    6.668893E-03
     819    6.655758E-03
     820    6.642712E-03
     821    6.629755E-03
     822    6.616886E-03
     823    6.604105E-03
     824    6.591411E-03
     825    6.578803E-03
     826    6.566280E-03
     827    6.553843E-03
     828    6.541489E-03
     829    6.529218E-03
     830    6.517030E-03
     831    6.504924E-03
     832    6.492899E-03
     833    6.480955E-03
     834    6.469090E-03
     835    6.457305E-03
     836    6.445598E-03
     837    6.433969E-03
     838    6.422418E-03
     839    6.410942E-03
     840    6.399543E-03
     841    6.388219E-03
     842    6.376970E-03
     843    6.365794E-03
     844    6.354692E-03
     845    6.343663E-03
     846    6.332705E-03
     847    6.321820E-03
     848    6.311005E-03
     849    6.300260E-03
     850    6.289585E-03
     851    6.278980E-03
     852    6.268443E-03
     853    6.257973E-03
     854    6.247571E-03
     855    6.237236E-03
     856    6.226967E-03
     857    6.216764E-03
     858    6.206626E-03
     859    6.196552E-03
     860    6.186543E-03
     861    6.176596E-03
     862    6.166713E-03
     863    6.156892E-03
     864    6.147133E-03
     865    6.137435E-03
     866    6.127798E-03
     867    6.118221E-03
     868    6.108704E-03
     869    6.099247E-03
     870    6.089847E-03
     871    6.080507E-03
     872    6.071224E-03
     873    6.061998E-03
     874    6.052829E-03
     875    6.043716E-03
     876    6.034659E-03
     877    6.025657E-03
     878    6.016710E-03
     879    6.007817E-03
     880    5.998979E-03
     881    5.990194E-03
     882    5.981461E-03
     883    5.972782E-03
     884    5.964154E-03
     885    5.955578E-03
     886    5.947054E-03
     887    5.938580E-03
     888    5.930156E-03
     889    5.921782E-03
     890    5.913458E-03
     891    5.905183E-03
     892    5.896957E-03
     893    5.888778E-03
     894    5.880648E-03
     895    5.872565E-03
     896    5.864529E-03
     897    5.856540E-03
     898    5.848597E-03
     899    5.840699E-03
     900    5.832847E-03
     901    5.825041E-03
     902    5.817278E-03
     903    5.809561E-03
     904    5.801887E-03
     905    5.794256E-03
     906    5.786669E-03
     907    5.779125E-03
     908    5.771623E-03
     909    5.764163E-03
     910    5.756745E-03
     911    5.749368E-03
     912    5.742033E-03
     913    5.734738E-03
     914    5.727483E-03
     915    5.720269E-03
     916    5.713094E-03
     917    5.705959E-03
     918    5.698862E-03
     919    5.691804E-03
     920    5.684785E-03
     921    5.677804E-03
     922    5.670860E-03
     923    5.663954E-03
     924    5.657085E-03
     925    5.650253E-03
     926    5.643457E-03
     927    5.636697E-03
     928    5.629974E-03
     929    5.623286E-03
     930    5.616633E-03
     931    5.610015E-03
     932    5.603432E-03
     933    5.596883E-03
     934    5.590369E-03
     935    5.583888E-03
     936    5.577441E-03
     937    5.571027E-03
     938    5.564646E-03
     939    5.558298E-03
     940    5.551983E-03
     941    5.545700E-03
     942    5.539448E-03
     943    5.533229E-03
     944    5.527040E-03
     945    5.520883E-03
     946    5.514757E-03
     947    5.508662E-03
     948    5.502597E-03
     949    5.496562E-03
     950    5.490557E-03
     951    5.484582E-03
     952    5.478636E-03
     953    5.472720E-03
     954    5.466832E-03
     955    5.460973E-03
     956    5.455143E-03
     957    5.449341E-03
     958    5.443567E-03
     959    5.437820E-03
     960    5.432102E-03
     961    5.426411E-03
     962    5.420747E-03
     963    5.415109E-03
     964    5.409499E-03
     965    5.403915E-03
     966    5.398358E-03
     967    5.392826E-03
     968    5.387320E-03
     969    5.381841E-03
     970    5.376386E-03
     971    5.370957E-03
     972    5.365553E-03
     973    5.360174E-03
     974    5.354819E-03
     975    5.349489E-03
     976    5.344183E-03
     977    5.338901E-03
     978    5.333644E-03
     979    5.328410E-03
     980    5.323199E-03
     981    5.318012E-03
     982    5.312848E-03
     983    5.307707E-03
     984    5.302589E-03
     985    5.297493E-03
     986    5.292420E-03
     987    5.287369E-03
     988    5.282341E-03
     989    5.277334E-03
     990    5.272349E-03
     991    5.267386E-03
     992    5.262444E-03
     993    5.257523E-03
     994    5.252623E-03
     995    5.247745E-03
     996    5.242887E-03
     997    5.238050E-03
     998    5.233233E-03
     999    5.228437E-03
