# OCT iter       1000;   J_T =   5.367238810491E-03;   pulse_id =          1                                                                                                                                                                                   
#             freq. [MHz]     Re(ampl) [arb.units]     Im(ampl) [arb.units]                                                                                                                                                                                    
 -6.65333333333333303E+03  2.41853077500788981E-10 -4.97868955369264327E-11
 -6.64000000000000000E+03  2.36724915319900843E-10 -3.07264795821041449E-11
 -6.62666666666666606E+03  2.33121593221270918E-10 -1.19181475171227932E-11
 -6.61333333333333303E+03  2.30865989797011350E-10  6.80052402879677566E-12
 -6.60000000000000000E+03  2.29554660579355543E-10  2.55960872819996458E-11
 -6.58666666666666606E+03  2.28608452374001789E-10  4.46158641357371271E-11
 -6.57333333333333303E+03  2.27345212671733546E-10  6.39640545753715108E-11
 -6.56000000000000000E+03  2.25069885184556050E-10  8.36864700905319601E-11
 -6.54666666666666606E+03  2.21166620733731108E-10  1.03761509064700204E-10
 -6.53333333333333303E+03  2.15186410107176284E-10  1.24101861114327526E-10
 -6.52000000000000000E+03  2.06914522413957031E-10  1.44564747290445650E-10
 -6.50666666666666606E+03  1.96413259252721511E-10  1.64970805949117781E-10
 -6.49333333333333303E+03  1.84030078018879896E-10  1.85128069906522176E-10
 -6.48000000000000000E+03  1.70372363968692400E-10  2.04859261644797922E-10
 -6.46666666666666606E+03  1.56247317907633232E-10  2.24027310261418554E-10
 -6.45333333333333303E+03  1.42575704759801597E-10  2.42556949919166977E-10
 -6.44000000000000000E+03  1.30286478590881548E-10  2.60448358687668549E-10
 -6.42666666666666606E+03  1.20205125164201673E-10  2.77781856200013702E-10
 -6.41333333333333303E+03  1.12947976956541259E-10  2.94711006248525777E-10
 -6.40000000000000000E+03  1.08835575260583950E-10  3.11447037633911216E-10
 -6.38666666666666606E+03  1.07835182971799220E-10  3.28233432111089611E-10
 -6.37333333333333303E+03  1.09541739487436978E-10  3.45316189196831756E-10
 -6.36000000000000000E+03  1.13199616326421760E-10  3.62911276279812276E-10
 -6.34666666666666606E+03  1.17765942567787158E-10  3.81175152949130779E-10
 -6.33333333333333303E+03  1.22009973982356572E-10  4.00180362880314401E-10
 -6.32000000000000000E+03  1.24638156371084975E-10  4.19901567772724365E-10
 -6.30666666666666606E+03  1.24434260030756392E-10  4.40212539264055099E-10
 -6.29333333333333303E+03  1.20396817494795826E-10  4.60896088884943045E-10
 -6.28000000000000000E+03  1.11862113776342868E-10  4.81665850816799364E-10
 -6.26666666666666606E+03  9.85946245157476023E-11  5.02198263601756131E-10
 -6.25333333333333303E+03  8.08381011263745323E-11  5.22170344429001725E-10
 -6.24000000000000000E+03  5.93145263191604809E-11  5.41300740409592615E-10
 -6.22666666666666606E+03  3.51749692345998849E-11  5.59386313528494900E-10
 -6.21333333333333303E+03  9.89870158751148675E-12  5.76333457021223167E-10
 -6.20000000000000000E+03 -1.48440981120964803E-11  5.92175236441968424E-10
 -6.18666666666666606E+03 -3.73600623660875639E-11  6.07077343971911690E-10
 -6.17333333333333303E+03 -5.61066425357285911E-11  6.21324226636311817E-10
 -6.16000000000000000E+03 -6.98628293743424762E-11  6.35295551589374500E-10
 -6.14666666666666606E+03 -7.78693035978032380E-11  6.49422613072658299E-10
 -6.13333333333333303E+03 -7.99313179319701982E-11  6.64145222815810417E-10
 -6.12000000000000000E+03 -7.64630432849568376E-11  6.79853496731896630E-10
 -6.10666666666666606E+03 -6.84748698315546241E-11  6.96845630182251981E-10
 -6.09333333333333303E+03 -5.74944135718987246E-11  7.15278731822180417E-10
 -6.08000000000000000E+03 -4.54353584684942603E-11  7.35149387958117440E-10
 -6.06666666666666606E+03 -3.44162360161210273E-11  7.56275172862722783E-10
 -6.05333333333333303E+03 -2.65563946844388549E-11  7.78313124208498414E-10
 -6.04000000000000000E+03 -2.37578411596884950E-11  8.00779763872173756E-10
 -6.02666666666666606E+03 -2.75063498716631931E-11  8.23108193712204471E-10
 -6.01333333333333303E+03 -3.87024196127452962E-11  8.44696793564682695E-10
 -6.00000000000000000E+03 -5.75485917609164583E-11  8.64988452184637713E-10
 -5.98666666666666606E+03 -8.35016629894156226E-11  8.83523618575441193E-10
 -5.97333333333333303E+03 -1.15298299985155862E-10  9.00013643292771161E-10
 -5.96000000000000000E+03 -1.51056312200656707E-10  9.14368694616941855E-10
 -5.94666666666666606E+03 -1.88438044652529006E-10  9.26737712463937036E-10
 -5.93333333333333303E+03 -2.24871229922243104E-10  9.37488566132083061E-10
 -5.92000000000000000E+03 -2.57792831035783867E-10  9.47200459295005936E-10
 -5.90666666666666606E+03 -2.84911040714999807E-10  9.56591653097901834E-10
 -5.89333333333333303E+03 -3.04435426355846760E-10  9.66470407175698959E-10
 -5.88000000000000000E+03 -3.15281198281969123E-10  9.77628072145936619E-10
 -5.86666666666666606E+03 -3.17189493632481273E-10  9.90774385554413953E-10
 -5.85333333333333303E+03 -3.10793362492875396E-10  1.00642995851112084E-09
 -5.84000000000000000E+03 -2.97568742537559345E-10  1.02488266113715987E-09
 -5.82666666666666606E+03 -2.79732466864309430E-10  1.04611614643168730E-09
 -5.81333333333333303E+03 -2.60027043557077823E-10  1.06982001264972997E-09
 -5.80000000000000000E+03 -2.41487479412615897E-10  1.09537828867659646E-09
 -5.78666666666666606E+03 -2.27127126471358613E-10  1.12194628001612383E-09
 -5.77333333333333303E+03 -2.19665653923763404E-10  1.14849950685890281E-09
 -5.76000000000000000E+03 -2.21224749108634051E-10  1.17396258447168800E-09
 -5.74666666666666606E+03 -2.33131704572779252E-10  1.19729256739206329E-09
 -5.73333333333333303E+03 -2.55734477919731290E-10  1.21762164398393762E-09
 -5.72000000000000000E+03 -2.88373283309566267E-10  1.23433144876708426E-09
 -5.70666666666666606E+03 -3.29381755622452134E-10  1.24716041678573048E-09
 -5.69333333333333303E+03 -3.76260748092510736E-10  1.25622669152546524E-09
 -5.68000000000000000E+03 -4.25860139646882975E-10  1.26205902628398654E-09
 -5.66666666666666606E+03 -4.74713432461688557E-10  1.26554561344647338E-09
 -5.65333333333333303E+03 -5.19322692074944734E-10  1.26787385689124362E-09
 -5.64000000000000000E+03 -5.56549211725718997E-10  1.27041330345013660E-09
 -5.62666666666666606E+03 -5.83877161424800116E-10  1.27458486468343469E-09
 -5.61333333333333303E+03 -5.99731538135454860E-10  1.28171742693988474E-09
 -5.60000000000000000E+03 -6.03595595878732458E-10  1.29289495715634934E-09
 -5.58666666666666606E+03 -5.96151181646747067E-10  1.30884644349617869E-09
 -5.57333333333333303E+03 -5.79174460976580693E-10  1.32982783124849161E-09
 -5.56000000000000000E+03 -5.55459118234352658E-10  1.35560222554308299E-09
 -5.54666666666666606E+03 -5.28495933516417628E-10  1.38539909629602782E-09
 -5.53333333333333303E+03 -5.02223122337634218E-10  1.41801574348987240E-09
 -5.52000000000000000E+03 -4.80578786190824176E-10  1.45186075338847964E-09
 -5.50666666666666606E+03 -4.67191310232356234E-10  1.48516809195528842E-09
 -5.49333333333333303E+03 -4.64948135436737867E-10  1.51608971662929513E-09
 -5.48000000000000000E+03 -4.75765737568618548E-10  1.54297376851287685E-09
 -5.46666666666666606E+03 -5.00320461570401428E-10  1.56443986022498715E-09
 -5.45333333333333303E+03 -5.38009742694113571E-10  1.57964977597804155E-09
 -5.44000000000000000E+03 -5.86938664948800095E-10  1.58829193567924653E-09
 -5.42666666666666606E+03 -6.44109831203953037E-10  1.59077797339551026E-09
 -5.41333333333333303E+03 -7.05671111801677012E-10  1.58808394658533079E-09
 -5.40000000000000000E+03 -7.67276340248597959E-10  1.58184110866155867E-09
 -5.38666666666666606E+03 -8.24510365446998737E-10  1.57402480491783957E-09
 -5.37333333333333303E+03 -8.73281478182771031E-10  1.56695776321396155E-09
 -5.36000000000000000E+03 -9.10282887720451568E-10  1.56289067683851725E-09
 -5.34666666666666606E+03 -9.33243928762020306E-10  1.56398137283286045E-09
 -5.33333333333333303E+03 -9.41284138788896862E-10  1.57185159242643936E-09
 -5.32000000000000000E+03 -9.34881815324088021E-10  1.58762781255571077E-09
 -5.30666666666666606E+03 -9.16027977386100669E-10  1.61156917856832005E-09
 -5.29333333333333303E+03 -8.87857689743240161E-10  1.64324464247215395E-09
 -5.28000000000000000E+03 -8.54602944446371753E-10  1.68129942732958173E-09
 -5.26666666666666606E+03 -8.20938485671532759E-10  1.72380124750091259E-09
 -5.25333333333333303E+03 -7.91833350793041087E-10  1.76815686578527152E-09
 -5.24000000000000000E+03 -7.71748608309709626E-10  1.81159735569795632E-09
 -5.22666666666666606E+03 -7.64556518543127941E-10  1.85119771447241617E-09
 -5.21333333333333303E+03 -7.72762872578711977E-10  1.88440818083882222E-09
 -5.20000000000000000E+03 -7.97667808772351538E-10  1.90909177693798431E-09
 -5.18666666666666606E+03 -8.38759076475864563E-10  1.92397356683525072E-09
 -5.17333333333333303E+03 -8.94223002591289229E-10  1.92860686217104356E-09
 -5.16000000000000000E+03 -9.60576501446202803E-10  1.92362377858445937E-09
 -5.14666666666666606E+03 -1.03352144010194150E-09  1.91057492877860722E-09
 -5.13333333333333303E+03 -1.10778202360876544E-09  1.89191957351954449E-09
 -5.12000000000000000E+03 -1.17817511888110188E-09  1.87074837364333144E-09
 -5.10666666666666606E+03 -1.23952939008171421E-09  1.85052697633340634E-09
 -5.09333333333333303E+03 -1.28776779576243966E-09  1.83478981620078701E-09
 -5.08000000000000000E+03 -1.31974178329629727E-09  1.82670903400413114E-09
 -5.06666666666666606E+03 -1.33411316217469720E-09  1.82891845131272452E-09
 -5.05333333333333303E+03 -1.33096989052350413E-09  1.84299181521568919E-09
 -5.04000000000000000E+03 -1.31234866169103112E-09  1.86958620711818239E-09
 -5.02666666666666606E+03 -1.28160301015344569E-09  1.90788394749688845E-09
 -5.01333333333333303E+03 -1.24350752702278190E-09  1.95620268277451129E-09
 -5.00000000000000000E+03 -1.20348069483238897E-09  2.01140932263070158E-09
 -4.98666666666666606E+03 -1.16732694013121231E-09  2.07002589626926827E-09
 -4.97333333333333303E+03 -1.14052062384296943E-09  2.12758919197310245E-09
 -4.96000000000000000E+03 -1.12773367072158439E-09  2.18012791653226018E-09
 -4.94666666666666606E+03 -1.13242323395117380E-09  2.22342259721097503E-09
 -4.93333333333333303E+03 -1.15631292268524943E-09  2.25461399660915047E-09
 -4.92000000000000000E+03 -1.19950566438862683E-09  2.27131151306006823E-09
 -4.90666666666666606E+03 -1.25999031076469151E-09  2.27306611790400040E-09
 -4.89333333333333303E+03 -1.33446293975146948E-09  2.26029349340648516E-09
 -4.88000000000000000E+03 -1.41772984633585125E-09  2.23540549191334548E-09
 -4.86666666666666606E+03 -1.50438237372740668E-09  2.20157627081490762E-09
 -4.85333333333333303E+03 -1.58775239098327447E-09  2.16343151002219217E-09
 -4.84000000000000000E+03 -1.66252824011437971E-09  2.12578645835025269E-09
 -4.82666666666666606E+03 -1.72281550136544158E-09  2.09390445179552099E-09
 -4.81333333333333303E+03 -1.76568445591945462E-09  2.07241753359070018E-09
 -4.80000000000000000E+03 -1.78796364659757207E-09  2.06527686356491455E-09
 -4.78666666666666606E+03 -1.79061426554029158E-09  2.07505775494125084E-09
 -4.77333333333333303E+03 -1.77407427840790345E-09  2.10281649951291274E-09
 -4.76000000000000000E+03 -1.74336134793994337E-09  2.14788046149058796E-09
 -4.74666666666666606E+03 -1.70195258150915568E-09  2.20782523528016006E-09
 -4.73333333333333303E+03 -1.65767847490811340E-09  2.27876059959435381E-09
 -4.72000000000000000E+03 -1.61518643605063769E-09  2.35545122118787502E-09
 -4.70666666666666606E+03 -1.58291362722311964E-09  2.43215700033149457E-09
 -4.69333333333333303E+03 -1.56419569400260029E-09  2.50253938529172383E-09
 -4.68000000000000000E+03 -1.56570226832096383E-09  2.56130333328785721E-09
 -4.66666666666666606E+03 -1.58731495646440356E-09  2.60314009184417431E-09
 -4.65333333333333303E+03 -1.63226890472416770E-09  2.62559516817933443E-09
 -4.64000000000000000E+03 -1.69601941882330249E-09  2.62614831828461356E-09
 -4.62666666666666606E+03 -1.77806459562520509E-09  2.60676144561974432E-09
 -4.61333333333333303E+03 -1.87000012425266051E-09  2.56835508456685425E-09
 -4.60000000000000000E+03 -1.96882860000007205E-09  2.51745154988340673E-09
 -4.58666666666666606E+03 -2.06418299148984294E-09  2.45754511930950792E-09
 -4.57333333333333303E+03 -2.15292208531085171E-09  2.39839441543639314E-09
 -4.56000000000000000E+03 -2.22528362964080492E-09  2.34379725938953648E-09
 -4.54666666666666606E+03 -2.28050655980676357E-09  2.30447972869250386E-09
 -4.53333333333333303E+03 -2.31180872015471564E-09  2.28159509207825769E-09
 -4.52000000000000000E+03 -2.32244478370057516E-09  2.28444813442392492E-09
 -4.50666666666666606E+03 -2.30998288868921793E-09  2.30907315301889940E-09
 -4.49333333333333303E+03 -2.28174400437410963E-09  2.36166239145328684E-09
 -4.48000000000000000E+03 -2.23948753266092055E-09  2.43223577011071135E-09
 -4.46666666666666606E+03 -2.19303248427708140E-09  2.52347654069845347E-09
 -4.45333333333333303E+03 -2.14665189990906887E-09  2.62057085548414588E-09
 -4.44000000000000000E+03 -2.11002045012046589E-09  2.72384088311559208E-09
 -4.42666666666666606E+03 -2.08743820541125161E-09  2.81649290956223410E-09
 -4.41333333333333303E+03 -2.08549039866524909E-09  2.89894103149157679E-09
 -4.40000000000000000E+03 -2.10645718346758873E-09  2.95584725573452621E-09
 -4.38666666666666606E+03 -2.15130718404397552E-09  2.99064019832726791E-09
 -4.37333333333333303E+03 -2.21987549942664121E-09  2.99223216397983127E-09
 -4.36000000000000000E+03 -2.30605091953982317E-09  2.96919142158475551E-09
 -4.34666666666666606E+03 -2.40878422080186704E-09  2.91595789797808033E-09
 -4.33333333333333303E+03 -2.51506561812066675E-09  2.84644791757180518E-09
 -4.32000000000000000E+03 -2.62578536127646696E-09  2.75999797103149281E-09
 -4.30666666666666606E+03 -2.72305807906343471E-09  2.67388914009527306E-09
 -4.29333333333333303E+03 -2.81256384022105513E-09  2.58989261792983713E-09
 -4.28000000000000000E+03 -2.87466034951579720E-09  2.52525020951610559E-09
 -4.26666666666666606E+03 -2.92191708209301179E-09  2.48057844847065560E-09
 -4.25333333333333303E+03 -2.93534899610201424E-09  2.46948505441306977E-09
 -4.24000000000000000E+03 -2.93583975030080050E-09  2.48826539239966344E-09
 -4.22666666666666606E+03 -2.90486969177644748E-09  2.54393892609048737E-09
 -4.21333333333333303E+03 -2.87267545762732226E-09  2.62779095754327794E-09
 -4.20000000000000000E+03 -2.81793448355579438E-09  2.73814695301690798E-09
 -4.18666666666666606E+03 -2.78053243435944447E-09  2.86441114558960159E-09
 -4.17333333333333303E+03 -2.73159928136772335E-09  2.99511108128722028E-09
 -4.16000000000000000E+03 -2.71941825784804063E-09  3.12410039509871883E-09
 -4.14666666666666606E+03 -2.70381743994102455E-09  3.23044916255170881E-09
 -4.13333333333333303E+03 -2.73876174593311389E-09  3.31965409851572435E-09
 -4.12000000000000000E+03 -2.77128925161580222E-09  3.36297106301272433E-09
 -4.10666666666666606E+03 -2.85864621241429673E-09  3.38354558928446309E-09
 -4.09333333333333303E+03 -2.93525045696432176E-09  3.34569699359644334E-09
 -4.08000000000000000E+03 -3.06177163691481249E-09  3.29512426389486433E-09
 -4.06666666666666652E+03 -3.16079787557535729E-09  3.18573606090998059E-09
 -4.05333333333333348E+03 -3.29942587578868360E-09  3.09113512672706899E-09
 -4.04000000000000000E+03 -3.38996014141966729E-09  2.94493328310806148E-09
 -4.02666666666666652E+03 -3.50966921843983912E-09  2.85460717439984599E-09
 -4.01333333333333348E+03 -3.56341513901119817E-09  2.71969647493496348E-09
 -4.00000000000000000E+03 -3.64107647649886959E-09  2.68554832193181048E-09
 -3.98666666666666652E+03 -3.64275214669539600E-09  2.60608345130868495E-09
 -3.97333333333333348E+03 -3.67270939208844679E-09  2.66398822038162303E-09
 -3.96000000000000000E+03 -3.62525184672566618E-09  2.66256668902018366E-09
 -3.94666666666666652E+03 -3.62216754218383573E-09  2.81886602787271780E-09
 -3.93333333333333348E+03 -3.54573158236378474E-09  2.88508031751464187E-09
 -3.92000000000000000E+03 -3.53855405822457452E-09  3.11434415563112208E-09
 -3.90666666666666652E+03 -3.46418070061025595E-09  3.20515618486383406E-09
 -3.89333333333333348E+03 -3.48360828965508033E-09  3.45944559314247743E-09
 -3.88000000000000000E+03 -3.44298106178547246E-09  3.51303782900312592E-09
 -3.86666666666666652E+03 -3.50870284229073270E-09  3.73915500980386228E-09
 -3.85333333333333348E+03 -3.52222563412974007E-09  3.69753468468714399E-09
 -3.84000000000000000E+03 -3.63601248309119176E-09  3.85709082855548844E-09
 -3.82666666666666652E+03 -3.70361706843443377E-09  3.68781724563757864E-09
 -3.81333333333333348E+03 -3.84982537574077323E-09  3.77408979508354623E-09
 -3.80000000000000000E+03 -3.95040336505871734E-09  3.48187973007075146E-09
 -3.78666666666666652E+03 -4.10079904523036766E-09  3.52676780581661571E-09
 -3.77333333333333348E+03 -4.20329690971806442E-09  3.15114708750640271E-09
 -3.76000000000000000E+03 -4.32279747617498320E-09  3.21714010621357515E-09
 -3.74666666666666652E+03 -4.40452476357260642E-09  2.81823123061854126E-09
 -3.73333333333333348E+03 -4.45798717393927627E-09  2.97642853412653782E-09
 -3.72000000000000000E+03 -4.51917262244854881E-09  2.61344531130070005E-09
 -3.70666666666666652E+03 -4.48117708275243299E-09  2.91708032561412341E-09
 -3.69333333333333348E+03 -4.54628049219778668E-09  2.62426460828693651E-09
 -3.68000000000000000E+03 -4.41198664174790884E-09  3.09089005852487901E-09
 -3.66666666666666652E+03 -4.51805290681563388E-09  2.85769822530732161E-09
 -3.65333333333333348E+03 -4.30735783002827009E-09  3.46717732751833110E-09
 -3.64000000000000000E+03 -4.48908545087918510E-09  3.23360657057564097E-09
 -3.62666666666666652E+03 -4.23710922593101972E-09  3.93769928461697710E-09
 -3.61333333333333348E+03 -4.51795618545542811E-09  3.61453255463945041E-09
 -3.60000000000000000E+03 -4.25499426575431125E-09  4.34867982944399379E-09
 -3.58666666666666652E+03 -4.64488707877275544E-09  3.85946747496359468E-09
 -3.57333333333333348E+03 -4.37893046855949693E-09  4.55415741840944335E-09
 -3.56000000000000000E+03 -4.87380048226380715E-09  3.87705350816606705E-09
 -3.54666666666666652E+03 -4.58603030887640011E-09  4.47539241749523860E-09
 -3.53333333333333348E+03 -5.17003209772797353E-09  3.65710080341533979E-09
 -3.52000000000000000E+03 -4.81960715524949164E-09  4.14099097577800854E-09
 -3.50666666666666652E+03 -5.47840148135025779E-09  3.27386308629304635E-09
 -3.49333333333333348E+03 -5.00481089176948599E-09  3.68305040165602814E-09
 -3.48000000000000000E+03 -5.75151471033653328E-09  2.86588006509376362E-09
 -3.46666666666666652E+03 -5.07346103827637486E-09  3.28451949709084093E-09
 -3.45333333333333348E+03 -5.96905812547391109E-09  2.59719080502342779E-09
 -3.44000000000000000E+03 -4.99523166726391496E-09  3.10254200094186438E-09
 -3.42666666666666652E+03 -6.13775346244574139E-09  2.60245882567533482E-09
 -3.41333333333333348E+03 -4.79950892796083280E-09  3.20715095925663074E-09
 -3.40000000000000000E+03 -6.28108585296758426E-09  2.92841022905345124E-09
 -3.38666666666666652E+03 -4.56649990577447079E-09  3.55976124211060330E-09
 -3.37333333333333348E+03 -6.43459730886419406E-09  3.50170306862588327E-09
 -3.36000000000000000E+03 -4.38455518044263431E-09  4.02713213959601941E-09
 -3.34666666666666652E+03 -6.64587776454788467E-09  4.15339913059197946E-09
 -3.33333333333333348E+03 -4.30294719346070738E-09  4.41485963572651472E-09
 -3.32000000000000000E+03 -6.95968679706940765E-09  4.69683264998364273E-09
 -3.30666666666666652E+03 -4.31971980687230751E-09  4.51765111731487044E-09
 -3.29333333333333348E+03 -7.37939484968008499E-09  5.01271309285182972E-09
 -3.28000000000000000E+03 -4.41192490868708151E-09  4.19230595611529863E-09
 -3.26666666666666652E+03 -7.83355842944284942E-09  5.08916702965293726E-09
 -3.25333333333333348E+03 -4.56940769873111108E-09  3.43511413061593578E-09
 -3.24000000000000000E+03 -8.19499074438822586E-09  5.00823367023543607E-09
 -3.22666666666666652E+03 -4.78869413089244137E-09  2.40863727440787519E-09
 -3.21333333333333348E+03 -8.36053930717540464E-09  4.91686965598392143E-09
 -3.20000000000000000E+03 -5.03595393582038948E-09  1.37126579990314053E-09
 -3.18666666666666652E+03 -8.32968243785641752E-09  5.01115720444308964E-09
 -3.17333333333333348E+03 -5.24091262915088440E-09  5.37964206180729381E-10
 -3.16000000000000000E+03 -8.19894289916228060E-09  5.50564905500962625E-09
 -3.14666666666666652E+03 -5.36273235994640233E-09 -2.31977998799169412E-11
 -3.13333333333333348E+03 -8.06263345556081655E-09  6.53919182036929425E-09
 -3.12000000000000000E+03 -5.47665845279621242E-09 -3.75817228137205046E-10
 -3.10666666666666652E+03 -7.91689855893783767E-09  8.04585671261653957E-09
 -3.09333333333333348E+03 -5.77050793765054700E-09 -6.26043648971447299E-10
 -3.08000000000000000E+03 -7.67566557785092685E-09  9.72772325488013048E-09
 -3.06666666666666652E+03 -6.41401296930516338E-09 -9.00733872899803568E-10
 -3.05333333333333348E+03 -7.27931669304072460E-09  1.12412182927607217E-08
 -3.04000000000000000E+03 -7.42153417579130269E-09 -1.44451280954701368E-09
 -3.02666666666666652E+03 -6.74731615982652914E-09  1.24909180624862784E-08
 -3.01333333333333348E+03 -8.67207221775501960E-09 -2.66657787455847689E-09
 -3.00000000000000000E+03 -6.08628766258485215E-09  1.37228472918929873E-08
 -2.98666666666666652E+03 -1.00724538257162990E-08 -4.91042095514247762E-09
 -2.97333333333333348E+03 -5.18218400823333853E-09  1.52360904087607499E-08
 -2.96000000000000000E+03 -1.16473227925033402E-08 -8.02073825442411721E-09
 -2.94666666666666652E+03 -3.87600311286118574E-09  1.69685303115731324E-08
 -2.93333333333333348E+03 -1.34280533800365981E-08 -1.11643694377575791E-08
 -2.92000000000000000E+03 -2.16438254025436762E-09  1.84614963637851676E-08
 -2.90666666666666652E+03 -1.53470343481724555E-08 -1.32712317184772061E-08
 -2.89333333333333348E+03 -1.87990524048510040E-10  1.93358972761519534E-08
 -2.88000000000000000E+03 -1.74367877906974121E-08 -1.38103040059411240E-08
 -2.86666666666666652E+03  2.13607371591034923E-09  1.97466238987394750E-08
 -2.85333333333333348E+03 -2.01993066250660371E-08 -1.31269582956222184E-08
 -2.84000000000000000E+03  5.41034253693030824E-09  2.01996173905707128E-08
 -2.82666666666666652E+03 -2.45512305893777602E-08 -1.19786232695857037E-08
 -2.81333333333333348E+03  1.03939451706999915E-08  2.08943661437386217E-08
 -2.80000000000000000E+03 -3.10509740816521989E-08 -1.08589213938533925E-08
 -2.78666666666666652E+03  1.71085887535263818E-08  2.14622276559310383E-08
 -2.77333333333333348E+03 -3.90528335210122973E-08 -9.95998786589553091E-09
 -2.76000000000000000E+03  2.43808549767981448E-08  2.15428504501693429E-08
 -2.74666666666666652E+03 -4.68258891706169396E-08 -9.70311942974394504E-09
 -2.73333333333333348E+03  3.05478800174676902E-08  2.14649470410302200E-08
 -2.72000000000000000E+03 -5.27831946277036446E-08 -1.08328799634331095E-08
 -2.70666666666666652E+03  3.47979931998876650E-08  2.19568227547939037E-08
 -2.69333333333333348E+03 -5.67205939455607476E-08 -1.35065150426499277E-08
 -2.68000000000000000E+03  3.78355125667164448E-08  2.29528722320569639E-08
 -2.66666666666666652E+03 -5.98831726136093773E-08 -1.62278491368043009E-08
 -2.65333333333333348E+03  4.12172608322117645E-08  2.28567249209497891E-08
 -2.64000000000000000E+03 -6.38457947941860144E-08 -1.61010311266840902E-08
 -2.62666666666666652E+03  4.60226881116574392E-08  1.94557843657477476E-08
 -2.61333333333333348E+03 -6.93163399925982284E-08 -1.08210511581523616E-08
 -2.60000000000000000E+03  5.21692708498042162E-08  1.20637101020410499E-08
 -2.58666666666666652E+03 -7.60698008350229677E-08 -9.28955242542002493E-10
 -2.57333333333333348E+03  5.91699474822534368E-08  2.77703640408993110E-09
 -2.56000000000000000E+03 -8.41758967506355740E-08  1.02021436370755143E-08
 -2.54666666666666697E+03  6.76235585595775550E-08 -5.30998495011137679E-09
 -2.53333333333333303E+03 -9.50030195397740583E-08  1.98193955533771169E-08
 -2.52000000000000000E+03  7.93064958327654758E-08 -1.23495921143295992E-08
 -2.50666666666666697E+03 -1.09921838764691833E-07  2.99980125057370144E-08
 -2.49333333333333303E+03  9.45899933663906027E-08 -2.39551758670776491E-08
 -2.48000000000000000E+03 -1.27056544610914874E-07  4.71838994395447177E-08
 -2.46666666666666697E+03  1.09498602184990188E-07 -4.68378119998818309E-08
 -2.45333333333333303E+03 -1.40051103311557264E-07  7.50277157272131889E-08
 -2.44000000000000000E+03  1.16975372114001939E-07 -7.99796627097949721E-08
 -2.42666666666666697E+03 -1.42362323029836333E-07  1.06894471159054066E-07
 -2.41333333333333303E+03  1.13270960677404722E-07 -1.11081074502137255E-07
 -2.40000000000000000E+03 -1.34292888184245483E-07  1.28439510456633397E-07
 -2.38666666666666697E+03  1.03137794473755997E-07 -1.26062388454557596E-07
 -2.37333333333333303E+03 -1.24201009795022048E-07  1.32153223583019574E-07
 -2.36000000000000000E+03  9.56140403550774800E-08 -1.25602997620672503E-07
 -2.34666666666666697E+03 -1.19034755316556387E-07  1.30245306641462456E-07
 -2.33333333333333303E+03  9.16869601329678867E-08 -1.30116159604987611E-07
 -2.32000000000000000E+03 -1.12973129066040532E-07  1.47719379630229199E-07
 -2.30666666666666697E+03  7.90367008271517789E-08 -1.61589228338117538E-07
 -2.29333333333333303E+03 -9.19466646618640754E-08  1.96569111430547453E-07
 -2.28000000000000000E+03  4.77908548038020738E-08 -2.18067183600800461E-07
 -2.26666666666666697E+03 -5.72627655631629997E-08  2.59564335332395612E-07
 -2.25333333333333303E+03  1.48505285206565498E-08 -2.74001771912660382E-07
 -2.24000000000000000E+03 -4.05712589739912971E-08  3.10089114451055005E-07
 -2.22666666666666697E+03  2.04883498670750504E-08 -3.14664314835601568E-07
 -2.21333333333333303E+03 -7.79413295383220870E-08  3.51148938125056027E-07
 -2.20000000000000000E+03  8.32100956727733512E-08 -3.64833383823860887E-07
 -2.18666666666666697E+03 -1.57295428416927137E-07  4.22050049558864837E-07
 -2.17333333333333303E+03  1.56138058920890372E-07 -4.66656592061477489E-07
 -2.16000000000000000E+03 -2.00787120724531438E-07  5.51592326446092282E-07
 -2.14666666666666697E+03  1.45685916746775042E-07 -6.20716234046769307E-07
 -2.13333333333333303E+03 -1.20502020412593477E-07  7.06084198433053497E-07
 -2.12000000000000000E+03 -7.12675281648341303E-09 -7.60340518770756959E-07
 -2.10666666666666697E+03  9.46648018536402149E-08  8.02929091624098999E-07
 -2.09333333333333303E+03 -2.58404550000647741E-07 -8.07827537306799741E-07
 -2.08000000000000000E+03  3.51009549426263795E-07  7.98364080380535150E-07
 -2.06666666666666697E+03 -4.86355717563809373E-07 -7.72208487890755168E-07
 -2.05333333333333303E+03  5.28220415502660609E-07  7.63811447862983017E-07
 -2.04000000000000000E+03 -6.07268057311065601E-07 -7.74025956675838110E-07
 -2.02666666666666697E+03  6.05261199287411001E-07  8.36334356146671429E-07
 -2.01333333333333303E+03 -6.74524832959480422E-07 -9.19252094107501400E-07
 -2.00000000000000000E+03  6.98165087309299828E-07  1.03937099695197417E-06
 -1.98666666666666697E+03 -8.33184551636035655E-07 -1.11676749554383325E-06
 -1.97333333333333303E+03  9.33945760795284045E-07  1.16379683469873541E-06
 -1.96000000000000000E+03 -1.14452307624842700E-06 -1.08539490599973336E-06
 -1.94666666666666697E+03  1.28150747395986667E-06  9.36772416786744602E-07
 -1.93333333333333303E+03 -1.48853034728627457E-06 -6.68772071224747667E-07
 -1.92000000000000000E+03  1.57630520658439459E-06  4.11054317503983976E-07
 -1.90666666666666697E+03 -1.72531086400574611E-06 -1.78321940633432223E-07
 -1.89333333333333303E+03  1.78067233676999316E-06  1.27258869911785959E-07
 -1.88000000000000000E+03 -1.96914223342326969E-06 -2.67874803434657003E-07
 -1.86666666666666697E+03  2.15844608160261326E-06  6.69316735328740080E-07
 -1.85333333333333303E+03 -2.56284076062123206E-06 -1.24236994320046483E-06
 -1.84000000000000000E+03  3.00222383403694936E-06  1.90300013860343062E-06
 -1.82666666666666697E+03 -3.60015065967303598E-06 -2.47126652250233443E-06
 -1.81333333333333303E+03  4.08976705631044110E-06  2.80368602965269604E-06
 -1.80000000000000000E+03 -4.52230261525731479E-06 -2.78089103581588089E-06
 -1.78666666666666697E+03  4.63085263198879641E-06  2.39361743748021038E-06
 -1.77333333333333303E+03 -4.54307909531388145E-06 -1.72050646062892748E-06
 -1.76000000000000000E+03  4.14508490734414855E-06  9.54096423509288031E-07
 -1.74666666666666697E+03 -3.76525347230136582E-06 -2.80442801341078712E-07
 -1.73333333333333303E+03  3.45033447224679864E-06 -1.01113887664406452E-07
 -1.72000000000000000E+03 -3.61899227989234502E-06  1.88047447834551675E-07
 -1.70666666666666697E+03  4.22316432517948940E-06 -3.38086025836700626E-08
 -1.69333333333333303E+03 -5.46032930031732314E-06 -3.64057328875633770E-08
 -1.68000000000000000E+03  6.89774244950874596E-06 -2.28654189087732180E-07
 -1.66666666666666697E+03 -8.37778850034457456E-06  1.20022026479059492E-06
 -1.65333333333333303E+03  9.19225443736537683E-06 -2.91430410163145516E-06
 -1.64000000000000000E+03 -9.19485534768955318E-06  5.33819065009761520E-06
 -1.62666666666666697E+03  7.96622777297624571E-06 -8.02361887196681705E-06
 -1.61333333333333303E+03 -5.93621105913537239E-06  1.05148495197138873E-05
 -1.60000000000000000E+03  3.36551482593368071E-06 -1.22062670607895133E-05
 -1.58666666666666697E+03 -1.25955999504392715E-06  1.27541030809190838E-05
 -1.57333333333333303E+03  1.44078386925460521E-07 -1.20000964666706284E-05
 -1.56000000000000000E+03 -8.21117211343453362E-07  1.01393072573808193E-05
 -1.54666666666666697E+03  3.20137674039609280E-06 -7.54951069941637964E-06
 -1.53333333333333303E+03 -7.18238887999214159E-06  4.67804593201769378E-06
 -1.52000000000000000E+03  1.18024550048024069E-05 -1.85330976290071933E-06
 -1.50666666666666697E+03 -1.63621581294177463E-05 -8.30523107439556944E-07
 -1.49333333333333394E+03  1.97821681550206336E-05  3.51680468500929014E-06
 -1.48000000000000000E+03 -2.17380059121907276E-05 -6.44549867311338649E-06
 -1.46666666666666697E+03  2.18252008014331579E-05  9.82482594407282580E-06
 -1.45333333333333394E+03 -2.04908940728313665E-05 -1.35323991436730356E-05
 -1.44000000000000000E+03  1.78511462735965972E-05  1.71972920062188857E-05
 -1.42666666666666697E+03 -1.45997204372219138E-05 -1.99816953355525240E-05
 -1.41333333333333394E+03  1.06958399561739626E-05  2.10388040408090786E-05
 -1.40000000000000000E+03 -6.57655685345246884E-06 -1.93434238003233778E-05
 -1.38666666666666697E+03  1.89021941260706770E-06  1.43070124229428628E-05
 -1.37333333333333394E+03  2.95331743688478213E-06 -5.48311024380274759E-06
 -1.36000000000000000E+03 -8.09240390244602106E-06 -6.89077428274073184E-06
 -1.34666666666666697E+03  1.25881134163288497E-05  2.22671844976916083E-05
 -1.33333333333333394E+03 -1.59820976493168353E-05 -3.93750726831405069E-05
 -1.32000000000000000E+03  1.69173112631395179E-05  5.65872463792941354E-05
 -1.30666666666666697E+03 -1.50056753372522354E-05 -7.18223099784026647E-05
 -1.29333333333333394E+03  9.70188154841010689E-06  8.30584271016625661E-05
 -1.28000000000000000E+03 -2.08361989553460708E-06 -8.87291306321981845E-05
 -1.26666666666666697E+03 -6.49626984503867187E-06  8.82906712453104846E-05
 -1.25333333333333394E+03  1.32480984841587969E-05 -8.26304565651010334E-05
 -1.24000000000000000E+03 -1.57653116089136761E-05  7.40268610675750427E-05
 -1.22666666666666697E+03  1.13185681107996000E-05 -6.57505939680516491E-05
 -1.21333333333333394E+03  1.19687041857853640E-06  6.11154528642288510E-05
 -1.20000000000000000E+03 -2.20676808757131550E-05 -6.23471832128016782E-05
 -1.18666666666666697E+03  4.89650117523896799E-05  6.96883665990309317E-05
 -1.17333333333333394E+03 -7.83192579546374072E-05 -8.08417399966824684E-05
 -1.16000000000000000E+03  1.04022508730548222E-04  9.18210466699470959E-05
 -1.14666666666666697E+03 -1.20140067360797873E-04 -9.81676637726267720E-05
 -1.13333333333333394E+03  1.20672495399681373E-04  9.76134790451226774E-05
 -1.12000000000000000E+03 -1.03767503523319066E-04 -9.13294407717458767E-05
 -1.10666666666666697E+03  7.13783496399848181E-05  8.48513928287536343E-05
 -1.09333333333333394E+03 -3.22046761581147334E-05 -8.56119661934050453E-05
 -1.08000000000000000E+03 -2.41774777786342954E-06  1.00029624141427954E-04
 -1.06666666666666697E+03  1.97501363426495378E-05 -1.29303256172896445E-04
 -1.05333333333333394E+03 -1.29347107202891719E-05  1.68279772130619309E-04
 -1.04000000000000000E+03 -1.83166957023470550E-05 -2.06779365075748339E-04
 -1.02666666666666697E+03  6.51227815864662603E-05  2.34489428802086203E-04
 -1.01333333333333394E+03 -1.15649890600249056E-04 -2.46090940013239960E-04
 -1.00000000000000000E+03  1.58386522583572686E-04  2.44292530550278852E-04
 -9.86666666666666970E+02 -1.89416331641528262E-04 -2.38832965916717778E-04
 -9.73333333333333940E+02  2.11842600677162614E-04  2.41615973273724265E-04
 -9.60000000000000000E+02 -2.35875584160247763E-04 -2.60878095233022943E-04
 -9.46666666666666970E+02  2.71940086140037677E-04  2.96687686410199364E-04
 -9.33333333333333940E+02 -3.27708414570373758E-04 -3.40178462163441748E-04
 -9.20000000000000000E+02  4.01932264163778390E-04  3.76427233046009444E-04
 -9.06666666666666970E+02 -4.85480261956746869E-04 -3.89670950437978592E-04
 -8.93333333333333940E+02  5.60430015973541716E-04  3.69770489984883402E-04
 -8.80000000000000000E+02 -6.08253519288865603E-04 -3.16388347218118807E-04
 -8.66666666666666970E+02  6.14323235254569250E-04  2.40868768956126677E-04
 -8.53333333333333940E+02 -5.79086362146723449E-04 -1.61978597780879687E-04
 -8.40000000000000000E+02  5.17506049806277200E-04  1.00342664019745164E-04
 -8.26666666666666970E+02 -4.60428120786667103E-04 -7.19189640700388863E-05
 -8.13333333333333940E+02  4.41343346237216001E-04  8.87924607687629334E-05
 -8.00000000000000000E+02 -4.91067173068701602E-04 -1.62910003188168612E-04
 -7.86666666666666970E+02  6.23446261516555095E-04  3.09919003530416816E-04
 -7.73333333333333940E+02 -8.33387062074732177E-04 -5.40988549615950792E-04
 -7.60000000000000000E+02  1.08494393821086869E-03  8.44355893111228394E-04
 -7.46666666666666970E+02 -1.31346502018042611E-03 -1.16699127048904851E-03
 -7.33333333333333940E+02  1.42705029752141573E-03  1.41748392235796212E-03
 -7.20000000000000000E+02 -1.33635450716621776E-03 -1.49995300719739724E-03
 -7.06666666666666970E+02  9.91265840539647721E-04  1.36532878222456731E-03
 -6.93333333333333940E+02 -4.29587025870972457E-04 -1.04795011771675645E-03
 -6.80000000000000000E+02 -2.08358230252179478E-04  6.57910459976095781E-04
 -6.66666666666666970E+02  6.97567012279438708E-04 -3.31299240353817755E-04
 -6.53333333333333940E+02 -7.90974732077763813E-04  1.71577459344746580E-04
 -6.40000000000000000E+02  2.81783325582475933E-04 -2.18935836814230882E-04
 -6.26666666666666970E+02  9.28127240242621315E-04  4.52718044660459587E-04
 -6.13333333333333940E+02 -2.77033430364488718E-03 -7.91064275387279455E-04
 -6.00000000000000000E+02  4.93182326893653288E-03  1.07780623657097391E-03
 -5.86666666666666970E+02 -6.84315513100865278E-03 -1.10381239827009618E-03
 -5.73333333333333940E+02  7.79325130008295258E-03  7.22809294152885356E-04
 -5.60000000000000000E+02 -7.21873338477404657E-03 -1.33882749495023692E-06
 -5.46666666666666970E+02  4.99654625165238484E-03 -7.28071125479314387E-04
 -5.33333333333333940E+02 -1.61321858244264579E-03  1.01217969219838692E-03
 -5.20000000000000000E+02 -1.95124856762485927E-03 -5.49627460669228907E-04
 -5.06666666666666970E+02  4.55059110979874268E-03 -5.77175898359575616E-04
 -4.93333333333333940E+02 -5.35116651088765865E-03  1.88638006081515933E-03
 -4.80000000000000000E+02  4.19281042602407533E-03 -2.72777111286041755E-03
 -4.66666666666666970E+02 -1.70740631675846979E-03  2.65455255928346559E-03
 -4.53333333333333940E+02 -9.73877567089866114E-04 -1.71013943559359771E-03
 -4.40000000000000000E+02  2.74091277402823026E-03  4.44997518830412696E-04
 -4.26666666666666970E+02 -3.06005744502000450E-03  3.89699367731554649E-04
 -4.13333333333333940E+02  2.18148986248211914E-03 -2.88626810698299451E-04
 -4.00000000000000000E+02 -9.48364254838939490E-04 -6.94764718554065699E-04
 -3.86666666666666970E+02  2.52393033978797106E-04  2.00680526619537083E-03
 -3.73333333333333940E+02 -5.33252557574192447E-04 -2.96377273072702743E-03
 -3.60000000000000000E+02  1.54419189321364746E-03  3.19337298166750020E-03
 -3.46666666666666970E+02 -2.56953194874086095E-03 -2.79138227560712070E-03
 -3.33333333333333940E+02  2.88091076141563538E-03  2.14334689142505613E-03
 -3.20000000000000000E+02 -2.21783652511652442E-03 -1.54992947371932898E-03
 -3.06666666666666970E+02  9.50492717587567105E-04  1.03130486938689909E-03
 -2.93333333333333940E+02  1.41359169181473030E-04 -3.83142904449791752E-04
 -2.80000000000000000E+02 -4.26407164511658431E-04 -5.87484553999232111E-04
 -2.66666666666666970E+02 -5.55423573592038177E-05  1.95886553575868845E-03
 -2.53333333333333940E+02  4.99917122773031112E-04 -3.70948526583218504E-03
 -2.40000000000000000E+02  9.38252489128387358E-05  5.72412978556538065E-03
 -2.26666666666666970E+02 -1.97420817497530364E-03 -7.61610445162577438E-03
 -2.13333333333333940E+02  4.10280512355403002E-03  8.60398143202913135E-03
 -2.00000000000000000E+02 -4.63524184531090983E-03 -7.83108406120570054E-03
 -1.86666666666666970E+02  2.35976663498946694E-03  5.10979672666955591E-03
 -1.73333333333333940E+02  2.09677011775282916E-03 -1.48885182866605095E-03
 -1.60000000000000000E+02 -6.21258166363599599E-03 -1.21463473754552685E-03
 -1.46666666666666970E+02  7.05548966614897004E-03  1.68663211811853966E-03
 -1.33333333333333940E+02 -3.20794293951624353E-03 -2.53220428371380812E-04
 -1.20000000000000000E+02 -3.59104760634145316E-03 -1.37998692615455055E-03
 -1.06666666666666970E+02  8.49583401691988288E-03  1.39789640377299424E-03
 -9.33333333333339397E+01 -6.13613622136376970E-03  6.45073167229772153E-04
 -8.00000000000000000E+01 -3.11720440541001908E-03 -3.46796308333194433E-03
 -6.66666666666669698E+01  7.80242669993964910E-03  4.78944129676979816E-03
 -5.33333333333339397E+01  9.59511685693053250E-03 -3.24826120745941955E-03
 -4.00000000000000000E+01 -5.69970584987441881E-02 -2.41221074278481112E-04
 -2.66666666666669698E+01  1.33023433343942399E-01  3.53981683067680804E-03
 -1.33333333333339397E+01 -2.32958439437543824E-01 -4.82747532370282444E-03
  0.00000000000000000E+00  3.00959323454539518E-01  5.57508130164150579E-04
  1.33333333333333321E+01 -2.55154226098373460E-01  8.15763507519495085E-03
  2.66666666666666643E+01  1.29907210973716630E-01 -9.84196631633602742E-03
  4.00000000000000000E+01 -2.62481088704458916E-02 -2.43498466535279950E-04
  5.33333333333333286E+01 -1.97439053469146697E-02  1.20720371854518664E-02
  6.66666666666666572E+01  2.27145677227034923E-02 -1.56400781079388679E-02
  8.00000000000000000E+01 -6.15653900062389584E-03  1.02780788834510341E-02
  9.33333333333333286E+01 -9.53987385363276597E-03 -1.75154229638855674E-03
  1.06666666666666657E+02  1.39978012321626388E-02 -4.10826540388306832E-03
  1.19999999999999986E+02 -8.65724448785812860E-03  5.22792019938395948E-03
  1.33333333333333314E+02  9.04912212477140061E-04 -3.33490412486368241E-03
  1.46666666666666657E+02  3.47509361964368560E-03  1.39824536214050725E-03
  1.60000000000000000E+02 -3.50135459725098427E-03 -9.81515198127651733E-04
  1.73333333333333314E+02  1.47127647225881310E-03  1.58643591729680056E-03
  1.86666666666666657E+02  2.60653992617952040E-04 -1.86788240313315247E-03
  1.99999999999999972E+02 -9.81676950954227592E-04  1.14699613166026901E-03
  2.13333333333333314E+02  1.26908104203447966E-03  2.06426945643270725E-04
  2.26666666666666657E+02 -1.69366602341407117E-03 -1.36927789237433015E-03
  2.39999999999999972E+02  2.15280270411739513E-03  1.85642865578276471E-03
  2.53333333333333314E+02 -2.16694946589568796E-03 -1.72974924746124121E-03
  2.66666666666666629E+02  1.52381496003587747E-03  1.36017334419485762E-03
  2.80000000000000000E+02 -5.12094425631150164E-04 -1.04261632042477927E-03
  2.93333333333333314E+02 -4.04112998503613487E-04  8.66588253918280991E-04
  3.06666666666666629E+02  9.53162502792149840E-04 -7.54418794221852320E-04
  3.20000000000000000E+02 -1.17981789514753042E-03  5.97529235882596189E-04
  3.33333333333333314E+02  1.21225603643283818E-03 -3.08512709334676381E-04
  3.46666666666666629E+02 -1.11999715723834340E-03 -1.43140114676094455E-04
  3.59999999999999943E+02  8.65672774434973020E-04  7.22540967795755676E-04
  3.73333333333333314E+02 -4.84177475920675722E-04 -1.30322608522350099E-03
  3.86666666666666629E+02  9.42752488100191520E-05  1.69871431608596300E-03
  3.99999999999999943E+02  1.19468042096902152E-04 -1.74315252916684509E-03
  4.13333333333333314E+02 -1.02066332775958192E-04  1.39541064123261966E-03
  4.26666666666666629E+02 -6.14660756874569231E-05 -7.77803892877158148E-04
  4.39999999999999943E+02  1.54880938594104952E-04  1.17113415645297872E-04
  4.53333333333333314E+02 -2.14483296626131616E-05  3.76902215811315193E-04
  4.66666666666666629E+02 -3.81391305110295666E-04 -6.13814323064130205E-04
  4.79999999999999943E+02  9.26195750693165282E-04  6.34973769035943481E-04
  4.93333333333333314E+02 -1.43882187009314560E-03 -5.46626695310299931E-04
  5.06666666666666629E+02  1.75637901731393324E-03  4.24495051646129045E-04
  5.20000000000000000E+02 -1.82505153482987858E-03 -2.75614536920947516E-04
  5.33333333333333258E+02  1.65940010557089480E-03  7.04656490946124883E-05
  5.46666666666666629E+02 -1.32665687197450546E-03  1.80382806579677487E-04
  5.60000000000000000E+02  8.82701554491833475E-04 -3.94980047013101328E-04
  5.73333333333333258E+02 -3.98102413199161089E-04  4.59229503406672430E-04
  5.86666666666666629E+02 -3.53833970239174686E-05 -3.15006489026102760E-04
  6.00000000000000000E+02  3.01591744627847751E-04  5.49928000433671244E-06
  6.13333333333333258E+02 -3.27771813285003338E-04  3.53395329509432110E-04
  6.26666666666666629E+02  1.40238146239537347E-04 -6.45219545042160971E-04
  6.40000000000000000E+02  1.51932308899262175E-04  8.02065180541599492E-04
  6.53333333333333258E+02 -4.27083178942796917E-04 -8.06117313227259200E-04
  6.66666666666666629E+02  6.31315664290204573E-04  6.78012880030824769E-04
  6.79999999999999886E+02 -7.59488093647499481E-04 -4.63344466487030184E-04
  6.93333333333333258E+02  8.35365625472415528E-04  2.30664068639570887E-04
  7.06666666666666629E+02 -8.53835701279807499E-04 -4.47764403323497854E-05
  7.19999999999999886E+02  8.20844947893092404E-04 -5.24978200315399753E-05
  7.33333333333333258E+02 -7.34127226789889386E-04  6.64455219520771590E-05
  7.46666666666666629E+02  6.27744615920952545E-04 -2.99244997898880915E-05
  7.59999999999999886E+02 -5.12953733380429322E-04 -9.95445011279559054E-06
  7.73333333333333258E+02  4.15611773146996053E-04  2.71774701458603371E-05
  7.86666666666666629E+02 -3.23172964441444230E-04 -1.04159379558700818E-05
  7.99999999999999886E+02  2.48880071945142324E-04 -2.72495185351690497E-05
  8.13333333333333258E+02 -1.79220232402132026E-04  7.51535707129335128E-05
  8.26666666666666629E+02  1.34614844155684504E-04 -1.13727732408574521E-04
  8.39999999999999886E+02 -1.01397933089037085E-04  1.35128455989001072E-04
  8.53333333333333258E+02  9.36184667821644861E-05 -1.22704556471611151E-04
  8.66666666666666629E+02 -8.75227364036730327E-05  7.41968883632855141E-05
  8.79999999999999886E+02  9.24950975866647160E-05  1.50246265915950200E-05
  8.93333333333333258E+02 -8.60606169208431046E-05 -1.23841689834644616E-04
  9.06666666666666629E+02  8.22350633741402332E-05  2.28635710650880762E-04
  9.19999999999999886E+02 -6.23302662535234008E-05 -2.88375778867025294E-04
  9.33333333333333258E+02  4.10694103180452702E-05  2.82974317152663796E-04
  9.46666666666666629E+02 -2.03815031321877537E-06 -2.03068229509881465E-04
  9.59999999999999886E+02 -3.57313040830135509E-05  7.62038310669071209E-05
  9.73333333333333258E+02  7.88134497448013025E-05  6.47743363022772726E-05
  9.86666666666666629E+02 -1.02120881917942976E-04 -1.77716293804680228E-04
  9.99999999999999886E+02  1.10637181653288296E-04  2.46298756771000458E-04
  1.01333333333333326E+03 -9.05710750139964360E-05 -2.67019005765578837E-04
  1.02666666666666652E+03  6.02890038741466276E-05  2.59968223164687158E-04
  1.04000000000000000E+03 -2.07011986668375251E-05 -2.42199896182516045E-04
  1.05333333333333326E+03 -8.50947223734776843E-06  2.29928381046168399E-04
  1.06666666666666652E+03  3.13119845336367984E-05 -2.24169794654548220E-04
  1.08000000000000000E+03 -4.23091710418744616E-05  2.21521001666645631E-04
  1.09333333333333326E+03  5.29440988728165706E-05 -2.13922501509065602E-04
  1.10666666666666652E+03 -6.19591675133403648E-05  1.96951822439357861E-04
  1.12000000000000000E+03  7.35919333903204185E-05 -1.70046242792072855E-04
  1.13333333333333326E+03 -8.10042337222155034E-05  1.35158116426256842E-04
  1.14666666666666652E+03  8.23168084474254350E-05 -9.73315215847176166E-05
  1.16000000000000000E+03 -7.41179210091125445E-05  5.88611624991139618E-05
  1.17333333333333326E+03  5.90820005289473501E-05 -2.37670576272502393E-05
  1.18666666666666652E+03 -4.14635222945680204E-05 -8.90497079900990767E-06
  1.20000000000000000E+03  2.52315299603882088E-05  3.61694673718225641E-05
  1.21333333333333326E+03 -1.38995233730080236E-05 -5.88189176806885243E-05
  1.22666666666666652E+03  6.30369524009210211E-06  7.29607500411175722E-05
  1.24000000000000000E+03 -3.00468055483927093E-06 -8.09738354090198872E-05
  1.25333333333333326E+03  2.06560608807494455E-07  8.23539098990767545E-05
  1.26666666666666652E+03  9.58165914734700719E-07 -8.24971132777508199E-05
  1.28000000000000000E+03 -3.73182753935405898E-06  8.14652973249857786E-05
  1.29333333333333326E+03  5.67383661038690625E-06 -8.23961829727175592E-05
  1.30666666666666652E+03 -9.79518542475498281E-06  8.23431911894515124E-05
  1.31999999999999977E+03  1.29635856123949932E-05 -8.20412377241400923E-05
  1.33333333333333326E+03 -1.74448103039622998E-05  7.84985213970563280E-05
  1.34666666666666652E+03  1.90617724563201634E-05 -7.37116957809112793E-05
  1.35999999999999977E+03 -1.98182757252120399E-05  6.67210930072410557E-05
  1.37333333333333326E+03  1.64687441146753293E-05 -6.02916947412711948E-05
  1.38666666666666652E+03 -1.26659860727932801E-05  5.34138616211523473E-05
  1.39999999999999977E+03  6.78167467062831001E-06 -4.78022126107996399E-05
  1.41333333333333326E+03 -2.78418371843300110E-06  4.19270224138251025E-05
  1.42666666666666652E+03 -1.47196234298849447E-06 -3.71532773905432217E-05
  1.43999999999999977E+03  3.36275567578435723E-06  3.22976744402675696E-05
  1.45333333333333326E+03 -5.69223110608141625E-06 -2.86987878178376780E-05
  1.46666666666666652E+03  6.29414510064738826E-06  2.51842275603449383E-05
  1.47999999999999977E+03 -7.54617068499067514E-06 -2.25622702744337659E-05
  1.49333333333333326E+03  7.27883617562326561E-06  1.94739751668173505E-05
  1.50666666666666652E+03 -7.61231938353778170E-06 -1.65790403811974720E-05
  1.51999999999999977E+03  6.78466066384095099E-06  1.30243363190442076E-05
  1.53333333333333326E+03 -6.90744993586485337E-06 -9.91144579278368142E-06
  1.54666666666666652E+03  6.49342732597285405E-06  6.87774414484922874E-06
  1.55999999999999977E+03 -7.30347062455628782E-06 -4.89714223374268217E-06
  1.57333333333333326E+03  7.68044056301251158E-06  3.25835998825753076E-06
  1.58666666666666652E+03 -8.83559341415658991E-06 -2.35508412581973691E-06
  1.59999999999999977E+03  9.00172758937183958E-06  1.24898096347868871E-06
  1.61333333333333326E+03 -9.29086871010839105E-06 -4.01786201285007035E-07
  1.62666666666666652E+03  8.34902213676191192E-06 -7.53542641057613971E-07
  1.63999999999999977E+03 -7.61481007830751092E-06  1.46340934726372960E-06
  1.65333333333333326E+03  6.15077528707084189E-06 -2.21492575996774670E-06
  1.66666666666666652E+03 -5.38583213173577088E-06  2.42851302966812419E-06
  1.67999999999999977E+03  4.28570731654738760E-06 -2.81366396824488358E-06
  1.69333333333333326E+03 -3.91899096986656875E-06  2.91020760356922165E-06
  1.70666666666666652E+03  3.11605395683583259E-06 -3.34293837845331963E-06
  1.71999999999999977E+03 -2.81701180678622163E-06  3.49667813637486143E-06
  1.73333333333333326E+03  2.01989708413600420E-06 -3.83342299941828319E-06
  1.74666666666666652E+03 -1.70256382241268490E-06  3.74945345892385354E-06
  1.75999999999999977E+03  1.00735097196649297E-06 -3.75963241961550066E-06
  1.77333333333333326E+03 -8.07863691889873258E-07  3.41299295910573656E-06
  1.78666666666666652E+03  2.66185206587043335E-07 -3.24361252257991524E-06
  1.79999999999999977E+03 -1.37408469082528659E-07  2.82729666842120048E-06
  1.81333333333333326E+03 -3.32845750032098057E-07 -2.59891527953368016E-06
  1.82666666666666652E+03  4.09968083971473303E-07  2.12363226467334675E-06
  1.83999999999999977E+03 -7.46873147827795556E-07 -1.79902319367052506E-06
  1.85333333333333326E+03  6.57705868673677885E-07  1.25178782124093259E-06
  1.86666666666666652E+03 -7.88153896057539872E-07 -9.04110517488524965E-07
  1.87999999999999977E+03  5.45863609067293758E-07  4.20592536915367989E-07
  1.89333333333333326E+03 -5.86522407370292824E-07 -2.07596350240113221E-07
  1.90666666666666652E+03  3.52619527232204522E-07 -1.01474391949617665E-07
  1.91999999999999977E+03 -4.51700781021919971E-07  1.38804805193893344E-07
  1.93333333333333326E+03  3.06963087222343573E-07 -3.04894697173595767E-07
  1.94666666666666652E+03 -4.68829440716400221E-07  2.41197025501460469E-07
  1.95999999999999977E+03  3.63737301801460460E-07 -3.48511001375584646E-07
  1.97333333333333326E+03 -5.18356263772726281E-07  2.57254919182627351E-07
  1.98666666666666652E+03  3.96945098005636657E-07 -3.50035739385867849E-07
  1.99999999999999977E+03 -5.09861177799813053E-07  2.54581641085891223E-07
  2.01333333333333326E+03  3.62038880974604254E-07 -3.31767495008250344E-07
  2.02666666666666652E+03 -4.31611501434393571E-07  2.25342074682018817E-07
  2.03999999999999977E+03  2.58252518417835849E-07 -2.74847672567524385E-07
  2.05333333333333303E+03 -2.81089834849931247E-07  1.54763267547726639E-07
  2.06666666666666652E+03  7.57645198780142685E-08 -1.83755318539323992E-07
  2.08000000000000000E+03 -4.87846686542241376E-08  6.97516257713886478E-08
  2.09333333333333303E+03 -1.86931078449466744E-07 -1.08843245084159280E-07
  2.10666666666666652E+03  2.47212532525569837E-07  3.19081671929053684E-08
  2.12000000000000000E+03 -4.86546497932874572E-07 -1.11642536752009721E-07
  2.13333333333333303E+03  5.36181619362788841E-07  8.69455106780028234E-08
  2.14666666666666652E+03 -7.30793395690324680E-07 -2.12857194859402964E-07
  2.16000000000000000E+03  7.18078903251667755E-07  2.25777550214259029E-07
  2.17333333333333303E+03 -8.29300881718045778E-07 -3.73857189191460000E-07
  2.18666666666666652E+03  7.32036564145405606E-07  3.86637891311080420E-07
  2.20000000000000000E+03 -7.61153175094704411E-07 -5.15457600963490250E-07
  2.21333333333333303E+03  6.00600239391128619E-07  4.85400486307492344E-07
  2.22666666666666652E+03 -5.81556501969093506E-07 -5.57999759915949420E-07
  2.24000000000000000E+03  3.97454996743400974E-07  4.62621524696088730E-07
  2.25333333333333303E+03 -3.65330347179211569E-07 -4.71756799351451777E-07
  2.26666666666666652E+03  1.88258972222033934E-07  3.26980203806256280E-07
  2.28000000000000000E+03 -1.65015905365365173E-07 -3.01562615365772826E-07
  2.29333333333333303E+03  1.44174582114625691E-08  1.49953175078446096E-07
  2.30666666666666652E+03 -1.56854326152950097E-08 -1.29500944248273349E-07
  2.32000000000000000E+03 -9.41182815089559819E-08  5.28469236360972360E-09
  2.33333333333333303E+03  5.81369723999496057E-08 -8.74856093127133487E-09
  2.34666666666666652E+03 -1.24030131609991258E-07 -8.23958098931670078E-08
  2.36000000000000000E+03  5.75015805073657138E-08  5.95620508050308303E-08
  2.37333333333333303E+03 -9.35515031201383092E-08 -1.28692643198124502E-07
  2.38666666666666652E+03  1.41308934435913992E-08  9.46597103667238894E-08
  2.40000000000000000E+03 -4.19134496770787183E-08 -1.49350966307995163E-07
  2.41333333333333303E+03 -3.36019553893636032E-08  1.03664712059550343E-07
  2.42666666666666652E+03  4.82222459284338341E-10 -1.44431723921432305E-07
  2.44000000000000000E+03 -6.64755882976046755E-08  8.41130263209326263E-08
  2.45333333333333303E+03  2.62813671374963967E-08 -1.13307657719189071E-07
  2.46666666666666652E+03 -8.49163254744952097E-08  4.21503051474469210E-08
  2.48000000000000000E+03  4.04488753372781470E-08 -6.80141908740205854E-08
  2.49333333333333303E+03 -9.35064695899105616E-08 -4.13519092731774721E-09
  2.50666666666666652E+03  4.60150692784501941E-08 -2.71826452748154543E-08
  2.52000000000000000E+03 -9.26981885240244711E-08 -3.73918191365122967E-08
  2.53333333333333303E+03  4.25648306930022985E-08 -2.50474420178199506E-09
  2.54666666666666652E+03 -8.26260523266610932E-08 -5.16340867554397660E-08
  2.56000000000000000E+03  3.20063849750654833E-08  5.94924484219999652E-09
  2.57333333333333303E+03 -6.76900360247882910E-08 -5.11350941459139829E-08
  2.58666666666666652E+03  2.00905265681584324E-08  4.24692939986868317E-09
  2.59999999999999955E+03 -5.45173745803374219E-08 -4.29685908449260595E-08
  2.61333333333333303E+03  1.21418493580638112E-08 -2.21939275319515983E-09
  2.62666666666666652E+03 -4.69190550275384498E-08 -3.20304913221167407E-08
  2.63999999999999955E+03  9.25943133326229453E-09 -1.07304912322833458E-08
  2.65333333333333303E+03 -4.40831128302072608E-08 -2.10274153492552359E-08
  2.66666666666666652E+03  8.97213687928722359E-09 -1.95670035765990905E-08
  2.67999999999999955E+03 -4.29354995643758332E-08 -1.21130747484936020E-08
  2.69333333333333303E+03  8.44654186830204918E-09 -2.67611432014567609E-08
  2.70666666666666652E+03 -4.11545639886205758E-08 -7.00122290530535699E-09
  2.71999999999999955E+03  6.52878484002241279E-09 -3.07967086609778994E-08
  2.73333333333333303E+03 -3.80985306914462413E-08 -5.91960619206504128E-09
  2.74666666666666652E+03  3.50083435795719577E-09 -3.16231914594555681E-08
  2.75999999999999955E+03 -3.40372829412694849E-08 -7.37480310364742723E-09
  2.77333333333333303E+03  6.40310534268614042E-12 -3.04541533575433224E-08
  2.78666666666666652E+03 -2.93823566668756260E-08 -9.20575784698478894E-09
  2.79999999999999955E+03 -3.45610482499039268E-09 -2.87293942723620068E-08
  2.81333333333333303E+03 -2.45826199347535687E-08 -9.85764539596419319E-09
  2.82666666666666652E+03 -6.46942477814101412E-09 -2.73003825549362152E-08
  2.83999999999999955E+03 -2.02203140712101485E-08 -8.99121893715062142E-09
  2.85333333333333303E+03 -8.63839285305180973E-09 -2.62489433254147926E-08
  2.86666666666666652E+03 -1.68897235484475720E-08 -7.31688735955382516E-09
  2.87999999999999955E+03 -9.71467164531676644E-09 -2.52177592763803760E-08
  2.89333333333333303E+03 -1.49309187134456343E-08 -5.91206489440036224E-09
  2.90666666666666652E+03 -9.76094745993435261E-09 -2.39413635409442599E-08
  2.91999999999999955E+03 -1.42150440671332781E-08 -5.49905525544168745E-09
  2.93333333333333303E+03 -9.21741640618583311E-09 -2.25243792104189177E-08
  2.94666666666666652E+03 -1.41408110915539202E-08 -6.18677076769744975E-09
  2.95999999999999955E+03 -8.73904829781034394E-09 -2.12424038263483782E-08
  2.97333333333333303E+03 -1.39493359272136161E-08 -7.70071601743462745E-09
  2.98666666666666652E+03 -8.80884790936113102E-09 -2.01924369136829653E-08
  2.99999999999999955E+03 -1.31796334605217417E-08 -9.65804560727765497E-09
  3.01333333333333303E+03 -9.44356872018142840E-09 -1.92361395005243804E-08
  3.02666666666666652E+03 -1.18595028274664118E-08 -1.16202630878810334E-08
  3.03999999999999955E+03 -1.02924699566003840E-08 -1.82162987047004406E-08
  3.05333333333333303E+03 -1.02975152125252763E-08 -1.30989867078956071E-08
  3.06666666666666652E+03 -1.09914848190855975E-08 -1.71095438289244571E-08
  3.07999999999999955E+03 -8.77840096024263228E-09 -1.37188446063529956E-08
  3.09333333333333303E+03 -1.13852147847934686E-08 -1.59736345865103822E-08
  3.10666666666666652E+03 -7.46788043919798756E-09 -1.34333726010744728E-08
  3.11999999999999955E+03 -1.14754208699949848E-08 -1.48470785314831185E-08
  3.13333333333333303E+03 -6.48766730577222240E-09 -1.25591721559051659E-08
  3.14666666666666652E+03 -1.12867753925408458E-08 -1.37562087040844073E-08
  3.15999999999999955E+03 -5.94501426073728995E-09 -1.15840664693105663E-08
  3.17333333333333303E+03 -1.08417826561497154E-08 -1.27822699116573653E-08
  3.18666666666666652E+03 -5.85534936034485376E-09 -1.09220214709028321E-08
  3.19999999999999955E+03 -1.02149793465408482E-08 -1.20573280621661621E-08
  3.21333333333333303E+03 -6.08508268159443342E-09 -1.07798289799730273E-08
  3.22666666666666652E+03 -9.53522880784560875E-09 -1.16720685538360846E-08
  3.23999999999999955E+03 -6.41271947889584242E-09 -1.11473877856801107E-08
  3.25333333333333303E+03 -8.91130288271190547E-09 -1.15956752967401068E-08
  3.26666666666666652E+03 -6.65178509566267673E-09 -1.18431413211903483E-08
  3.27999999999999955E+03 -8.37129840888194958E-09 -1.16807763130110964E-08
  3.29333333333333303E+03 -6.72167952495303904E-09 -1.25836979518319098E-08
  3.30666666666666652E+03 -7.87998626497923819E-09 -1.17313811284823713E-08
  3.31999999999999955E+03 -6.63294401834672545E-09 -1.30819066039285513E-08
  3.33333333333333303E+03 -7.40062062794376439E-09 -1.15786828347803727E-08
  3.34666666666666652E+03 -6.43768331078866554E-09 -1.31511050039988195E-08
  3.35999999999999955E+03 -6.93383111576250081E-09 -1.11385634471748675E-08
  3.37333333333333303E+03 -6.19494093017696776E-09 -1.27663291565895820E-08
  3.38666666666666652E+03 -6.51085533505503646E-09 -1.04436109023857998E-08
  3.39999999999999955E+03 -5.95632831060041563E-09 -1.20559846129188909E-08
  3.41333333333333303E+03 -6.16455725186396674E-09 -9.63697906463273865E-09
  3.42666666666666652E+03 -5.75734582751278992E-09 -1.12391958699110506E-08
  3.43999999999999955E+03 -5.90620078051924846E-09 -8.92112686029994133E-09
  3.45333333333333303E+03 -5.60971161608443700E-09 -1.05420132707389394E-08
  3.46666666666666652E+03 -5.71873904319138306E-09 -8.47898218294525826E-09
  3.47999999999999955E+03 -5.49989212087901718E-09 -1.01215560390373749E-08
  3.49333333333333303E+03 -5.56467032248531725E-09 -8.40210779956043227E-09
  3.50666666666666652E+03 -5.39747144888233343E-09 -1.00194990832768752E-08
  3.51999999999999955E+03 -5.40171937641376628E-09 -8.65578360807140712E-09
  3.53333333333333303E+03 -5.27082265463487683E-09 -1.01575431774261987E-08
  3.54666666666666652E+03 -5.19890729405879527E-09 -9.09319520972756967E-09
  3.55999999999999955E+03 -5.10268644657960857E-09 -1.03741565406002605E-08
  3.57333333333333303E+03 -4.94749696144313634E-09 -9.51122118854284803E-09
  3.58666666666666652E+03 -4.89770916737990030E-09 -1.04880078853372445E-08
  3.59999999999999955E+03 -4.66365479809513747E-09 -9.72495516633285241E-09
  3.61333333333333303E+03 -4.67877585736651544E-09 -1.03650987456707448E-08
  3.62666666666666652E+03 -4.38152958051646351E-09 -9.63223471574167739E-09
  3.63999999999999955E+03 -4.47539856030474396E-09 -9.96602653170743087E-09
  3.65333333333333303E+03 -4.13853075204637371E-09 -9.24506305925847922E-09
  3.66666666666666652E+03 -4.31051111117001391E-09 -9.35718245756584397E-09
  3.67999999999999955E+03 -3.95871597937841599E-09 -8.67856787991907135E-09
  3.69333333333333303E+03 -4.19105007986096982E-09 -8.68292503719623094E-09
  3.70666666666666652E+03 -3.84211036875901802E-09 -8.10402184601083430E-09
  3.71999999999999955E+03 -4.10514684112744968E-09 -8.11013535896109619E-09
  3.73333333333333303E+03 -3.76518726199622928E-09 -7.68467338771152967E-09
  3.74666666666666652E+03 -4.02651918070969650E-09 -7.76654485827900657E-09
  3.75999999999999955E+03 -3.69193478461682947E-09 -7.51792570063474799E-09
  3.77333333333333303E+03 -3.92479778922979043E-09 -7.69583606344572134E-09
  3.78666666666666652E+03 -3.58968193702240489E-09 -7.60396953050469549E-09
  3.79999999999999955E+03 -3.77839377956161589E-09 -7.84516952827572452E-09
  3.81333333333333303E+03 -3.44235854795639782E-09 -7.85090501314822091E-09
  3.82666666666666652E+03 -3.58461347454335697E-09 -8.08801745459059842E-09
  3.83999999999999955E+03 -3.25614964437616617E-09 -8.11291452710039278E-09
  3.85333333333333303E+03 -3.36199567610559600E-09 -8.27242849598566155E-09
  3.86666666666666652E+03 -3.05615720147450678E-09 -8.24600765719699061E-09
  3.87999999999999955E+03 -3.14323212324557346E-09 -8.27641919991302402E-09
  3.89333333333333303E+03 -2.87579712261172014E-09 -8.16011990469938688E-09
  3.90666666666666652E+03 -2.96170622664847846E-09 -8.05036049281865952E-09
  3.91999999999999955E+03 -2.74293157081500485E-09 -7.84895001045494118E-09
  3.93333333333333303E+03 -2.83766649217404164E-09 -7.63150443269709730E-09
  3.94666666666666652E+03 -2.66803385468556409E-09 -7.38810067315635334E-09
  3.95999999999999955E+03 -2.76989625915573811E-09 -7.12644235835645397E-09
  3.97333333333333303E+03 -2.63925474582437223E-09 -6.90388792675389875E-09
  3.98666666666666652E+03 -2.73610283808918624E-09 -6.66926749867610580E-09
  3.99999999999999955E+03 -2.62668310051954886E-09 -6.52541658376250428E-09
  4.01333333333333303E+03 -2.70167493570866093E-09 -6.37180932332701556E-09
  4.02666666666666652E+03 -2.59423269315162000E-09 -6.33788277411019984E-09
  4.03999999999999955E+03 -2.63331841269216923E-09 -6.28436455944291500E-09
  4.05333333333333303E+03 -2.51426012080322720E-09 -6.35388886049500324E-09
  4.06666666666666652E+03 -2.51229740207208133E-09 -6.38053697277932553E-09
  4.07999999999999955E+03 -2.37885410496978753E-09 -6.51237556238167826E-09
  4.09333333333333303E+03 -2.34209952305370674E-09 -6.57039295618661760E-09
  4.10666666666666606E+03 -2.20320420944034732E-09 -6.70430724697979601E-09
  4.12000000000000000E+03 -2.14739341896813137E-09 -6.73581401780893157E-09
  4.13333333333333303E+03 -2.01974818277318870E-09 -6.81449000229526625E-09
  4.14666666666666606E+03 -1.96453541615585614E-09 -6.77431316654987537E-09
  4.16000000000000000E+03 -1.86545933826472091E-09 -6.76352610825424478E-09
  4.17333333333333303E+03 -1.82729479485587532E-09 -6.63516567566734845E-09
  4.18666666666666606E+03 -1.76727814070208351E-09 -6.53470693872875873E-09
  4.20000000000000000E+03 -1.75343818191707715E-09 -6.33515430725747891E-09
  4.21333333333333303E+03 -1.73139468336321330E-09 -6.17692070080407004E-09
  4.22666666666666606E+03 -1.73749629761029703E-09 -5.94915878803038819E-09
  4.24000000000000000E+03 -1.74059489420023657E-09 -5.78375893774892735E-09
  4.25333333333333303E+03 -1.75259835846799974E-09 -5.58018377925965799E-09
  4.26666666666666606E+03 -1.76074004694568199E-09 -5.45754572894963225E-09
  4.28000000000000000E+03 -1.76069923578041010E-09 -5.32068834901881661E-09
  4.29333333333333303E+03 -1.75388266439342776E-09 -5.27200074018600850E-09
  4.30666666666666606E+03 -1.72723670368026273E-09 -5.21965969238487318E-09
  4.32000000000000000E+03 -1.69293427310902271E-09 -5.24707532562688234E-09
  4.33333333333333303E+03 -1.63451794756663071E-09 -5.26706528004809699E-09
  4.34666666666666606E+03 -1.57219982482475657E-09 -5.34445292261768736E-09
  4.36000000000000000E+03 -1.48862189383907087E-09 -5.40043493528843653E-09
  4.37333333333333303E+03 -1.40969493503832853E-09 -5.48431788305193127E-09
  4.38666666666666606E+03 -1.31712927442676793E-09 -5.53007501661651463E-09
  4.40000000000000000E+03 -1.24033164832904709E-09 -5.57627102038116711E-09
  4.41333333333333303E+03 -1.15855408997169110E-09 -5.57284676876457776E-09
  4.42666666666666606E+03 -1.10258575611735663E-09 -5.55250372833863946E-09
  4.44000000000000000E+03 -1.04755263658107449E-09 -5.48184784891075222E-09
  4.45333333333333303E+03 -1.02376965606755897E-09 -5.39111993823399052E-09
  4.46666666666666606E+03 -1.00160249398432848E-09 -5.26146141858261389E-09
  4.48000000000000000E+03 -1.00956764349664640E-09 -5.12166750776562886E-09
  4.49333333333333303E+03 -1.01426100931275511E-09 -4.96307993502942572E-09
  4.50666666666666606E+03 -1.04183846508468477E-09 -4.81177983784008399E-09
  4.52000000000000000E+03 -1.05757636725525544E-09 -4.66405459924508649E-09
  4.53333333333333303E+03 -1.08550486038219876E-09 -4.54072803166202961E-09
  4.54666666666666606E+03 -1.09270968539023009E-09 -4.43836306029734863E-09
  4.56000000000000000E+03 -1.10187363248763349E-09 -4.37013727786773336E-09
  4.57333333333333303E+03 -1.08468497802835243E-09 -4.33004361804275343E-09
  4.58666666666666606E+03 -1.06329305929617346E-09 -4.32262410016270991E-09
  4.60000000000000000E+03 -1.01562173031087340E-09 -4.33886651298978342E-09
  4.61333333333333303E+03 -9.63574487384228211E-10 -4.37568066331310028E-09
  4.62666666666666606E+03 -8.91417933768090370E-10 -4.42278512932820093E-09
  4.64000000000000000E+03 -8.20242692558439279E-10 -4.47221713452376756E-09
  4.65333333333333303E+03 -7.39385329461105115E-10 -4.51539042730283049E-09
  4.66666666666666606E+03 -6.67802611118559899E-10 -4.54305700773010012E-09
  4.68000000000000000E+03 -5.97799716072721542E-10 -4.55124262429606485E-09
  4.69333333333333303E+03 -5.44625055674328498E-10 -4.53259662043810637E-09
  4.70666666666666606E+03 -5.01385762081286298E-10 -4.48947378219205643E-09
  4.72000000000000000E+03 -4.78458860962942467E-10 -4.41815956832995742E-09
  4.73333333333333303E+03 -4.68255256225048026E-10 -4.32720033701473740E-09
  4.74666666666666606E+03 -4.76058229228351623E-10 -4.21636937827806486E-09
  4.76000000000000000E+03 -4.93214143574468111E-10 -4.09844131952566429E-09
  4.77333333333333303E+03 -5.20806083823136142E-10 -3.97493488228141735E-09
  4.78666666666666606E+03 -5.49901687957204804E-10 -3.85973364870717274E-09
  4.80000000000000000E+03 -5.79150832959286914E-10 -3.75362874155617423E-09
  4.81333333333333303E+03 -6.00866450029369585E-10 -3.66839679640136737E-09
  4.82666666666666606E+03 -6.13337968446125118E-10 -3.60196027918894470E-09
  4.84000000000000000E+03 -6.11701088541898194E-10 -3.56173859367706626E-09
  4.85333333333333303E+03 -5.95576981480409189E-10 -3.54183102066596555E-09
  4.86666666666666606E+03 -5.63872898705685196E-10 -3.54469301182491972E-09
  4.88000000000000000E+03 -5.18303578790192191E-10 -3.56118639962147995E-09
  4.89333333333333303E+03 -4.61446418480596518E-10 -3.58989990917382771E-09
  4.90666666666666606E+03 -3.96735726419304205E-10 -3.62034234931189808E-09
  4.92000000000000000E+03 -3.29256034994954225E-10 -3.64948921075135418E-09
  4.93333333333333303E+03 -2.62869644831355982E-10 -3.66796227990965000E-09
  4.94666666666666606E+03 -2.03334687807864118E-10 -3.67361686128437207E-09
  4.96000000000000000E+03 -1.53288129825926833E-10 -3.66032547177905436E-09
  4.97333333333333303E+03 -1.17299050088786212E-10 -3.62862738426422982E-09
  4.98666666666666606E+03 -9.54408220668075960E-11 -3.57669649808664562E-09
  5.00000000000000000E+03 -8.98500475722853720E-11 -3.50826558651783838E-09
  5.01333333333333303E+03 -9.75545037922136299E-11 -3.42544097797967332E-09
  5.02666666666666606E+03 -1.18045619992337465E-10 -3.33427422494220200E-09
  5.04000000000000000E+03 -1.45885481244355714E-10 -3.23921367953202989E-09
  5.05333333333333303E+03 -1.78761178449094249E-10 -3.14679367394610695E-09
  5.06666666666666606E+03 -2.10211968553502287E-10 -3.06162279035438758E-09
  5.08000000000000000E+03 -2.37646388479154254E-10 -2.98866908662279243E-09
  5.09333333333333303E+03 -2.55364620357847938E-10 -2.93073522084719090E-09
  5.10666666666666606E+03 -2.62094452516164354E-10 -2.88974314231234113E-09
  5.12000000000000000E+03 -2.54377150297999545E-10 -2.86561708490794888E-09
  5.13333333333333303E+03 -2.33307818822617226E-10 -2.85684952345943853E-09
  5.14666666666666606E+03 -1.98320253439074504E-10 -2.86061969569153455E-09
  5.15999999999999909E+03 -1.52979072234651680E-10 -2.87279600518265320E-09
  5.17333333333333303E+03 -9.92219691808137592E-11 -2.88900812184475714E-09
  5.18666666666666606E+03 -4.22108335869449237E-11 -2.90414400351731082E-09
  5.19999999999999909E+03  1.48654282493831125E-11 -2.91402218072662071E-09
  5.21333333333333303E+03  6.67535747857563354E-11 -2.91439431019975282E-09
  5.22666666666666606E+03  1.10640076763309445E-10 -2.90286722293085016E-09
  5.23999999999999909E+03  1.42746964548351060E-10 -2.87742846773049316E-09
  5.25333333333333303E+03  1.62021439150233276E-10 -2.83834727937340087E-09
  5.26666666666666606E+03  1.67202932513835692E-10 -2.78628966230026897E-09
  5.27999999999999909E+03  1.59636947506215050E-10 -2.72405332985844465E-09
  5.29333333333333303E+03  1.40718775095823992E-10 -2.65440586436330442E-09
  5.30666666666666606E+03  1.13869054027112680E-10 -2.58163808287871418E-09
  5.31999999999999909E+03  8.23404920462060342E-11 -2.50930995044466115E-09
  5.33333333333333303E+03  5.04955443213694001E-11 -2.44169895124701492E-09
  5.34666666666666606E+03  2.20250182199562205E-11 -2.38165100972241028E-09
  5.35999999999999909E+03  7.38791632697682150E-13 -2.33202890073237323E-09
  5.37333333333333303E+03 -1.07355680345922349E-11 -2.29382939161093476E-09
  5.38666666666666606E+03 -1.04252245808428372E-11 -2.26770549916723099E-09
  5.39999999999999909E+03  2.20527468908616026E-12 -2.25243390186282837E-09
  5.41333333333333303E+03  2.66938427797616164E-11 -2.24651416585680213E-09
  5.42666666666666606E+03  6.12903125190849811E-11 -2.24698114071780349E-09
  5.43999999999999909E+03  1.03393296208209781E-10 -2.25100582161638708E-09
  5.45333333333333303E+03  1.49650045510661206E-10 -2.25497480191943291E-09
  5.46666666666666606E+03  1.96377715624339361E-10 -2.25596610126788798E-09
  5.47999999999999909E+03  2.39893410799301397E-10 -2.25098242598171239E-09
  5.49333333333333303E+03  2.76841290490118994E-10 -2.23817263648876937E-09
  5.50666666666666606E+03  3.04574451828801349E-10 -2.21611466856265543E-09
  5.51999999999999909E+03  3.21292447108839915E-10 -2.18469920586350644E-09
  5.53333333333333303E+03  3.26330334105523997E-10 -2.14440352891337374E-09
  5.54666666666666606E+03  3.20044727137064612E-10 -2.09682908318885790E-09
  5.55999999999999909E+03  3.03938400487631030E-10 -2.04396998251082180E-09
  5.57333333333333303E+03  2.80301222214655591E-10 -1.98847035267387453E-09
  5.58666666666666606E+03  2.52184501391471480E-10 -1.93294528010005256E-09
  5.59999999999999909E+03  2.22876758875105609E-10 -1.88007200161647503E-09
  5.61333333333333303E+03  1.95811094959107977E-10 -1.83204515453317537E-09
  5.62666666666666606E+03  1.74003952221198772E-10 -1.79062364574058408E-09
  5.63999999999999909E+03  1.60008361859997636E-10 -1.75678756481099967E-09
  5.65333333333333303E+03  1.55447665639363083E-10 -1.73083150123833464E-09
  5.66666666666666606E+03  1.61109367315958595E-10 -1.71224606389610111E-09
  5.67999999999999909E+03  1.76663540229537491E-10 -1.69989102076958010E-09
  5.69333333333333303E+03  2.00936418085521111E-10 -1.69206948030722821E-09
  5.70666666666666606E+03  2.31832177733829919E-10 -1.68675545794735908E-09
  5.71999999999999909E+03  2.66753393676068955E-10 -1.68178308622006778E-09
  5.73333333333333303E+03  3.02673012556945780E-10 -1.67506457086157653E-09
  5.74666666666666606E+03  3.36610174613162672E-10 -1.66479871268184334E-09
  5.75999999999999909E+03  3.65750913473740406E-10 -1.64960757523574845E-09
  5.77333333333333303E+03  3.87864529946416025E-10 -1.62868411866855288E-09
  5.78666666666666606E+03  4.01365278409373295E-10 -1.60179923484701604E-09
  5.79999999999999909E+03  4.05573386674442854E-10 -1.56934838945207580E-09
  5.81333333333333303E+03  4.00645444266331362E-10 -1.53222466854684573E-09
  5.82666666666666606E+03  3.87637637679745509E-10 -1.49177197166957369E-09
  5.83999999999999909E+03  3.68293658063043474E-10 -1.44956482368150884E-09
  5.85333333333333303E+03  3.44935369457575954E-10 -1.40731486989918690E-09
  5.86666666666666606E+03  3.20159029035841411E-10 -1.36662464467679975E-09
  5.87999999999999909E+03  2.96633784331719434E-10 -1.32891170306486117E-09
  5.89333333333333303E+03  2.76797287424968958E-10 -1.29520469562901602E-09
  5.90666666666666606E+03  2.62664994206692196E-10 -1.26613816889164958E-09
  5.91999999999999909E+03  2.55619428256158136E-10 -1.24183676589226286E-09
  5.93333333333333303E+03  2.56317410149217532E-10 -1.22200278204937129E-09
  5.94666666666666606E+03  2.64633444412108819E-10 -1.20589654125833097E-09
  5.95999999999999909E+03  2.79704758753089678E-10 -1.19250166333984690E-09
  5.97333333333333303E+03  3.00033826947009636E-10 -1.18057300125827273E-09
  5.98666666666666606E+03  3.23651993399536736E-10 -1.16883606197869181E-09
  5.99999999999999909E+03  3.48330411721593785E-10 -1.15605191364887668E-09
  6.01333333333333303E+03  3.71795367002112069E-10 -1.14119671916014038E-09
  6.02666666666666606E+03  3.91962258696134014E-10 -1.12349388087028058E-09
  6.03999999999999909E+03  4.07116845720019358E-10 -1.10253007046926640E-09
  6.05333333333333303E+03  4.16085717932331693E-10 -1.07822420310778882E-09
  6.06666666666666606E+03  4.18313210506482074E-10 -1.05086323245245149E-09
  6.07999999999999909E+03  4.13912857275497941E-10 -1.02100681518729370E-09
  6.09333333333333303E+03  4.03611612155542463E-10 -9.89456020252323450E-10
  6.10666666666666606E+03  3.88677234986068038E-10 -9.57120122051587434E-10
  6.11999999999999909E+03  3.70751999074187512E-10 -9.24953247940287495E-10
  6.13333333333333303E+03  3.51699872841593370E-10 -8.93824162877531233E-10
  6.14666666666666606E+03  3.33391784142729983E-10 -8.64461906894726716E-10
  6.15999999999999909E+03  3.17544908520511503E-10 -8.37366544848174193E-10
  6.17333333333333303E+03  3.05536285127827587E-10 -8.12795084472624228E-10
  6.18666666666666606E+03  2.98304352709976072E-10 -7.90732382106185134E-10
  6.19999999999999909E+03  2.96252156379380612E-10 -7.70928167896710341E-10
  6.21333333333333303E+03  2.99252885375329227E-10 -7.52923584336707821E-10
  6.22666666666666606E+03  3.06664511373155421E-10 -7.36126428237310519E-10
  6.23999999999999909E+03  3.17438545023714207E-10 -7.19869925837263834E-10
  6.25333333333333303E+03  3.30223288289013813E-10 -7.03497139268708727E-10
  6.26666666666666606E+03  3.43534060064631078E-10 -6.86420524125218509E-10
  6.27999999999999909E+03  3.55890294364465833E-10 -6.68184684516338032E-10
  6.29333333333333303E+03  3.65983604953549769E-10 -6.48499252879601572E-10
  6.30666666666666606E+03  3.72784950893113944E-10 -6.27260797056633000E-10
  6.31999999999999909E+03  3.75651905929433834E-10 -6.04546529641007849E-10
  6.33333333333333303E+03  3.74359124741142118E-10 -5.80593461466764174E-10
  6.34666666666666606E+03  3.69113836888066738E-10 -5.55759382129438638E-10
  6.35999999999999909E+03  3.60497603893353189E-10 -5.30473831847229893E-10
  6.37333333333333303E+03  3.49397309292883840E-10 -5.05186352252108369E-10
  6.38666666666666606E+03  3.36883262794777066E-10 -4.80313181722627996E-10
  6.39999999999999909E+03  3.24096207349722746E-10 -4.56196216209309859E-10
  6.41333333333333303E+03  3.12111257898488561E-10 -4.33067710390675872E-10
  6.42666666666666606E+03  3.01835433959861994E-10 -4.11036818966588846E-10
  6.43999999999999909E+03  2.93910590087653500E-10 -3.90083618033639128E-10
  6.45333333333333303E+03  2.88666382200222520E-10 -3.70076994766546141E-10
  6.46666666666666606E+03  2.86095971960323455E-10 -3.50795016446142020E-10
  6.47999999999999909E+03  2.85883044304891664E-10 -3.31963925143858464E-10
  6.49333333333333303E+03  2.87451388830433940E-10 -3.13290996099317189E-10
  6.50666666666666606E+03  2.90051066039839323E-10 -2.94506340070824477E-10
  6.51999999999999909E+03  2.92852915108606215E-10 -2.75389949688221412E-10
  6.53333333333333303E+03  2.95053772715932534E-10 -2.55799231617734669E-10
  6.54666666666666606E+03  2.95969303571670756E-10 -2.35676608021703940E-10
  6.55999999999999909E+03  2.95112799173154386E-10 -2.15053589431873654E-10
  6.57333333333333303E+03  2.92243206573139352E-10 -1.94035837757815240E-10
  6.58666666666666606E+03  2.87385091005401818E-10 -1.72786373530414574E-10
  6.59999999999999909E+03  2.80812234750190022E-10 -1.51495781975055000E-10
  6.61333333333333303E+03  2.73003049604008973E-10 -1.30356601519380321E-10
  6.62666666666666606E+03  2.64570089930079597E-10 -1.09532765563202860E-10
  6.63999999999999909E+03  2.56174742243172194E-10 -8.91405986430576638E-11
  6.65333333333333303E+03  2.48437417706157134E-10 -6.92308499796280949E-11
