# OCT iter       1000;   J_T =   5.367238810491E-03;   pulse_id =          2                                                                                                                                                                                   
#             freq. [MHz]     Re(ampl) [arb.units]     Im(ampl) [arb.units]                                                                                                                                                                                    
 -6.65333333333333303E+03 -2.51177015187732913E-11  2.44743459409124091E-12
 -6.64000000000000000E+03 -2.99852533492262368E-11  1.94837904499501131E-11
 -6.62666666666666606E+03 -3.52660183546562274E-11  3.67048392396090348E-11
 -6.61333333333333303E+03 -4.01178260962326914E-11  5.40189584755126955E-11
 -6.60000000000000000E+03 -4.37448308238214243E-11  7.13271119817543353E-11
 -6.58666666666666606E+03 -4.55193181542060685E-11  8.85394288489180965E-11
 -6.57333333333333303E+03 -4.50596020219741502E-11  1.05577261647885881E-10
 -6.56000000000000000E+03 -4.23033433302763546E-11  1.22388331065883052E-10
 -6.54666666666666606E+03 -3.75174315204986056E-11  1.38939429581831903E-10
 -6.53333333333333303E+03 -3.12911198549342563E-11  1.55229208883647191E-10
 -6.52000000000000000E+03 -2.44635612026403406E-11  1.71272295586212464E-10
 -6.50666666666666606E+03 -1.80415092830808982E-11  1.87110916599701834E-10
 -6.49333333333333303E+03 -1.30690779630892356E-11  2.02792949043103420E-10
 -6.48000000000000000E+03 -1.05089458746988279E-11  2.18386151041308769E-10
 -6.46666666666666606E+03 -1.11072241487458564E-11  2.33952301607518931E-10
 -6.45333333333333303E+03 -1.52969423914526400E-11  2.49566781821556476E-10
 -6.44000000000000000E+03 -2.31165712406279078E-11  2.65290022300318929E-10
 -6.42666666666666606E+03 -3.41863303897782982E-11  2.81192964062209377E-10
 -6.41333333333333303E+03 -4.77205840455895155E-11  2.97325162270554320E-10
 -6.40000000000000000E+03 -6.25968874865551732E-11  3.13744929657386478E-10
 -6.38666666666666606E+03 -7.74627429352535072E-11  3.30482163703799303E-10
 -6.37333333333333303E+03 -9.08755288306981632E-11  3.47572343848576864E-10
 -6.36000000000000000E+03 -1.01464781261207771E-10  3.65012769557963416E-10
 -6.34666666666666606E+03 -1.08084203467936970E-10  3.82800374975033029E-10
 -6.33333333333333303E+03 -1.09964931912678476E-10  4.00883222602203643E-10
 -6.32000000000000000E+03 -1.06809016098227638E-10  4.19203924994662328E-10
 -6.30666666666666606E+03 -9.88702685944781398E-11  4.37649880010882870E-10
 -6.29333333333333303E+03 -8.69348005627526930E-11  4.56105815280811129E-10
 -6.28000000000000000E+03 -7.22967198182452763E-11  4.74406706882277011E-10
 -6.26666666666666606E+03 -5.66116441832239287E-11  4.92401340530102675E-10
 -6.25333333333333303E+03 -4.17821377610264192E-11  5.09910261842822510E-10
 -6.24000000000000000E+03 -2.97184775050958124E-11  5.26798404656727913E-10
 -6.22666666666666606E+03 -2.21942137780822429E-11  5.42936349933839162E-10
 -6.21333333333333303E+03 -2.05858571972311709E-11  5.58275066774348631E-10
 -6.20000000000000000E+03 -2.57819798071050932E-11  5.72805538115147787E-10
 -6.18666666666666606E+03 -3.79821178679577685E-11  5.86624324562361713E-10
 -6.17333333333333303E+03 -5.67343383676922812E-11  5.99885649027698451E-10
 -6.16000000000000000E+03 -8.08473804461587306E-11  6.12846529248786164E-10
 -6.14666666666666606E+03 -1.08591440116488745E-10  6.25808336127377443E-10
 -6.13333333333333303E+03 -1.37726796211734130E-10  6.39134543190743338E-10
 -6.12000000000000000E+03 -1.65845850302242435E-10  6.53186447351827179E-10
 -6.10666666666666606E+03 -1.90463886892222123E-10  6.68313524458820525E-10
 -6.09333333333333303E+03 -2.09429795952845386E-10  6.84797620910611496E-10
 -6.08000000000000000E+03 -2.20986217154358996E-10  7.02822666551361668E-10
 -6.06666666666666606E+03 -2.24150537177469470E-10  7.22449286874789392E-10
 -6.05333333333333303E+03 -2.18648656678670094E-10  7.43573312068694451E-10
 -6.04000000000000000E+03 -2.05183270886302723E-10  7.65954320760187605E-10
 -6.02666666666666606E+03 -1.85178116847294981E-10  7.89168932812545569E-10
 -6.01333333333333303E+03 -1.60901995943354669E-10  8.12709863414383891E-10
 -6.00000000000000000E+03 -1.35022464590176529E-10  8.35929927592524354E-10
 -5.98666666666666606E+03 -1.10619435481415852E-10  8.58216645852247396E-10
 -5.97333333333333303E+03 -9.06152258771374063E-11  8.78907255984894685E-10
 -5.96000000000000000E+03 -7.77670263993032385E-11  8.97531270804107622E-10
 -5.94666666666666606E+03 -7.40860769306340975E-11  9.13665008591909790E-10
 -5.93333333333333303E+03 -8.09208994829837534E-11  9.27224943516398977E-10
 -5.92000000000000000E+03 -9.84822079088878653E-11  9.38225629276498152E-10
 -5.90666666666666606E+03 -1.26106878929434055E-10  9.47108899211194685E-10
 -5.89333333333333303E+03 -1.61965379018712673E-10  9.54374196322756157E-10
 -5.88000000000000000E+03 -2.03533079321013875E-10  9.60941801578688414E-10
 -5.86666666666666606E+03 -2.47488781173584708E-10  9.67640640450659307E-10
 -5.85333333333333303E+03 -2.90338103339562759E-10  9.75624086107106480E-10
 -5.84000000000000000E+03 -3.28439687303417538E-10  9.85720999798463536E-10
 -5.82666666666666606E+03 -3.58656645229340194E-10  9.98943325562013485E-10
 -5.81333333333333303E+03 -3.78401246747075216E-10  1.01572268562577408E-09
 -5.80000000000000000E+03 -3.86160338801773775E-10  1.03656196361280834E-09
 -5.78666666666666606E+03 -3.81450969895920816E-10  1.06118376483924672E-09
 -5.77333333333333303E+03 -3.65087698033410735E-10  1.08937559194442970E-09
 -5.76000000000000000E+03 -3.38992900119191173E-10  1.12006689440102938E-09
 -5.74666666666666606E+03 -3.06140529511821342E-10  1.15239672267756125E-09
 -5.73333333333333303E+03 -2.70251255084259801E-10  1.18471298995040806E-09
 -5.72000000000000000E+03 -2.35432132953855205E-10  1.21586150100405213E-09
 -5.70666666666666606E+03 -2.05875580589135815E-10  1.24407323377048191E-09
 -5.69333333333333303E+03 -1.85286842703415045E-10  1.26844098016633820E-09
 -5.68000000000000000E+03 -1.76763697400598091E-10  1.28764272410124526E-09
 -5.66666666666666606E+03 -1.82131353278654990E-10  1.30155000101211040E-09
 -5.65333333333333303E+03 -2.02183498739632421E-10  1.30973534800010479E-09
 -5.64000000000000000E+03 -2.36015949023215997E-10  1.31315453319648570E-09
 -5.62666666666666606E+03 -2.81754783046720206E-10  1.31240987232746834E-09
 -5.61333333333333303E+03 -3.35902384201130185E-10  1.30946469825885160E-09
 -5.60000000000000000E+03 -3.94584809691460049E-10  1.30568070365790392E-09
 -5.58666666666666606E+03 -4.52825045704257674E-10  1.30354840328434711E-09
 -5.57333333333333303E+03 -5.06244064593912857E-10  1.30457328499686584E-09
 -5.56000000000000000E+03 -5.50091413107904281E-10  1.31102676682053616E-09
 -5.54666666666666606E+03 -5.81273154053873496E-10  1.32380696921358362E-09
 -5.53333333333333303E+03 -5.96932239860348417E-10  1.34421485737518799E-09
 -5.52000000000000000E+03 -5.96674624095903062E-10  1.37194482224883906E-09
 -5.50666666666666606E+03 -5.80519165490770889E-10  1.40686384063070245E-09
 -5.49333333333333303E+03 -5.51257068243577399E-10  1.44728613739243600E-09
 -5.48000000000000000E+03 -5.11670170364150946E-10  1.49167789961109805E-09
 -5.46666666666666606E+03 -4.67068362937146462E-10  1.53734489339237487E-09
 -5.45333333333333303E+03 -4.21780980776133113E-10  1.58191662840161402E-09
 -5.44000000000000000E+03 -3.82027542448552298E-10  1.62253391353539974E-09
 -5.42666666666666606E+03 -3.51781482850217504E-10  1.65690914518511168E-09
 -5.41333333333333303E+03 -3.36198685174265626E-10  1.68306247586710173E-09
 -5.40000000000000000E+03 -3.37001330713971179E-10  1.69972596676586000E-09
 -5.38666666666666606E+03 -3.56682119681964602E-10  1.70666569323632108E-09
 -5.37333333333333303E+03 -3.93548724559856739E-10  1.70420550967377952E-09
 -5.36000000000000000E+03 -4.46825111560901582E-10  1.69419855799260408E-09
 -5.34666666666666606E+03 -5.11449681061134016E-10  1.67849067343169665E-09
 -5.33333333333333303E+03 -5.84026254383680406E-10  1.66066331491498374E-09
 -5.32000000000000000E+03 -6.57416939751503577E-10  1.64331928682715831E-09
 -5.30666666666666606E+03 -7.27295662081270032E-10  1.63079685631428157E-09
 -5.29333333333333303E+03 -7.86558850829135826E-10  1.62520897538827765E-09
 -5.28000000000000000E+03 -8.32060813764122299E-10  1.63040634117844057E-09
 -5.26666666666666606E+03 -8.58911032734936854E-10  1.64670586403348751E-09
 -5.25333333333333303E+03 -8.66863843115758674E-10  1.67643644874849037E-09
 -5.24000000000000000E+03 -8.54694674711939019E-10  1.71723651517974205E-09
 -5.22666666666666606E+03 -8.25689719721744986E-10  1.76953822111597067E-09
 -5.21333333333333303E+03 -7.82477816595872377E-10  1.82820423620589337E-09
 -5.20000000000000000E+03 -7.31107580802324606E-10  1.89228614995181911E-09
 -5.18666666666666606E+03 -6.76911817320157258E-10  1.95464668201334041E-09
 -5.17333333333333303E+03 -6.26730621062549828E-10  2.01426646324321663E-09
 -5.16000000000000000E+03 -5.86554263187460626E-10  2.06341296371081532E-09
 -5.14666666666666606E+03 -5.61496605392814888E-10  2.10267979445313770E-09
 -5.13333333333333303E+03 -5.56060562779865512E-10  2.12526247603570263E-09
 -5.12000000000000000E+03 -5.71444223883275925E-10  2.13482067612685996E-09
 -5.10666666666666606E+03 -6.09289106627512717E-10  2.12652221013618695E-09
 -5.09333333333333303E+03 -6.65783308406086457E-10  2.10774110221107192E-09
 -5.08000000000000000E+03 -7.39718387088850712E-10  2.07572773991507387E-09
 -5.06666666666666606E+03 -8.22638772389482080E-10  2.04109473607105510E-09
 -5.05333333333333303E+03 -9.12002409750359308E-10  2.00223339852576218E-09
 -5.04000000000000000E+03 -9.96354201029750188E-10  1.97147294239092491E-09
 -5.02666666666666606E+03 -1.07439932600432230E-09  1.94664822137015564E-09
 -5.01333333333333303E+03 -1.13393404496262980E-09  1.93971172490097640E-09
 -5.00000000000000000E+03 -1.17770235135558617E-09  1.94612246142507265E-09
 -4.98666666666666606E+03 -1.19469313233546880E-09  1.97550607412797785E-09
 -4.97333333333333303E+03 -1.19373360014713339E-09  2.01976025072520965E-09
 -4.96000000000000000E+03 -1.16581339563575081E-09  2.08506761454425113E-09
 -4.94666666666666606E+03 -1.12644315380742784E-09  2.15981699335450827E-09
 -4.93333333333333303E+03 -1.06786062722534070E-09  2.24684634891476471E-09
 -4.92000000000000000E+03 -1.01125593312750491E-09  2.33254776323371880E-09
 -4.90666666666666606E+03 -9.47937796267431918E-10  2.41761520867670927E-09
 -4.89333333333333303E+03 -9.02619791531261165E-10  2.48914060862998043E-09
 -4.88000000000000000E+03 -8.62740296547742640E-10  2.54738431685764690E-09
 -4.86666666666666606E+03 -8.54137438360456558E-10  2.58329948293778294E-09
 -4.85333333333333303E+03 -8.57625008944345657E-10  2.59807678291915793E-09
 -4.84000000000000000E+03 -8.98552923324643138E-10  2.58920696324226728E-09
 -4.82666666666666606E+03 -9.49440266619018509E-10  2.55905163527659980E-09
 -4.81333333333333303E+03 -1.03508044245913703E-09  2.51297548024113211E-09
 -4.80000000000000000E+03 -1.11963002596809744E-09  2.45325143907417995E-09
 -4.78666666666666606E+03 -1.22897224053154233E-09  2.39269015613388295E-09
 -4.77333333333333303E+03 -1.32041429739276075E-09  2.33090447310602488E-09
 -4.76000000000000000E+03 -1.42374284284018907E-09  2.28617923516868535E-09
 -4.74666666666666606E+03 -1.49200554499884030E-09  2.25228675182723379E-09
 -4.73333333333333303E+03 -1.56173954221872324E-09  2.25031140630958471E-09
 -4.72000000000000000E+03 -1.58464437462953948E-09  2.26537253856696682E-09
 -4.70666666666666606E+03 -1.60554687774101985E-09  2.31916241960637712E-09
 -4.69333333333333303E+03 -1.57731177724157070E-09  2.38658862319219440E-09
 -4.68000000000000000E+03 -1.55225832891579822E-09  2.48935822839290589E-09
 -4.66666666666666606E+03 -1.48607305646056468E-09  2.59228058364304669E-09
 -4.65333333333333303E+03 -1.43516276965271997E-09  2.71873264114032219E-09
 -4.64000000000000000E+03 -1.35876369070146784E-09  2.82492456333580956E-09
 -4.62666666666666606E+03 -1.31199684665711731E-09  2.93974581898145063E-09
 -4.61333333333333303E+03 -1.25777476631988053E-09  3.01274332725871624E-09
 -4.60000000000000000E+03 -1.24391514919088738E-09  3.08353636772382689E-09
 -4.58666666666666606E+03 -1.23716033431084878E-09  3.09614639226642458E-09
 -4.57333333333333303E+03 -1.27286847176648657E-09  3.10611954635545906E-09
 -4.56000000000000000E+03 -1.32249415026871596E-09  3.05133321638799335E-09
 -4.54666666666666606E+03 -1.40579239574923495E-09  3.00685137585193093E-09
 -4.53333333333333303E+03 -1.50100096669379059E-09  2.90181881789991284E-09
 -4.52000000000000000E+03 -1.61158545095445725E-09  2.83157926786973211E-09
 -4.50666666666666606E+03 -1.72577001011891380E-09  2.71265096892008067E-09
 -4.49333333333333303E+03 -1.83216088562400016E-09  2.65824349312601537E-09
 -4.48000000000000000E+03 -1.93267409405141145E-09  2.56838977518577400E-09
 -4.46666666666666606E+03 -2.00362498490823044E-09  2.56924316487049045E-09
 -4.45333333333333303E+03 -2.06387508429285657E-09  2.54222526335751142E-09
 -4.44000000000000000E+03 -2.07982591226084718E-09  2.62022705948049614E-09
 -4.42666666666666606E+03 -2.08926706870844819E-09  2.66746667968480054E-09
 -4.41333333333333303E+03 -2.04956473993912749E-09  2.81700946080414865E-09
 -4.40000000000000000E+03 -2.01787974893016470E-09  2.92240898452533354E-09
 -4.38666666666666606E+03 -1.94102933781581452E-09  3.11001796461575425E-09
 -4.37333333333333303E+03 -1.89492689205454934E-09  3.23513998383583169E-09
 -4.36000000000000000E+03 -1.81169026722686060E-09  3.40959347419133653E-09
 -4.34666666666666606E+03 -1.78548671655984173E-09  3.50768898332189811E-09
 -4.33333333333333303E+03 -1.72728740019765061E-09  3.61763330866278076E-09
 -4.32000000000000000E+03 -1.75073961999448297E-09  3.65158857260709032E-09
 -4.30666666666666606E+03 -1.73765911972990628E-09  3.66445268259704359E-09
 -4.29333333333333303E+03 -1.82543355517222623E-09  3.62211324944923814E-09
 -4.28000000000000000E+03 -1.85842128194774233E-09  3.53705473683368488E-09
 -4.26666666666666606E+03 -2.00483882721161204E-09  3.43809779491939678E-09
 -4.25333333333333303E+03 -2.06532947210615183E-09  3.28751908254462581E-09
 -4.24000000000000000E+03 -2.24607733690662813E-09  3.17881029644259542E-09
 -4.22666666666666606E+03 -2.30335163217809801E-09  3.01717300359521228E-09
 -4.21333333333333303E+03 -2.48353229825342749E-09  2.95757643696087587E-09
 -4.20000000000000000E+03 -2.50697309589637129E-09  2.84109785025758588E-09
 -4.18666666666666606E+03 -2.65280272515366681E-09  2.88081616708021010E-09
 -4.17333333333333303E+03 -2.62421978644272462E-09  2.84518073257178645E-09
 -4.16000000000000000E+03 -2.71431280471251409E-09  3.00729976024752626E-09
 -4.14666666666666606E+03 -2.63570078660890640E-09  3.05154642769762827E-09
 -4.13333333333333303E+03 -2.66768760038556747E-09  3.32310838103924484E-09
 -4.12000000000000000E+03 -2.56182258541608342E-09  3.40616728971478912E-09
 -4.10666666666666606E+03 -2.55155970008180747E-09  3.74256778860702755E-09
 -4.09333333333333303E+03 -2.45548481068523022E-09  3.79491201986710845E-09
 -4.08000000000000000E+03 -2.42909876821292707E-09  4.13622961786335759E-09
 -4.06666666666666652E+03 -2.38278565842326296E-09  4.08362759305311713E-09
 -4.05333333333333348E+03 -2.36481030763297114E-09  4.37703901244933551E-09
 -4.04000000000000000E+03 -2.39885692627434740E-09  4.16818957273280974E-09
 -4.02666666666666652E+03 -2.40105023031568158E-09  4.38848430631947609E-09
 -4.01333333333333348E+03 -2.52797240943108760E-09  4.01593415366271593E-09
 -4.00000000000000000E+03 -2.54261610755885880E-09  4.17652143007011672E-09
 -3.98666666666666652E+03 -2.75534182972439480E-09  3.68243220386443515E-09
 -3.97333333333333348E+03 -2.75501792239311882E-09  3.83186420007970437E-09
 -3.96000000000000000E+03 -3.03326256513968400E-09  3.29608918981167191E-09
 -3.94666666666666652E+03 -2.97722141638552461E-09  3.49986503390861556E-09
 -3.93333333333333348E+03 -3.29894783357249723E-09  3.01449212625189138E-09
 -3.92000000000000000E+03 -3.14409264133361721E-09  3.32776518315378367E-09
 -3.90666666666666652E+03 -3.49751309388525303E-09  2.96709048266525287E-09
 -3.89333333333333348E+03 -3.20987172081756837E-09  3.40835149100739922E-09
 -3.88000000000000000E+03 -3.60197497259198424E-09  3.20494860515337177E-09
 -3.86666666666666652E+03 -3.16394888251274887E-09  3.74129562031667185E-09
 -3.85333333333333348E+03 -3.62285209300556092E-09  3.67705784200058968E-09
 -3.84000000000000000E+03 -3.03381824640186611E-09  4.22779051236349813E-09
 -3.82666666666666652E+03 -3.60341318023569206E-09  4.24387282781623340E-09
 -3.81333333333333348E+03 -2.87505326530169332E-09  4.70218898060639936E-09
 -3.80000000000000000E+03 -3.60219391429754883E-09  4.72547127185606455E-09
 -3.78666666666666652E+03 -2.75234713827109118E-09  4.99023955770618311E-09
 -3.77333333333333348E+03 -3.66973536232353400E-09  4.96860053264798057E-09
 -3.76000000000000000E+03 -2.71812590983487384E-09  4.97299153095892422E-09
 -3.74666666666666652E+03 -3.82900264821733058E-09  4.90823803454463628E-09
 -3.73333333333333348E+03 -2.79557886626100106E-09  4.63298027860716833E-09
 -3.72000000000000000E+03 -4.06738906336026480E-09  4.59907332399410469E-09
 -3.70666666666666652E+03 -2.97147277346659154E-09  4.06528956716243764E-09
 -3.69333333333333348E+03 -4.34288994960368874E-09  4.20229233584013936E-09
 -3.68000000000000000E+03 -3.20162088287892286E-09  3.44787077533915423E-09
 -3.66666666666666652E+03 -4.60040426214130705E-09  3.93011849198024574E-09
 -3.65333333333333348E+03 -3.42814178432361907E-09  2.97952694899247189E-09
 -3.64000000000000000E+03 -4.79048970417542573E-09  3.96775716259863972E-09
 -3.62666666666666652E+03 -3.60238798428806552E-09  2.80581775346543951E-09
 -3.61333333333333348E+03 -4.88420064886301827E-09  4.40272602261444475E-09
 -3.60000000000000000E+03 -3.70357946896294677E-09  2.95858335576905886E-09
 -3.58666666666666652E+03 -4.88081824077414026E-09  5.19001066317275339E-09
 -3.57333333333333348E+03 -3.74493118598905036E-09  3.33255930265227492E-09
 -3.56000000000000000E+03 -4.80719312855055737E-09  6.16688329242741371E-09
 -3.54666666666666652E+03 -3.76548630219204481E-09  3.71313525458687448E-09
 -3.53333333333333348E+03 -4.70926253524708686E-09  7.11018686618278165E-09
 -3.52000000000000000E+03 -3.81173805257482683E-09  3.85217630712076227E-09
 -3.50666666666666652E+03 -4.63920598328806116E-09  7.81340126204919578E-09
 -3.49333333333333348E+03 -3.91629143984525408E-09  3.56694254699020168E-09
 -3.48000000000000000E+03 -4.64269544745285892E-09  8.15709025935118551E-09
 -3.46666666666666652E+03 -4.08283219489289625E-09  2.82212322052846423E-09
 -3.45333333333333348E+03 -4.74772297054276574E-09  8.15030802882275848E-09
 -3.44000000000000000E+03 -4.28668790531485501E-09  1.75919661627733375E-09
 -3.42666666666666652E+03 -4.95338570761533353E-09  7.92740889212594542E-09
 -3.41333333333333348E+03 -4.49440540901811967E-09  6.59606888560669919E-10
 -3.40000000000000000E+03 -5.21911975750288094E-09  7.69702655312057234E-09
 -3.38666666666666652E+03 -4.69412333608692648E-09 -1.46385365020009012E-10
 -3.37333333333333348E+03 -5.46057504703591103E-09  7.66035439203571737E-09
 -3.36000000000000000E+03 -4.91988853527617890E-09 -3.97243718928028564E-10
 -3.34666666666666652E+03 -5.55883820962684135E-09  7.93383609051597472E-09
 -3.33333333333333348E+03 -5.25653512898308623E-09 -7.17163923481212940E-12
 -3.32000000000000000E+03 -5.38279626463614173E-09  8.50923712666853929E-09
 -3.30666666666666652E+03 -5.82180702731390382E-09  8.79495161074453705E-10
 -3.29333333333333348E+03 -4.82066324815454266E-09  9.26318420467363245E-09
 -3.28000000000000000E+03 -6.72809165115430013E-09  1.91636284109346207E-09
 -3.26666666666666652E+03 -3.81637527120655400E-09  1.00117082995885126E-08
 -3.25333333333333348E+03 -8.03653590133248413E-09  2.65806488934959852E-09
 -3.24000000000000000E+03 -2.39284823435347580E-09  1.05967500833008797E-08
 -3.22666666666666652E+03 -9.73723482504164087E-09  2.70033127513247826E-09
 -3.21333333333333348E+03 -6.32404050580309134E-10  1.09682183676029364E-08
 -3.20000000000000000E+03 -1.17791893590960146E-08  1.82405576385174619E-09
 -3.18666666666666652E+03  1.37628885111694617E-09  1.12032484985758441E-08
 -3.17333333333333348E+03 -1.41086424436865640E-08  1.14475917628017096E-10
 -3.16000000000000000E+03  3.55386010858368134E-09  1.14423907612217163E-08
 -3.14666666666666652E+03 -1.66428794774757745E-08 -2.00771126076584322E-09
 -3.13333333333333348E+03  5.76941672563414096E-09  1.18044123294576057E-08
 -3.12000000000000000E+03 -1.91988907953822017E-08 -3.91361586326223918E-09
 -3.10666666666666652E+03  7.79366428976399300E-09  1.23520917668016651E-08
 -3.09333333333333348E+03 -2.15090946511005031E-08 -5.01806943167415066E-09
 -3.08000000000000000E+03  9.39701762053380119E-09  1.30818539459349961E-08
 -3.06666666666666652E+03 -2.33928525168673682E-08 -4.98314621010505770E-09
 -3.05333333333333348E+03  1.05566056833147627E-08  1.38425330225088603E-08
 -3.04000000000000000E+03 -2.49346291505666796E-08 -3.71790595934138332E-09
 -3.02666666666666652E+03  1.15387843165958908E-08  1.41965597440163400E-08
 -3.01333333333333348E+03 -2.64278973351524452E-08 -1.23193628323689625E-09
 -3.00000000000000000E+03  1.26876988167881012E-08  1.34141518861385149E-08
 -2.98666666666666652E+03 -2.80667142454635412E-08  2.43877611148528713E-09
 -2.97333333333333348E+03  1.40784341908730627E-08  1.07492098126807465E-08
 -2.96000000000000000E+03 -2.96935674916600215E-08  7.15485771578515663E-09
 -2.94666666666666652E+03  1.54104891705666779E-08  5.83210550834387946E-09
 -2.93333333333333348E+03 -3.09214947858884129E-08  1.26503588032828162E-08
 -2.92000000000000000E+03  1.63001843114915616E-08 -1.19348701977051378E-09
 -2.90666666666666652E+03 -3.15446272207885667E-08  1.87652440903490419E-08
 -2.89333333333333348E+03  1.66621188752675516E-08 -9.92281166549885924E-09
 -2.88000000000000000E+03 -3.17645139697862330E-08  2.57583896009546391E-08
 -2.86666666666666652E+03  1.67003238570864518E-08 -1.99996807187127705E-08
 -2.85333333333333348E+03 -3.18892886649276078E-08  3.42434176667996041E-08
 -2.84000000000000000E+03  1.64290711471479604E-08 -3.10533402380720261E-08
 -2.82666666666666652E+03 -3.17259328122691671E-08  4.45804213120705204E-08
 -2.81333333333333348E+03  1.51654640510805464E-08 -4.23248591231891580E-08
 -2.80000000000000000E+03 -3.02010538783616393E-08  5.62175164789811890E-08
 -2.78666666666666652E+03  1.14291558116093204E-08 -5.25517175405291044E-08
 -2.77333333333333348E+03 -2.54703734122498689E-08  6.76692969695202083E-08
 -2.76000000000000000E+03  3.28573115503365535E-09 -6.04443692068775241E-08
 -2.74666666666666652E+03 -1.54289944357811469E-08  7.71938757389492728E-08
 -2.73333333333333348E+03 -1.10478443892374049E-08 -6.53942083498817653E-08
 -2.72000000000000000E+03  1.64038240469812078E-09  8.36448534304500488E-08
 -2.70666666666666652E+03 -3.27750911238695158E-08 -6.79271365658800278E-08
 -2.69333333333333348E+03  2.69649212717665654E-08  8.71242145439991698E-08
 -2.68000000000000000E+03 -6.30793051274040254E-08 -6.97596797373008059E-08
 -2.66666666666666652E+03  6.23552321077339082E-08  8.91244686958195153E-08
 -2.65333333333333348E+03 -1.04568217168838105E-07 -7.30564907236358440E-08
 -2.64000000000000000E+03  1.11261176898915855E-07  9.14018892820755582E-08
 -2.62666666666666652E+03 -1.61253611881510591E-07 -7.84463888892119896E-08
 -2.61333333333333348E+03  1.76994982838548237E-07  9.38439089618520884E-08
 -2.60000000000000000E+03 -2.34947167464659845E-07 -8.35338710701362147E-08
 -2.58666666666666652E+03  2.58131217151500171E-07  9.43597738057738298E-08
 -2.57333333333333348E+03 -3.21106398910193287E-07 -8.52537895375043766E-08
 -2.56000000000000000E+03  3.46902323431626945E-07  9.26958486125669643E-08
 -2.54666666666666697E+03 -4.11044621854526423E-07 -8.45490064187943776E-08
 -2.53333333333333303E+03  4.35665726158492984E-07  9.28218326693495836E-08
 -2.52000000000000000E+03 -5.00824898911837784E-07 -8.53136032743016091E-08
 -2.50666666666666697E+03  5.25298262652577920E-07  9.68785696366490628E-08
 -2.49333333333333303E+03 -5.95304382248428680E-07 -8.53524781064075569E-08
 -2.48000000000000000E+03  6.22305859991226468E-07  9.60629154238777471E-08
 -2.46666666666666697E+03 -6.97969998459002855E-07 -7.13130880220564200E-08
 -2.45333333333333303E+03  7.23935947367796659E-07  7.26758051630510258E-08
 -2.44000000000000000E+03 -7.96489330044643889E-07 -2.74162118708984280E-08
 -2.42666666666666697E+03  8.09709255017222258E-07  1.29810926250863882E-08
 -2.41333333333333303E+03 -8.65132176189416708E-07  5.43232396742340930E-08
 -2.40000000000000000E+03  8.56046028335431437E-07 -9.02997246036773897E-08
 -2.38666666666666697E+03 -8.89835196782026791E-07  1.84285805193678048E-07
 -2.37333333333333303E+03  8.65750074310788548E-07 -2.59380203814207488E-07
 -2.36000000000000000E+03 -8.94524375969747779E-07  4.03038021694072676E-07
 -2.34666666666666697E+03  8.83229045770368609E-07 -5.55345487303045671E-07
 -2.33333333333333303E+03 -9.40200965288130454E-07  7.90359620097444512E-07
 -2.32000000000000000E+03  9.77111648977239105E-07 -1.06315279099320087E-06
 -2.30666666666666697E+03 -1.09565547848783085E-06  1.42188748902892250E-06
 -2.29333333333333303E+03  1.20776165246379026E-06 -1.82468543720380659E-06
 -2.28000000000000000E+03 -1.40997725554176166E-06  2.28936515890648416E-06
 -2.26666666666666697E+03  1.61040867816554560E-06 -2.76486706815224016E-06
 -2.25333333333333303E+03 -1.90502697246446224E-06  3.24993434951953569E-06
 -2.24000000000000000E+03  2.19117708905267284E-06 -3.67983954212154497E-06
 -2.22666666666666697E+03 -2.56600813114636860E-06  4.05828305621265791E-06
 -2.21333333333333303E+03  2.90625559565928554E-06 -4.30943994187827208E-06
 -2.20000000000000000E+03 -3.30921391876812579E-06  4.46550665708690533E-06
 -2.18666666666666697E+03  3.62591503068647783E-06 -4.44371494571575196E-06
 -2.17333333333333303E+03 -3.95574301674754751E-06  4.31625507881712376E-06
 -2.16000000000000000E+03  4.13116852024876308E-06 -3.99924525401105189E-06
 -2.14666666666666697E+03 -4.26038363246091873E-06  3.60465256859987792E-06
 -2.13333333333333303E+03  4.17469019917881770E-06 -3.05995594588042647E-06
 -2.12000000000000000E+03 -3.99858049240660302E-06  2.50897758571434771E-06
 -2.10666666666666697E+03  3.58407880824846220E-06 -1.90483971669887823E-06
 -2.09333333333333303E+03 -3.08070375935559859E-06  1.40406144817211619E-06
 -2.08000000000000000E+03  2.38496233559893392E-06 -9.87664466326529446E-07
 -2.06666666666666697E+03 -1.68013651899913373E-06  7.93241466449760041E-07
 -2.05333333333333303E+03  9.15795956701588420E-07 -8.12111795726284838E-07
 -2.04000000000000000E+03 -2.93813967962371835E-07  1.12311674686448486E-06
 -2.02666666666666697E+03 -2.22227328065279791E-07 -1.68635988973532745E-06
 -2.01333333333333303E+03  4.67312257851806615E-07  2.48072257800169807E-06
 -2.00000000000000000E+03 -5.37058331059299347E-07 -3.38826471664733830E-06
 -1.98666666666666697E+03  3.47611302210584923E-07  4.28821181744503520E-06
 -1.97333333333333303E+03 -8.12966544249264846E-08 -4.99915470517359416E-06
 -1.96000000000000000E+03 -3.02357604461035116E-07  5.39852014250450603E-06
 -1.94666666666666697E+03  5.90281303230381240E-07 -5.34466503374856573E-06
 -1.93333333333333303E+03 -8.70357186714073209E-07  4.86033203905577176E-06
 -1.92000000000000000E+03  9.62929308340800674E-07 -3.93878734914657571E-06
 -1.90666666666666697E+03 -1.04131431693601581E-06  2.80556635293511992E-06
 -1.89333333333333303E+03  9.50640846117663457E-07 -1.56002632359720373E-06
 -1.88000000000000000E+03 -9.01398195575057525E-07  5.16813941714946771E-07
 -1.86666666666666697E+03  7.16983436963242402E-07  2.90853308481941070E-07
 -1.85333333333333303E+03 -5.99642884194418487E-07 -6.95558333168907056E-07
 -1.84000000000000000E+03  3.72300730973843487E-07  9.10607355565734695E-07
 -1.82666666666666697E+03 -2.65161168469859104E-07 -1.02723041923253024E-06
 -1.81333333333333303E+03  1.75386800254255967E-07  1.38932413745606856E-06
 -1.80000000000000000E+03 -3.63616571251186640E-07 -2.07056319674299658E-06
 -1.78666666666666697E+03  7.30298314148339762E-07  3.12326963281026852E-06
 -1.77333333333333303E+03 -1.38728717540836242E-06 -4.28316409301360589E-06
 -1.76000000000000000E+03  2.05407559555585694E-06  5.25209478804114062E-06
 -1.74666666666666697E+03 -2.64153456027254475E-06 -5.73298314751935567E-06
 -1.73333333333333303E+03  2.85926872364987759E-06  5.63871195988530336E-06
 -1.72000000000000000E+03 -2.82133205244975438E-06 -5.11337498055620706E-06
 -1.70666666666666697E+03  2.60272863764268465E-06  4.41476690858842223E-06
 -1.69333333333333303E+03 -2.64456516077366241E-06 -3.73017957987096716E-06
 -1.68000000000000000E+03  3.01427554992236998E-06  3.05881309205584435E-06
 -1.66666666666666697E+03 -3.81703517584270319E-06 -2.16786918633979347E-06
 -1.65333333333333303E+03  4.51220133243755344E-06  9.24419487502484886E-07
 -1.64000000000000000E+03 -4.83999532985009892E-06  7.30319980990203827E-07
 -1.62666666666666697E+03  4.29812215055198815E-06 -2.40008198803069054E-06
 -1.61333333333333303E+03 -3.23154724980919183E-06  3.82013901959746935E-06
 -1.60000000000000000E+03  1.83519527725476733E-06 -4.62473791596093554E-06
 -1.58666666666666697E+03 -8.77873336059611998E-07  5.07802036103314946E-06
 -1.57333333333333303E+03  4.14817331018174691E-07 -5.37685432688768698E-06
 -1.56000000000000000E+03 -6.87753561979806104E-07  5.97973012555428863E-06
 -1.54666666666666697E+03  1.33214413041550875E-06 -6.75120214805316784E-06
 -1.53333333333333303E+03 -2.44895882718443805E-06  7.46468124189727630E-06
 -1.52000000000000000E+03  3.87546968563848373E-06 -7.57090365451797476E-06
 -1.50666666666666697E+03 -5.63302864182387774E-06  6.86557322289820519E-06
 -1.49333333333333394E+03  7.21531525106494088E-06 -5.44614561900087312E-06
 -1.48000000000000000E+03 -8.02480418584086237E-06  3.80819668850419178E-06
 -1.46666666666666697E+03  7.54154814566982791E-06 -2.61398850275541986E-06
 -1.45333333333333394E+03 -5.89093144127918102E-06  2.35595660813136942E-06
 -1.44000000000000000E+03  3.87608193308142998E-06 -3.23721700183808770E-06
 -1.42666666666666697E+03 -2.43167943819752946E-06  4.97141303036560610E-06
 -1.41333333333333394E+03  1.99047982145298200E-06 -7.04902213963940625E-06
 -1.40000000000000000E+03 -2.03030891522883199E-06  9.07946219362816517E-06
 -1.38666666666666697E+03  1.61584990638972688E-06 -1.10811334547163037E-05
 -1.37333333333333394E+03 -1.87756051480601813E-07  1.36654171078353794E-05
 -1.36000000000000000E+03 -1.63815922932706214E-06 -1.72907507934222436E-05
 -1.34666666666666697E+03  2.50197816713495144E-06  2.21433019081427064E-05
 -1.33333333333333394E+03 -1.09213714698282817E-06 -2.74091965972257575E-05
 -1.32000000000000000E+03 -2.44776923193143721E-06  3.22510250867886171E-05
 -1.30666666666666697E+03  7.22712023971464260E-06 -3.59261179812299844E-05
 -1.29333333333333394E+03 -1.19501487120866132E-05  3.88786205609935721E-05
 -1.28000000000000000E+03  1.74981007580681868E-05 -4.21416707112918327E-05
 -1.26666666666666697E+03 -2.47683171079488243E-05  4.62355209268774131E-05
 -1.25333333333333394E+03  3.49521900233966016E-05 -4.98148708028433478E-05
 -1.24000000000000000E+03 -4.52207883653013286E-05  4.93102439190135143E-05
 -1.22666666666666697E+03  5.39698245027616424E-05 -4.22337240982183297E-05
 -1.21333333333333394E+03 -5.97591802846133234E-05  2.76806462024350059E-05
 -1.20000000000000000E+03  6.67103588589409795E-05 -7.19752693432490637E-06
 -1.18666666666666697E+03 -7.57228340172750328E-05 -1.99039074014490937E-05
 -1.17333333333333394E+03  8.74920960139048025E-05  5.33296501214294459E-05
 -1.16000000000000000E+03 -9.68363240281470934E-05 -9.24248480346784854E-05
 -1.14666666666666697E+03  1.02232569097133100E-04  1.31706185457993651E-04
 -1.13333333333333394E+03 -1.00575704415607880E-04 -1.66751775930950029E-04
 -1.12000000000000000E+03  9.36286614107639592E-05  1.92354710217786324E-04
 -1.10666666666666697E+03 -8.05165040415267914E-05 -2.07071234508242167E-04
 -1.09333333333333394E+03  6.33804751050023163E-05  2.09552295053613190E-04
 -1.08000000000000000E+03 -4.13249507460074409E-05 -2.03483865773132619E-04
 -1.06666666666666697E+03  1.59469138224848418E-05  1.94550592575745376E-04
 -1.05333333333333394E+03  1.23077139566712924E-05 -1.91705628634680086E-04
 -1.04000000000000000E+03 -3.94063377131956128E-05  1.98790067583207137E-04
 -1.02666666666666697E+03  6.10123862738124877E-05 -2.12078003869912865E-04
 -1.01333333333333394E+03 -7.20556657038258182E-05  2.16207026684182288E-04
 -1.00000000000000000E+03  7.06335935553471518E-05 -1.92851720439267150E-04
 -9.86666666666666970E+02 -5.87198195707701684E-05  1.29101724736476896E-04
 -9.73333333333333940E+02  4.05891811378676181E-05 -3.06052448006690641E-05
 -9.60000000000000000E+02 -2.12355835548672998E-05 -7.98897355065827019E-05
 -9.46666666666666970E+02  1.50451599611686403E-06  1.67944360438655353E-04
 -9.33333333333333940E+02  1.78765835531496157E-05 -2.07180685720895896E-04
 -9.20000000000000000E+02 -3.91106185824739431E-05  1.87443642618831982E-04
 -9.06666666666666970E+02  5.77303834993705294E-05 -1.23387060042178426E-04
 -8.93333333333333940E+02 -7.22533658011396105E-05  4.08043866831581066E-05
 -8.80000000000000000E+02  7.54986117207514065E-05  2.97624094513073497E-05
 -8.66666666666666970E+02 -7.36206290302567052E-05 -7.18513247934763889E-05
 -8.53333333333333940E+02  6.92183658794582820E-05  8.11060370901815043E-05
 -8.40000000000000000E+02 -8.08482983461365420E-05 -7.07481250014240821E-05
 -8.26666666666666970E+02  1.09640227242449291E-04  5.56065836177709074E-05
 -8.13333333333333940E+02 -1.63886291282159033E-04 -4.78141058768373741E-05
 -8.00000000000000000E+02  2.21707040281905087E-04  4.51249540351120364E-05
 -7.86666666666666970E+02 -2.81327188589454490E-04 -4.05003145064036424E-05
 -7.73333333333333940E+02  3.29338573574998895E-04  3.44001924453991848E-05
 -7.60000000000000000E+02 -3.97039447349109326E-04 -4.15386078121940771E-05
 -7.46666666666666970E+02  4.85293737137237565E-04  8.04588476051909442E-05
 -7.33333333333333940E+02 -5.89635863181394012E-04 -1.33772179841215751E-04
 -7.20000000000000000E+02  6.29310801353416245E-04  1.47983400945155301E-04
 -7.06666666666666970E+02 -5.64544299172992418E-04 -5.27686983286007090E-05
 -6.93333333333333940E+02  4.04709720272296400E-04 -1.43965452359100883E-04
 -6.80000000000000000E+02 -2.69748321278231984E-04  3.60297777793996022E-04
 -6.66666666666666970E+02  2.05427203623043364E-04 -4.76778540378785523E-04
 -6.53333333333333940E+02 -1.51835156058242405E-04  4.83130116258744836E-04
 -6.40000000000000000E+02 -2.68417388311318601E-05 -4.37373590220921523E-04
 -6.26666666666666970E+02  2.81050067899372784E-04  3.96027589610195921E-04
 -6.13333333333333940E+02 -3.81953804533575754E-04 -2.84760267440531368E-04
 -6.00000000000000000E+02  1.55293798255878396E-04  3.62162635088493100E-05
 -5.86666666666666970E+02  2.84628290900667635E-04  2.65993424510505049E-04
 -5.73333333333333940E+02 -6.65871679069578951E-04 -3.80448534832285420E-04
 -5.60000000000000000E+02  8.44250879315458502E-04  2.00747645163435189E-04
 -5.46666666666666970E+02 -9.24596453067249376E-04  1.24296511761831890E-04
 -5.33333333333333940E+02  1.03354940223359727E-03 -3.08975871296774817E-04
 -5.20000000000000000E+02 -1.14219197328970174E-03  2.04094196791185142E-04
 -5.06666666666666970E+02  1.10274040967609584E-03  7.89988219006888023E-05
 -4.93333333333333940E+02 -8.10010662339623690E-04 -3.12763636331706214E-04
 -4.80000000000000000E+02  3.29571144202783794E-04  3.48044148358248636E-04
 -4.66666666666666970E+02  1.58413297868740404E-04 -2.43417638711091155E-04
 -4.53333333333333940E+02 -4.47332726214739052E-04  1.96932563261855565E-04
 -4.40000000000000000E+02  4.49032083293048436E-04 -3.90615703542278661E-04
 -4.26666666666666970E+02 -2.50097516552556548E-04  8.13751013559245668E-04
 -4.13333333333333940E+02  1.02269656887141760E-04 -1.23224687340122915E-03
 -4.00000000000000000E+02 -2.31573999205266000E-04  1.32669785515666223E-03
 -3.86666666666666970E+02  6.24746694406097102E-04 -9.47660416492295530E-04
 -3.73333333333333940E+02 -9.37325681118835949E-04  2.68547628736567911E-04
 -3.60000000000000000E+02  7.57446925631497718E-04  3.01653096062683558E-04
 -3.46666666666666970E+02 -1.12459998004588739E-05 -4.27868866061559196E-04
 -3.33333333333333940E+02 -8.05648280038772182E-04  1.06254528124125394E-04
 -3.20000000000000000E+02  1.02186431268773393E-03  3.62374254513330926E-04
 -3.06666666666666970E+02 -4.80888993770515810E-04 -7.01456843205958223E-04
 -2.93333333333333940E+02 -4.48791470600901136E-05  9.52994540022738417E-04
 -2.80000000000000000E+02 -5.18661261315755072E-04 -1.42511393473851639E-03
 -2.66666666666666970E+02  2.35558889159321076E-03  2.29918772547504360E-03
 -2.53333333333333940E+02 -4.09577774942960961E-03 -3.34381722236674894E-03
 -2.40000000000000000E+02  3.78938891407807872E-03  4.14003118054336386E-03
 -2.26666666666666970E+02 -8.94865731007638107E-04 -4.63264669097179435E-03
 -2.13333333333333940E+02 -2.77809081291699542E-03  5.30387873886551623E-03
 -2.00000000000000000E+02  4.52729112330978092E-03 -6.42353324083491054E-03
 -1.86666666666666970E+02 -3.86448343143003682E-03  7.04628827277515787E-03
 -1.73333333333333940E+02  3.72404202724395395E-03 -5.08850250117799056E-03
 -1.60000000000000000E+02 -8.23295057771892234E-03 -7.05322719322145773E-04
 -1.46666666666666970E+02  1.74786988659468810E-02  8.53418661554079978E-03
 -1.33333333333333940E+02 -2.48620806313894251E-02 -1.35933287252408483E-02
 -1.20000000000000000E+02  2.00906596364780476E-02  1.16036862459570674E-02
 -1.06666666666666970E+02  6.06896243537899914E-04 -2.90698021009785056E-03
 -9.33333333333339397E+01 -2.68902158701487676E-02 -6.59752803614828583E-03
 -8.00000000000000000E+01  3.87829652351995569E-02  9.29112498589065167E-03
 -6.66666666666669698E+01 -2.65163743366811956E-02 -2.20483649626522331E-03
 -5.33333333333339397E+01  4.54437333819308702E-04 -8.05256492840202356E-03
 -4.00000000000000000E+01  1.64217932426724278E-02  9.80352515721008566E-03
 -2.66666666666669698E+01  2.48313965870443944E-02 -1.87223315260854782E-03
 -1.33333333333339397E+01 -1.75964967410806722E-01 -1.36122724664446723E-03
  0.00000000000000000E+00  3.07041163978174714E-01 -3.73589465897352854E-03
  1.33333333333333321E+01 -2.17683702846889038E-01  1.43489614635069845E-03
  2.66666666666666643E+01  2.63242340184461875E-02  9.57041693365195088E-03
  4.00000000000000000E+01  5.28136197575504729E-02 -1.51907336725671076E-02
  5.33333333333333286E+01 -2.61791317124635513E-02  1.05514421290496575E-02
  6.66666666666666572E+01 -1.86096920205465026E-02 -1.40527947982479334E-03
  8.00000000000000000E+01  3.75651018274260617E-02 -4.17491229172225857E-03
  9.33333333333333286E+01 -2.78052448614733785E-02  2.78273225260631391E-03
  1.06666666666666657E+02  6.00409720129504738E-03  2.33845030078970667E-03
  1.19999999999999986E+02  9.34733914780288243E-03 -5.73585043907715378E-03
  1.33333333333333314E+02 -1.16864225977106433E-02  4.97502838059640708E-03
  1.46666666666666657E+02  5.95887059311895045E-03 -1.40987896828524153E-03
  1.60000000000000000E+02  4.08037418433344516E-05 -2.36206864906527651E-03
  1.73333333333333314E+02 -2.85529186460655631E-03  4.77758019124828112E-03
  1.86666666666666657E+02  3.27045905597762691E-03 -5.65566198014359842E-03
  1.99999999999999972E+02 -2.79341475631454499E-03  5.44490308422694667E-03
  2.13333333333333314E+02  1.76117471709429270E-03 -4.59994597940664631E-03
  2.26666666666666657E+02 -1.10283075655082216E-04  3.44585217312014074E-03
  2.39999999999999972E+02 -1.40448769511365419E-03 -2.25928581586019731E-03
  2.53333333333333314E+02  1.76057827567680176E-03  1.29156365601656802E-03
  2.66666666666666629E+02 -7.82393332159673290E-04 -7.04106950633687136E-04
  2.80000000000000000E+02 -4.25486111293898886E-04  4.96961186267817550E-04
  2.93333333333333314E+02  6.06461105444907017E-04 -5.16612241461331459E-04
  3.06666666666666629E+02  5.67761621667781558E-04  5.61205395582500192E-04
  3.20000000000000000E+02 -2.24311348803452612E-03 -5.21708903144895092E-04
  3.33333333333333314E+02  3.30380592060558432E-03  4.45545706286874408E-04
  3.46666666666666629E+02 -3.24526600639236376E-03 -4.60915427295025698E-04
  3.59999999999999943E+02  2.39165526395814388E-03  6.18686272101975627E-04
  3.73333333333333314E+02 -1.35688593278884720E-03 -8.01225867932649932E-04
  3.86666666666666629E+02  4.51616764313042985E-04  7.88475829814799518E-04
  3.99999999999999943E+02  4.27352279033992781E-04 -4.44203390359540267E-04
  4.13333333333333314E+02 -1.47278131149942938E-03 -1.42231659028965203E-04
  4.26666666666666629E+02  2.54836377140141681E-03  6.73169180005244046E-04
  4.39999999999999943E+02 -3.16656132746352594E-03 -8.27514300592590971E-04
  4.53333333333333314E+02  2.78070860413870283E-03  4.69799678760384669E-04
  4.66666666666666629E+02 -1.23401750795191123E-03  2.48817852932121280E-04
  4.79999999999999943E+02 -1.07375497475849040E-03 -9.70831010629762386E-04
  4.93333333333333314E+02  3.31919565023467778E-03  1.32521191534595438E-03
  5.06666666666666629E+02 -4.65738723059299503E-03 -1.12372553653979101E-03
  5.20000000000000000E+02  4.58623959375312716E-03  4.48007121342715114E-04
  5.33333333333333258E+02 -3.14228789500585340E-03  4.01875318562074828E-04
  5.46666666666666629E+02  8.43283799470679772E-04 -1.06101991306456001E-03
  5.60000000000000000E+02  1.53902129980341236E-03  1.26694148619362805E-03
  5.73333333333333258E+02 -3.27071734776084380E-03 -9.58007833999612404E-04
  5.86666666666666629E+02  3.90506880450456739E-03  2.69435061667228559E-04
  6.00000000000000000E+02 -3.39722684428357463E-03  5.51072558989856788E-04
  6.13333333333333258E+02  2.06250451135311713E-03 -1.25308946466541051E-03
  6.26666666666666629E+02 -4.08334755487117795E-04  1.67354331795206810E-03
  6.40000000000000000E+02 -1.06634599467295772E-03 -1.77811933084957114E-03
  6.53333333333333258E+02  2.01949413095879908E-03  1.64445369758994993E-03
  6.66666666666666629E+02 -2.33066751825826814E-03 -1.40404714788040178E-03
  6.79999999999999886E+02  2.07518649031055141E-03  1.17615408349677655E-03
  6.93333333333333258E+02 -1.46165850852482382E-03 -1.02855917975796683E-03
  7.06666666666666629E+02  7.38647333144378882E-04  9.66807479751067515E-04
  7.19999999999999886E+02 -1.27549814791757117E-04 -9.49724679279211753E-04
  7.33333333333333258E+02 -2.37104683557339040E-04  9.13339978690778150E-04
  7.46666666666666629E+02  3.17922742060632014E-04 -8.02069437740280094E-04
  7.59999999999999886E+02 -1.71041442512220637E-04  5.91055332783773355E-04
  7.73333333333333258E+02 -9.69798158737718432E-05 -2.97690553275908193E-04
  7.86666666666666629E+02  3.68272584398722177E-04 -2.73124707955029062E-05
  7.99999999999999886E+02 -5.57479513592687957E-04  3.19290750295674996E-04
  8.13333333333333258E+02  6.26888743762038644E-04 -5.23450465438509197E-04
  8.26666666666666629E+02 -5.87335607139076238E-04  6.10591155956537028E-04
  8.39999999999999886E+02  4.78921761035358583E-04 -5.82342788961483834E-04
  8.53333333333333258E+02 -3.51126468954904476E-04  4.65689655286472687E-04
  8.66666666666666629E+02  2.43911829521222657E-04 -3.01792356485492709E-04
  8.79999999999999886E+02 -1.79068875703947616E-04  1.33764521282342570E-04
  8.93333333333333258E+02  1.57696028360618056E-04  2.93054861076089317E-06
  9.06666666666666629E+02 -1.66586207837699532E-04 -8.62228654739638874E-05
  9.19999999999999886E+02  1.84807160723259891E-04  1.08750292995577413E-04
  9.33333333333333258E+02 -1.94479036545829899E-04 -7.69044803559141649E-05
  9.46666666666666629E+02  1.84012080376437113E-04  6.78908799361524058E-06
  9.59999999999999886E+02 -1.53578062749647084E-04  7.95539474667160342E-05
  9.73333333333333258E+02  1.09948077354079737E-04 -1.60302995997329775E-04
  9.86666666666666629E+02 -6.65209755407768016E-05  2.17789360336841960E-04
  9.99999999999999886E+02  3.44654627978948922E-05 -2.43369709590440016E-04
  1.01333333333333326E+03 -2.28973784912523179E-05  2.37560919436150962E-04
  1.02666666666666652E+03  3.26999463577752389E-05 -2.09553944244786437E-04
  1.04000000000000000E+03 -6.03542573658600131E-05  1.72229657057308634E-04
  1.05333333333333326E+03  9.64576115674274117E-05 -1.38410290350835847E-04
  1.06666666666666652E+03 -1.31729097679206790E-04  1.16378771434967422E-04
  1.08000000000000000E+03  1.57285892725680037E-04 -1.08974579138330842E-04
  1.09333333333333326E+03 -1.68719175445051670E-04  1.13745487478911285E-04
  1.10666666666666652E+03  1.64831934133460249E-04 -1.25363389086427654E-04
  1.12000000000000000E+03 -1.48522275892285334E-04  1.37736755544943054E-04
  1.13333333333333326E+03  1.24239127227608224E-04 -1.46034164056595530E-04
  1.14666666666666652E+03 -9.76966909710535482E-05  1.47506203723655289E-04
  1.16000000000000000E+03  7.35020256428836518E-05 -1.41788677764227803E-04
  1.17333333333333326E+03 -5.53875489287432841E-05  1.30289451495239157E-04
  1.18666666666666652E+03  4.44048182379596168E-05 -1.15709548832527873E-04
  1.20000000000000000E+03 -4.03453683976881563E-05  1.00813837773802505E-04
  1.21333333333333326E+03  4.05080675806464749E-05 -8.81068139366970805E-05
  1.22666666666666652E+03 -4.23843351591598853E-05  7.87237123021105359E-05
  1.24000000000000000E+03  4.25596997584318939E-05 -7.29647869502313942E-05
  1.25333333333333326E+03 -3.97290517609601203E-05  6.97689294984256430E-05
  1.26666666666666652E+03  3.27944350433283591E-05 -6.80150811881519911E-05
  1.28000000000000000E+03 -2.31201523425554260E-05  6.62283906943081672E-05
  1.29333333333333326E+03  1.17718918453420682E-05 -6.38273773301086027E-05
  1.30666666666666652E+03 -1.13253624116155060E-06  6.04861092428292431E-05
  1.31999999999999977E+03 -7.73505932485486980E-06 -5.67610841218395745E-05
  1.33333333333333326E+03  1.35379118388561161E-05  5.31659542557523079E-05
  1.34666666666666652E+03 -1.65640478122065214E-05 -5.04113117807918873E-05
  1.35999999999999977E+03  1.70315468111112561E-05  4.87106469342129460E-05
  1.37333333333333326E+03 -1.61132909867922787E-05 -4.80393683965376191E-05
  1.38666666666666652E+03  1.44620266991796084E-05  4.78854391911853386E-05
  1.39999999999999977E+03 -1.29923725838811502E-05 -4.76160281672830739E-05
  1.41333333333333326E+03  1.18445248236576556E-05  4.64826213942190255E-05
  1.42666666666666652E+03 -1.13065217276196705E-05 -4.39990618055442810E-05
  1.43999999999999977E+03  1.10244951558847560E-05  3.98835070713053454E-05
  1.45333333333333326E+03 -1.10594095253247034E-05 -3.43511897892331475E-05
  1.46666666666666652E+03  1.09692435818735463E-05  2.77694290696252627E-05
  1.47999999999999977E+03 -1.09547007297352338E-05 -2.08980344387924978E-05
  1.49333333333333326E+03  1.06682876799679823E-05  1.42845220035630021E-05
  1.50666666666666652E+03 -1.04901688253335377E-05 -8.62308103647546998E-06
  1.51999999999999977E+03  1.01220600760096126E-05  4.08261573918775598E-06
  1.53333333333333326E+03 -9.98667277424873138E-06 -8.95217883662312732E-07
  1.54666666666666652E+03  9.73762985948374280E-06 -1.24776665154905712E-06
  1.55999999999999977E+03 -9.70698283596646636E-06  2.46444892238472054E-06
  1.57333333333333326E+03  9.48188962357585869E-06 -3.21515424489184076E-06
  1.58666666666666652E+03 -9.29057182161193958E-06  3.62634524631980695E-06
  1.59999999999999977E+03  8.75094006781462897E-06 -3.98349470263809671E-06
  1.61333333333333326E+03 -8.08347100265072060E-06  4.24340519061526555E-06
  1.62666666666666652E+03  7.05856078623073210E-06 -4.46880636592689248E-06
  1.63999999999999977E+03 -5.97103454995421814E-06  4.52837071241323030E-06
  1.65333333333333326E+03  4.75021170479931530E-06 -4.42778025362657698E-06
  1.66666666666666652E+03 -3.71992151489736075E-06  4.10651558674970461E-06
  1.67999999999999977E+03  2.82315635075779822E-06 -3.65398756607229985E-06
  1.69333333333333326E+03 -2.28933283844145467E-06  3.10519718020758689E-06
  1.70666666666666652E+03  1.93332684173492183E-06 -2.60862378208878597E-06
  1.71999999999999977E+03 -1.86546226101009978E-06  2.17834654475218075E-06
  1.73333333333333326E+03  1.79075201208793627E-06 -1.92761082176798418E-06
  1.74666666666666652E+03 -1.81430834567672938E-06  1.76593874652761412E-06
  1.75999999999999977E+03  1.64631510285485927E-06 -1.76096125594430379E-06
  1.77333333333333326E+03 -1.48883299949470281E-06  1.75502277356276027E-06
  1.78666666666666652E+03  1.11419280803895020E-06 -1.83128288363038415E-06
  1.79999999999999977E+03 -8.08425219219587324E-07  1.83875534819932792E-06
  1.81333333333333326E+03  3.75983550339166890E-07 -1.90415130972217563E-06
  1.82666666666666652E+03 -1.06636455027593831E-07  1.90705387728176212E-06
  1.83999999999999977E+03 -2.06467509764049750E-07 -1.98452073059842733E-06
  1.85333333333333326E+03  3.28924316798975153E-07  2.02977849478700007E-06
  1.86666666666666652E+03 -4.82112839525540952E-07 -2.14579424865969356E-06
  1.87999999999999977E+03  4.90763823438247733E-07  2.22785892418785153E-06
  1.89333333333333326E+03 -5.60834728214328001E-07 -2.33466985838178485E-06
  1.90666666666666652E+03  5.46883268110614542E-07  2.37560315890588520E-06
  1.91999999999999977E+03 -6.14843494439500873E-07 -2.39003751415262212E-06
  1.93333333333333326E+03  6.24008493055436374E-07  2.31838879289444700E-06
  1.94666666666666652E+03 -7.05838734810695855E-07 -2.21011107787306065E-06
  1.95999999999999977E+03  7.18096837885679374E-07  2.03227310347310470E-06
  1.97333333333333326E+03 -7.84670805470470216E-07 -1.85341952744485145E-06
  1.98666666666666652E+03  7.63567482905352197E-07  1.63977740773540168E-06
  1.99999999999999977E+03 -7.94341499856438126E-07 -1.47099408020392519E-06
  2.01333333333333326E+03  7.31967983778147091E-07  1.28551003838148395E-06
  2.02666666666666652E+03 -7.37049107069471037E-07 -1.16761907835924574E-06
  2.03999999999999977E+03  6.54257168793106999E-07  1.02280726161965135E-06
  2.05333333333333303E+03 -6.57058067591415197E-07 -9.42340520383464931E-07
  2.06666666666666652E+03  5.77909142888918755E-07  8.13714004174366091E-07
  2.08000000000000000E+03 -5.91612729608306546E-07 -7.37570239736551978E-07
  2.09333333333333303E+03  5.25552684176240861E-07  6.03165007218102210E-07
  2.10666666666666652E+03 -5.46530544774623091E-07 -5.15049552502872250E-07
  2.12000000000000000E+03  4.88969345160337378E-07  3.77725476586514341E-07
  2.13333333333333303E+03 -5.06229984985484660E-07 -2.88122828758869050E-07
  2.14666666666666652E+03  4.50380063493488334E-07  1.70103817611449444E-07
  2.16000000000000000E+03 -4.59351680911188599E-07 -1.02090545581216156E-07
  2.17333333333333303E+03  4.06064376995123281E-07  2.36920765593670645E-08
  2.18666666666666652E+03 -4.12768006928525963E-07  8.67401939043788478E-09
  2.20000000000000000E+03  3.67532474401346323E-07 -4.63564701622027191E-08
  2.21333333333333303E+03 -3.78999002415675038E-07  4.77932109006632923E-08
  2.22666666666666652E+03  3.40975800155487546E-07 -6.14858559632577018E-08
  2.24000000000000000E+03 -3.55211768564050698E-07  4.68475753659511787E-08
  2.25333333333333303E+03  3.14521920522554759E-07 -5.54866754796126845E-08
  2.26666666666666652E+03 -3.23534825163091607E-07  3.57016379051457910E-08
  2.28000000000000000E+03  2.71240070740967933E-07 -4.85791120660792211E-08
  2.29333333333333303E+03 -2.71946054365787660E-07  2.65961979829248405E-08
  2.30666666666666652E+03  2.09608970293822949E-07 -4.44347219124390589E-08
  2.32000000000000000E+03 -2.07829999973305785E-07  2.09541682509425112E-08
  2.33333333333333303E+03  1.45361048042478400E-07 -4.26094695071723478E-08
  2.34666666666666652E+03 -1.49105453635938771E-07  2.06165610250602383E-08
  2.36000000000000000E+03  9.51140669507960732E-08 -4.54120106061089439E-08
  2.37333333333333303E+03 -1.06699451288362695E-07  2.81587804800203014E-08
  2.38666666666666652E+03  6.27665503607010042E-08 -5.37117302618876035E-08
  2.40000000000000000E+03 -7.84276162348400725E-08  4.10323063786302701E-08
  2.41333333333333303E+03  4.14381055165170787E-08 -6.27906371517539229E-08
  2.42666666666666652E+03 -5.67548215343232527E-08  5.15830447555054921E-08
  2.44000000000000000E+03  2.39614862718634976E-08 -6.62640703938328850E-08
  2.45333333333333303E+03 -3.79275529916918049E-08  5.41069165258244439E-08
  2.46666666666666652E+03  8.71410420449632015E-09 -6.28508220097909342E-08
  2.48000000000000000E+03 -2.30543782881451608E-08  4.97794416569448475E-08
  2.49333333333333303E+03 -2.77692266012788690E-09 -5.70706944476897454E-08
  2.50666666666666652E+03 -1.35415920208890654E-08  4.38355585713629852E-08
  2.52000000000000000E+03 -1.02657282249800969E-08 -5.36006893573922525E-08
  2.53333333333333303E+03 -8.13336883296845712E-09  3.94564287913442469E-08
  2.54666666666666652E+03 -1.56262157696789466E-08 -5.25932831181703216E-08
  2.56000000000000000E+03 -4.10499913891843331E-09  3.56067081596317188E-08
  2.57333333333333303E+03 -2.07162600870243290E-08 -5.07119640970012068E-08
  2.58666666666666652E+03  2.70663850155849679E-10  2.99411320095688574E-08
  2.59999999999999955E+03 -2.57966543604936538E-08 -4.53885076602128248E-08
  2.61333333333333303E+03  4.96532387515543506E-09  2.22463821844972479E-08
  2.62666666666666652E+03 -2.99852344166573815E-08 -3.72448171986542912E-08
  2.63999999999999955E+03  9.17584154432684350E-09  1.47178402267664961E-08
  2.65333333333333303E+03 -3.25795776349519168E-08 -2.89388021652499721E-08
  2.66666666666666652E+03  1.24243388512549262E-08  9.61597808569228955E-09
  2.67999999999999955E+03 -3.36930137590662366E-08 -2.25202298141600976E-08
  2.69333333333333303E+03  1.47196155731207895E-08  7.16258597824220734E-09
  2.70666666666666652E+03 -3.38296275236748798E-08 -1.80392584182400504E-08
  2.71999999999999955E+03  1.60134694342941471E-08  5.58482105546024164E-09
  2.73333333333333303E+03 -3.31673773074056534E-08 -1.42788469860460926E-08
  2.74666666666666652E+03  1.58908717802031909E-08  2.90101177611943949E-09
  2.75999999999999955E+03 -3.14867713314774359E-08 -1.03973514982158293E-08
  2.77333333333333303E+03  1.40263668632155615E-08 -1.42864530659926427E-09
  2.78666666666666652E+03 -2.88012008373659209E-08 -6.70125801107987199E-09
  2.79999999999999955E+03  1.08732337175551508E-08 -6.41539708752421209E-09
  2.81333333333333303E+03 -2.57957893068200104E-08 -3.98682596594005777E-09
  2.82666666666666652E+03  7.61678326579711736E-09 -1.07186366007815697E-08
  2.83999999999999955E+03 -2.33811929826336521E-08 -2.48518791246792869E-09
  2.85333333333333303E+03  5.27333355413537441E-09 -1.36540904481017637E-08
  2.86666666666666652E+03 -2.18250865820609040E-08 -1.66342046208420647E-09
  2.87999999999999955E+03  3.90261967034830620E-09 -1.51864648454144660E-08
  2.89333333333333303E+03 -2.05145057616696548E-08 -9.13562828280060195E-10
  2.90666666666666652E+03  2.79116556225829164E-09 -1.54029491011574153E-08
  2.91999999999999955E+03 -1.86425403157523752E-08 -1.42624776794608940E-10
  2.93333333333333303E+03  1.31617996228810020E-09 -1.43655030636615684E-08
  2.94666666666666652E+03 -1.60215940052420676E-08  3.78052827571220389E-10
  2.95999999999999955E+03 -5.02575789061626562E-10 -1.24353208149588945E-08
  2.97333333333333303E+03 -1.31720136042964900E-08  5.16495730461799869E-10
  2.98666666666666652E+03 -2.23166534174845957E-09 -1.04199975738803933E-08
  2.99999999999999955E+03 -1.07498265356218147E-08  4.22974392715098974E-10
  3.01333333333333303E+03 -3.56888014212063052E-09 -9.16392277481237722E-09
  3.02666666666666652E+03 -9.03669257858727980E-09  2.26564609773555536E-10
  3.03999999999999955E+03 -4.54779518980857038E-09 -8.97643701213740057E-09
  3.05333333333333303E+03 -7.93436428458197420E-09 -1.99543166882507927E-10
  3.06666666666666652E+03 -5.32386782300843350E-09 -9.50366516278109379E-09
  3.07999999999999955E+03 -7.24783072531071221E-09 -1.06377734116249912E-09
  3.09333333333333303E+03 -5.94084808461267667E-09 -1.01169924823567072E-08
  3.10666666666666652E+03 -6.84566465209452424E-09 -2.31237233597261851E-09
  3.11999999999999955E+03 -6.34646043580018143E-09 -1.03687519338421629E-08
  3.13333333333333303E+03 -6.60945293329141678E-09 -3.54980478589948447E-09
  3.14666666666666652E+03 -6.53897162051298473E-09 -1.01317768726359895E-08
  3.15999999999999955E+03 -6.37375904302153194E-09 -4.31125968833204067E-09
  3.17333333333333303E+03 -6.61220217336312563E-09 -9.46363051896896296E-09
  3.18666666666666652E+03 -5.99222157668052567E-09 -4.39470914553560506E-09
  3.19999999999999955E+03 -6.66355216608536130E-09 -8.46616653561075533E-09
  3.21333333333333303E+03 -5.44684584992462274E-09 -3.95921337891729066E-09
  3.22666666666666652E+03 -6.70658240976374894E-09 -7.27969829086553825E-09
  3.23999999999999955E+03 -4.85814379578653873E-09 -3.37028578619201782E-09
  3.25333333333333303E+03 -6.69041346524727312E-09 -6.12755785057519495E-09
  3.26666666666666652E+03 -4.38084551531399259E-09 -2.97647541328854304E-09
  3.27999999999999955E+03 -6.58343305939949321E-09 -5.28017521098433523E-09
  3.29333333333333303E+03 -4.09193446362654837E-09 -2.97715816303231732E-09
  3.30666666666666652E+03 -6.41834368008524493E-09 -4.92944397699877474E-09
  3.31999999999999955E+03 -3.96534860995907397E-09 -3.40298295358398280E-09
  3.33333333333333303E+03 -6.25936675034868254E-09 -5.07627560766893499E-09
  3.34666666666666652E+03 -3.92823633752508461E-09 -4.14724133798150809E-09
  3.35999999999999955E+03 -6.14038813798779022E-09 -5.52456390510798318E-09
  3.37333333333333303E+03 -3.92599988324790500E-09 -5.00457660949962821E-09
  3.38666666666666652E+03 -6.04089222908103793E-09 -5.98137631666973820E-09
  3.39999999999999955E+03 -3.94054513747933858E-09 -5.72316509597558836E-09
  3.41333333333333303E+03 -5.91541399337092988E-09 -6.18934360327416653E-09
  3.42666666666666652E+03 -3.96708010708684585E-09 -6.08489523017739674E-09
  3.43999999999999955E+03 -5.73818980615598808E-09 -6.01756536726680561E-09
  3.45333333333333303E+03 -3.99070188479345745E-09 -5.99298934389433361E-09
  3.46666666666666652E+03 -5.51949427277934891E-09 -5.48615276056639457E-09
  3.47999999999999955E+03 -3.98915115773057066E-09 -5.51795924745400302E-09
  3.49333333333333303E+03 -5.28691296897656881E-09 -4.74037191320779718E-09
  3.50666666666666652E+03 -3.95168641508602377E-09 -4.86825212104806095E-09
  3.51999999999999955E+03 -5.05865750817653809E-09 -3.99689653227444949E-09
  3.53333333333333303E+03 -3.88828385969133669E-09 -4.29911457426900298E-09
  3.54666666666666652E+03 -4.83552565254822129E-09 -3.47404155401312362E-09
  3.55999999999999955E+03 -3.81919560470727357E-09 -4.00944892361773416E-09
  3.57333333333333303E+03 -4.61254652364520419E-09 -3.31728507754395004E-09
  3.58666666666666652E+03 -3.75812978012421438E-09 -4.07468955913117107E-09
  3.59999999999999955E+03 -4.39229418729936965E-09 -3.54359482274374747E-09
  3.61333333333333303E+03 -3.70649795469290637E-09 -4.43455963319552552E-09
  3.62666666666666652E+03 -4.18619001990784720E-09 -4.03247810124694037E-09
  3.63999999999999955E+03 -3.66097767711050790E-09 -4.92706258253291519E-09
  3.65333333333333303E+03 -4.00646567224498934E-09 -4.57360489851709586E-09
  3.66666666666666652E+03 -3.62250295005280138E-09 -5.34979568759129504E-09
  3.67999999999999955E+03 -3.85942966582412112E-09 -4.95071243179962534E-09
  3.69333333333333303E+03 -3.59634633467093287E-09 -5.53001678391002529E-09
  3.70666666666666652E+03 -3.74488855974909180E-09 -5.02301777657052647E-09
  3.71999999999999955E+03 -3.58472614751768837E-09 -5.38442704443475456E-09
  3.73333333333333303E+03 -3.65805349575332182E-09 -4.77069952150990655E-09
  3.74666666666666652E+03 -3.58071579792162757E-09 -4.94857731221347007E-09
  3.75999999999999955E+03 -3.58952063435386054E-09 -4.29192131274620246E-09
  3.77333333333333303E+03 -3.56915279218732532E-09 -4.36257382495904561E-09
  3.78666666666666652E+03 -3.52436077203177637E-09 -3.75929234396355237E-09
  3.79999999999999955E+03 -3.53299538325294462E-09 -3.81672796750506380E-09
  3.81333333333333303E+03 -3.44455078338234961E-09 -3.35494036860787549E-09
  3.82666666666666652E+03 -3.46027480802558130E-09 -3.47905512013805392E-09
  3.83999999999999955E+03 -3.33605636408900117E-09 -3.20650536222532671E-09
  3.85333333333333303E+03 -3.34861648059134190E-09 -3.43433449215715677E-09
  3.86666666666666652E+03 -3.19673896107406237E-09 -3.34451596428903130E-09
  3.87999999999999955E+03 -3.20697323610199460E-09 -3.65772543067363196E-09
  3.89333333333333303E+03 -3.03957229758995220E-09 -3.69510504416511940E-09
  3.90666666666666652E+03 -3.05464254939109839E-09 -4.03009715489345150E-09
  3.91999999999999955E+03 -2.88863214073678694E-09 -4.11040292939797280E-09
  3.93333333333333303E+03 -2.91688327655467704E-09 -4.38607695574690521E-09
  3.94666666666666652E+03 -2.76975928778986284E-09 -4.42504457108254258E-09
  3.95999999999999955E+03 -2.81702422618345305E-09 -4.57544313297196953E-09
  3.97333333333333303E+03 -2.70025215485837369E-09 -4.51707068047729037E-09
  3.98666666666666652E+03 -2.76726039352566266E-09 -4.51576733739429272E-09
  3.99999999999999955E+03 -2.68166794398734332E-09 -4.35023782379835161E-09
  4.01333333333333303E+03 -2.76229379383916785E-09 -4.21854039588801271E-09
  4.02666666666666652E+03 -2.69813621079655903E-09 -3.98292295765527558E-09
  4.03999999999999955E+03 -2.77950322457425754E-09 -3.78073131827251613E-09
  4.05333333333333303E+03 -2.72078707972033757E-09 -3.54226480805179967E-09
  4.06666666666666652E+03 -2.78641279536022624E-09 -3.34603199423777061E-09
  4.07999999999999955E+03 -2.71718951392355700E-09 -3.17499105247376627E-09
  4.09333333333333303E+03 -2.75272893212660304E-09 -3.05085819667654525E-09
  4.10666666666666606E+03 -2.66296703052173607E-09 -2.99388993045133640E-09
  4.12000000000000000E+03 -2.66213545947174272E-09 -2.97537173698355492E-09
  4.13333333333333303E+03 -2.55147118111584841E-09 -3.03916610511790206E-09
  4.14666666666666606E+03 -2.51918601951905767E-09 -3.11721267450155446E-09
  4.16000000000000000E+03 -2.39748928504579663E-09 -3.26761550159935097E-09
  4.17333333333333303E+03 -2.34857858112620604E-09 -3.39642901478651325E-09
  4.18666666666666606E+03 -2.23292545027138086E-09 -3.57216244663167852E-09
  4.20000000000000000E+03 -2.18688098521993900E-09 -3.68817538711326407E-09
  4.21333333333333303E+03 -2.09558696508675907E-09 -3.82342669892402505E-09
  4.22666666666666606E+03 -2.06948025056559121E-09 -3.86985261344322127E-09
  4.24000000000000000E+03 -2.01515023542361277E-09 -3.91739985373041219E-09
  4.25333333333333303E+03 -2.01737651679785659E-09 -3.86495930042992510E-09
  4.26666666666666606E+03 -2.00167829744610088E-09 -3.81171821650763816E-09
  4.28000000000000000E+03 -2.02876898019415606E-09 -3.66813814031335597E-09
  4.29333333333333303E+03 -2.04117610890529886E-09 -3.53791145672036756E-09
  4.30666666666666606E+03 -2.07886753879573058E-09 -3.34344613646070037E-09
  4.32000000000000000E+03 -2.10004518236741246E-09 -3.18635907276021437E-09
  4.33333333333333303E+03 -2.12837501618187015E-09 -2.99781819316172697E-09
  4.34666666666666606E+03 -2.13698651812029357E-09 -2.87078851912432323E-09
  4.36000000000000000E+03 -2.13772485877350836E-09 -2.74045839016761526E-09
  4.37333333333333303E+03 -2.11810246290905293E-09 -2.68620220908613935E-09
  4.38666666666666606E+03 -2.08181536920091086E-09 -2.64344444743873852E-09
  4.40000000000000000E+03 -2.02964375092482348E-09 -2.67573225801986730E-09
  4.41333333333333303E+03 -1.95965969781591452E-09 -2.71768016348760890E-09
  4.42666666666666606E+03 -1.88356814411165750E-09 -2.81786524734101142E-09
  4.44000000000000000E+03 -1.79520769150937828E-09 -2.91210809354422672E-09
  4.45333333333333303E+03 -1.71363474892143141E-09 -3.03755342466520483E-09
  4.46666666666666606E+03 -1.62888515286187706E-09 -3.13528222005986794E-09
  4.48000000000000000E+03 -1.56327787713251954E-09 -3.23597713480360952E-09
  4.49333333333333303E+03 -1.50286907327141991E-09 -3.29035651040639069E-09
  4.50666666666666606E+03 -1.46965453872797835E-09 -3.32729438768435907E-09
  4.52000000000000000E+03 -1.44549751854467119E-09 -3.31016927853949605E-09
  4.53333333333333303E+03 -1.44979416011364917E-09 -3.26879701768857663E-09
  4.54666666666666606E+03 -1.46060696716422523E-09 -3.17978152077698988E-09
  4.56000000000000000E+03 -1.49407212437504545E-09 -3.07396011549458804E-09
  4.57333333333333303E+03 -1.52583295555779076E-09 -2.93903233497341617E-09
  4.58666666666666606E+03 -1.56952514905638086E-09 -2.80458350497068477E-09
  4.60000000000000000E+03 -1.60061430728949921E-09 -2.66526697321409980E-09
  4.61333333333333303E+03 -1.63185533362751814E-09 -2.54596930972174272E-09
  4.62666666666666606E+03 -1.64102015752605569E-09 -2.44351938586796341E-09
  4.64000000000000000E+03 -1.64171300653731326E-09 -2.37499300013219795E-09
  4.65333333333333303E+03 -1.61593342639976028E-09 -2.33555274578644485E-09
  4.66666666666666606E+03 -1.57923108224123117E-09 -2.33295573370182678E-09
  4.68000000000000000E+03 -1.51857205007712993E-09 -2.35896110591932993E-09
  4.69333333333333303E+03 -1.45140744862425892E-09 -2.41272818891893884E-09
  4.70666666666666606E+03 -1.36903938611427568E-09 -2.48330553356837519E-09
  4.72000000000000000E+03 -1.28957150697533306E-09 -2.56401926530223312E-09
  4.73333333333333303E+03 -1.20693235981392288E-09 -2.64373808569729326E-09
  4.74666666666666606E+03 -1.13785138692020221E-09 -2.71386100607506700E-09
  4.76000000000000000E+03 -1.07673990920701644E-09 -2.76623349432225311E-09
  4.77333333333333303E+03 -1.03690915451761923E-09 -2.79408452262683839E-09
  4.78666666666666606E+03 -1.01144961049401126E-09 -2.79468965963822483E-09
  4.80000000000000000E+03 -1.00897507878702252E-09 -2.76550636804551082E-09
  4.81333333333333303E+03 -1.02043673109954095E-09 -2.71003192800834194E-09
  4.82666666666666606E+03 -1.04972641525912829E-09 -2.63030998435479708E-09
  4.84000000000000000E+03 -1.08610735481309460E-09 -2.53490322947351249E-09
  4.85333333333333303E+03 -1.12999768163451368E-09 -2.42884317417058294E-09
  4.86666666666666606E+03 -1.17050417758254445E-09 -2.32308860381893826E-09
  4.88000000000000000E+03 -1.20664685734758605E-09 -2.22288674865229547E-09
  4.89333333333333303E+03 -1.22938318313402692E-09 -2.13837199429616011E-09
  4.90666666666666606E+03 -1.23850526942301145E-09 -2.07220897098226993E-09
  4.92000000000000000E+03 -1.22851338383693051E-09 -2.03105739547363937E-09
  4.93333333333333303E+03 -1.20148007747894996E-09 -2.01324199099739282E-09
  4.94666666666666606E+03 -1.15615815996414807E-09 -2.02074093743656050E-09
  4.96000000000000000E+03 -1.09723720624859097E-09 -2.04742991373525818E-09
  4.97333333333333303E+03 -1.02715825423672217E-09 -2.09115787600381158E-09
  4.98666666666666606E+03 -9.52315352028173079E-10 -2.14285770575226224E-09
  5.00000000000000000E+03 -8.77187062552752660E-10 -2.19822723369704284E-09
  5.01333333333333303E+03 -8.08094878397443000E-10 -2.24776373962111138E-09
  5.02666666666666606E+03 -7.49402330203497965E-10 -2.28759174673556490E-09
  5.04000000000000000E+03 -7.05422995275325550E-10 -2.31033995525279096E-09
  5.05333333333333303E+03 -6.78509576443820325E-10 -2.31475256442321218E-09
  5.06666666666666606E+03 -6.69631639780138659E-10 -2.29730388893332338E-09
  5.08000000000000000E+03 -6.78148564586837654E-10 -2.26038958414955948E-09
  5.09333333333333303E+03 -7.01469556545702099E-10 -2.20463616345997140E-09
  5.10666666666666606E+03 -7.36207986775525714E-10 -2.13565948494850524E-09
  5.12000000000000000E+03 -7.77208243621225872E-10 -2.05711885812193555E-09
  5.13333333333333303E+03 -8.19679779557067383E-10 -1.97620559288342314E-09
  5.14666666666666606E+03 -8.57745008124000964E-10 -1.89756181779790133E-09
  5.15999999999999909E+03 -8.87113379026159244E-10 -1.82776736535027432E-09
  5.17333333333333303E+03 -9.03202281904624995E-10 -1.77026478349341104E-09
  5.18666666666666606E+03 -9.03955362873081120E-10 -1.72911871627880188E-09
  5.19999999999999909E+03 -8.87549526328117215E-10 -1.70504718554706023E-09
  5.21333333333333303E+03 -8.55072291845607028E-10 -1.69865170944181737E-09
  5.22666666666666606E+03 -8.07860751955003815E-10 -1.70755506517214526E-09
  5.23999999999999909E+03 -7.49896749152195359E-10 -1.72918861383042910E-09
  5.25333333333333303E+03 -6.84901277695274323E-10 -1.75890928539085597E-09
  5.26666666666666606E+03 -6.18445929422238780E-10 -1.79232999945853869E-09
  5.27999999999999909E+03 -5.55001915657614788E-10 -1.82418190487272163E-09
  5.29333333333333303E+03 -4.99866958777684881E-10 -1.85011723530215771E-09
  5.30666666666666606E+03 -4.56397246016336166E-10 -1.86603817288634605E-09
  5.31999999999999909E+03 -4.27887393462834846E-10 -1.86930182153169777E-09
  5.33333333333333303E+03 -4.15179285706868461E-10 -1.85827090216959850E-09
  5.34666666666666606E+03 -4.18598028011328813E-10 -1.83290138901505695E-09
  5.35999999999999909E+03 -4.36045911027787253E-10 -1.79436427958943907E-09
  5.37333333333333303E+03 -4.65009586392284291E-10 -1.74507764014221506E-09
  5.38666666666666606E+03 -5.01134454254135480E-10 -1.68836325134367855E-09
  5.39999999999999909E+03 -5.40220114585959208E-10 -1.62806607619852591E-09
  5.41333333333333303E+03 -5.77166294775545597E-10 -1.56830001182247627E-09
  5.42666666666666606E+03 -6.07806311811734710E-10 -1.51284922250160577E-09
  5.43999999999999909E+03 -6.28055653637139995E-10 -1.46509679162798306E-09
  5.45333333333333303E+03 -6.35422013315290599E-10 -1.42740014779410979E-09
  5.46666666666666606E+03 -6.28192431185435067E-10 -1.40128142406036851E-09
  5.47999999999999909E+03 -6.06508804205671237E-10 -1.38691366390890846E-09
  5.49333333333333303E+03 -5.71491587616798779E-10 -1.38359349080910694E-09
  5.50666666666666606E+03 -5.25863051724024745E-10 -1.38938921135509792E-09
  5.51999999999999909E+03 -4.73001127605544656E-10 -1.40184092855802050E-09
  5.53333333333333303E+03 -4.17192878161138509E-10 -1.41773659345164687E-09
  5.54666666666666606E+03 -3.62702985395562896E-10 -1.43392447453256802E-09
  5.55999999999999909E+03 -3.13812240250970450E-10 -1.44712633836448854E-09
  5.57333333333333303E+03 -2.74035061529354624E-10 -1.45472439606843213E-09
  5.58666666666666606E+03 -2.46118547980288429E-10 -1.45451123608128098E-09
  5.59999999999999909E+03 -2.31533319345912389E-10 -1.44533266477388273E-09
  5.61333333333333303E+03 -2.30572209820752037E-10 -1.42670929028989937E-09
  5.62666666666666606E+03 -2.42175615744538800E-10 -1.39927362980774948E-09
  5.63999999999999909E+03 -2.64187128949487477E-10 -1.36425593386455336E-09
  5.65333333333333303E+03 -2.93486781797375908E-10 -1.32372622333254076E-09
  5.66666666666666606E+03 -3.26366195510849673E-10 -1.27999666898809050E-09
  5.67999999999999909E+03 -3.58860529158321417E-10 -1.23573704853664864E-09
  5.69333333333333303E+03 -3.87135878270799473E-10 -1.19338505637810766E-09
  5.70666666666666606E+03 -4.07866033711999370E-10 -1.15522932160573543E-09
  5.71999999999999909E+03 -4.18501455601183362E-10 -1.12292289110406499E-09
  5.73333333333333303E+03 -4.17546409165520711E-10 -1.09761636291982421E-09
  5.74666666666666606E+03 -4.04610738196036182E-10 -1.07963856466956401E-09
  5.75999999999999909E+03 -3.80500313637307815E-10 -1.06872216324269515E-09
  5.77333333333333303E+03 -3.47024075528651764E-10 -1.06386303655343802E-09
  5.78666666666666606E+03 -3.06895141878186638E-10 -1.06362939873769281E-09
  5.79999999999999909E+03 -2.63348256964980322E-10 -1.06615910137826332E-09
  5.81333333333333303E+03 -2.19926453905553957E-10 -1.06949982512754838E-09
  5.82666666666666606E+03 -1.80026056457900558E-10 -1.07167092026630857E-09
  5.83999999999999909E+03 -1.46688621137708652E-10 -1.07096330087213768E-09
  5.85333333333333303E+03 -1.22208146157825376E-10 -1.06598738449653548E-09
  5.86666666666666606E+03 -1.08043150656900370E-10 -1.05587228421305835E-09
  5.87999999999999909E+03 -1.04590236680649837E-10 -1.04024533306413784E-09
  5.89333333333333303E+03 -1.11282022924063825E-10 -1.01930172032465184E-09
  5.90666666666666606E+03 -1.26563971244438849E-10 -9.93701856736965428E-10
  5.91999999999999909E+03 -1.48170994461698183E-10 -9.64524346350734773E-10
  5.93333333333333303E+03 -1.73268058028185549E-10 -9.33106135214489530E-10
  5.94666666666666606E+03 -1.98830267132248711E-10 -9.00926287945131598E-10
  5.95999999999999909E+03 -2.21850456260724376E-10 -8.69438915283477974E-10
  5.97333333333333303E+03 -2.39710324621254204E-10 -8.39948982947838837E-10
  5.98666666666666606E+03 -2.50340923180403421E-10 -8.13491227500193548E-10
  5.99999999999999909E+03 -2.52478160695052224E-10 -7.90750193622145013E-10
  6.01333333333333303E+03 -2.45689448077158268E-10 -7.72020258175481527E-10
  6.02666666666666606E+03 -2.30452557604133311E-10 -7.57195962337326750E-10
  6.03999999999999909E+03 -2.08019550533904484E-10 -7.45817758888937789E-10
  6.05333333333333303E+03 -1.80325159459192789E-10 -7.37126843101810874E-10
  6.06666666666666606E+03 -1.49724912912207897E-10 -7.30172255366464573E-10
  6.07999999999999909E+03 -1.18799693368484500E-10 -7.23898087372981002E-10
  6.09333333333333303E+03 -9.00541698547032230E-11 -7.17270049306134082E-10
  6.10666666666666606E+03 -6.57158062812703105E-11 -7.09353650339562668E-10
  6.11999999999999909E+03 -4.74932076065702948E-11 -6.99416874718218946E-10
  6.13333333333333303E+03 -3.64608539233547025E-11 -6.86965356977239746E-10
  6.14666666666666606E+03 -3.29510962920848084E-11 -6.71793309082919924E-10
  6.15999999999999909E+03 -3.65754281971593991E-11 -6.53960940546977041E-10
  6.17333333333333303E+03 -4.62697980960376388E-11 -6.33789293613855504E-10
  6.18666666666666606E+03 -6.04464313694689027E-11 -6.11788343293828714E-10
  6.19999999999999909E+03 -7.71548086227940508E-11 -5.88612990995970000E-10
  6.21333333333333303E+03 -9.43048125003495316E-11 -5.64967773062663987E-10
  6.22666666666666606E+03 -1.09866761405461268E-10 -5.41553473863622095E-10
  6.23999999999999909E+03 -1.22081227210829724E-10 -5.18980010746602720E-10
  6.25333333333333303E+03 -1.29612817500117867E-10 -4.97732064422104320E-10
  6.26666666666666606E+03 -1.31671280530611507E-10 -4.78114933620408919E-10
  6.27999999999999909E+03 -1.28059303887877614E-10 -4.60255928943794930E-10
  6.29333333333333303E+03 -1.19167934871354484E-10 -4.44092106167993948E-10
  6.30666666666666606E+03 -1.05904767782068673E-10 -4.29408097933124251E-10
  6.31999999999999909E+03 -8.95781236071808373E-11 -4.15857672411856949E-10
  6.33333333333333303E+03 -7.17411856897864119E-11 -4.03023594262073063E-10
  6.34666666666666606E+03 -5.40204225196138607E-11 -3.90454282915685225E-10
  6.35999999999999909E+03 -3.79438209942219067E-11 -3.77724249581637869E-10
  6.37333333333333303E+03 -2.47862777738797260E-11 -3.64464273628079253E-10
  6.38666666666666606E+03 -1.54519033676578382E-11 -3.50403783552563389E-10
  6.39999999999999909E+03 -1.03968377673113048E-11 -3.35379488632666349E-10
  6.41333333333333303E+03 -9.60920440648757836E-12 -3.19350125581042709E-10
  6.42666666666666606E+03 -1.26337835286381664E-11 -3.02380054178891080E-10
  6.43999999999999909E+03 -1.86506087239689516E-11 -2.84629084093448912E-10
  6.45333333333333303E+03 -2.65815700698638476E-11 -2.66318085664237629E-10
  6.46666666666666606E+03 -3.52293725278649493E-11 -2.47705484245418562E-10
  6.47999999999999909E+03 -4.34126133683240861E-11 -2.29049237081492767E-10
  6.49333333333333303E+03 -5.01038853278717835E-11 -2.10584084864268125E-10
  6.50666666666666606E+03 -5.45323669437375215E-11 -1.92493352450055034E-10
  6.51999999999999909E+03 -5.62641918999517790E-11 -1.74898709177691071E-10
  6.53333333333333303E+03 -5.52278894933649123E-11 -1.57849255539306088E-10
  6.54666666666666606E+03 -5.17097128805024812E-11 -1.41327426765338902E-10
  6.55999999999999909E+03 -4.62929817458538863E-11 -1.25255263772196393E-10
  6.57333333333333303E+03 -3.97786802856238543E-11 -1.09512342884413394E-10
  6.58666666666666606E+03 -3.30680479801028872E-11 -9.39523449550405874E-11
  6.59999999999999909E+03 -2.70520462158101727E-11 -7.84241658794941311E-11
  6.61333333333333303E+03 -2.24893796479780186E-11 -6.27889909040698768E-11
  6.62666666666666606E+03 -1.99206295679653134E-11 -4.69360707238541230E-11
  6.63999999999999909E+03 -1.95944655594036619E-11 -3.07923304301935324E-11
  6.65333333333333303E+03 -2.14496029779334493E-11 -1.43270999670384264E-11
