   0.0000000000000000E+00   0.0000000000000000E+00   0.0000000000000000E+00   0.0000000000000000E+00
   5.0000000000000003E-02   3.5140162145135610E-03   3.5138734617644420E-03   1.4275274911215044E-07
   1.0000000000000001E-01   1.1374994355319516E-02   1.1370152893155284E-02   4.8414621642464837E-06
   1.5000000000000002E-01   1.7252386005412030E-02   1.7235497232024628E-02   1.6888773387360333E-05
   2.0000000000000001E-01   1.9706331257450145E-02   1.9681164407540367E-02   2.5166849909827903E-05
   2.5000000000000000E-01   2.7258702848270415E-02   2.7192118266104345E-02   6.6584582166070218E-05
   3.0000000000000004E-01   3.0175083134109680E-02   3.0084774180148866E-02   9.0308953960827545E-05
   3.5000000000000003E-01   3.1018218090034532E-02   3.0920130632300119E-02   9.8087457734412979E-05
   4.0000000000000002E-01   3.5391340609048999E-02   3.5245684964726125E-02   1.4565564432288757E-04
   4.5000000000000001E-01   3.7303754398770782E-02   3.7133211724127320E-02   1.7054267464344423E-04
   5.0000000000000000E-01   3.8046942587117237E-02   3.7866012752137232E-02   1.8092983497999395E-04
   5.5000000000000004E-01   4.2373374194957340E-02   4.2123525500780946E-02   2.4984869417641822E-04
   6.0000000000000009E-01   4.8037285932142716E-02   4.7673449047446519E-02   3.6383688469608389E-04
   6.5000000000000002E-01   5.4436120676263855E-02   5.3907017805561459E-02   5.2910287070238502E-04
   7.0000000000000007E-01   5.5108468690680201E-02   5.4559559396828494E-02   5.4890929385168256E-04
   7.5000000000000000E-01   6.2712213237140171E-02   6.1904054023266583E-02   8.0815921387349815E-04
   8.0000000000000004E-01   6.3000610615791236E-02   6.2181281632273933E-02   8.1932898351736794E-04
   8.5000000000000009E-01   6.9666516483668853E-02   6.8559660512453019E-02   1.1068559712158828E-03
   9.0000000000000002E-01   7.3020385121865358E-02   7.1746501471938395E-02   1.2738836499268983E-03
   9.5000000000000007E-01   7.5691461325444603E-02   7.4273210160998901E-02   1.4182511644456925E-03
   1.0000000000000000E+00   7.8922637927809333E-02   7.7315758784045174E-02   1.6068791437642779E-03
   1.0500000000000000E+00   8.3081132445476394E-02   8.1208004315822258E-02   1.8731281296541079E-03
   1.1000000000000001E+00   8.5550004566643675E-02   8.3505809744805176E-02   2.0441948218384532E-03
   1.1500000000000001E+00   8.6358479772202970E-02   8.4256101977202569E-02   2.1023777950003727E-03
   1.2000000000000002E+00   9.4217703519264881E-02   9.1491812627947020E-02   2.7258908913178293E-03
   1.2500000000000000E+00   9.6980907820787748E-02   9.4009847768784932E-02   2.9710600520028193E-03
   1.3000000000000000E+00   1.0351858251445728E-01   9.9910642093182525E-02   3.6079404212748332E-03
   1.3500000000000001E+00   1.0585853827839316E-01   1.0200253835698303E-01   3.8559999214100899E-03
   1.4000000000000001E+00   1.1150563407583629E-01   1.0700546080655809E-01   4.5001732692779798E-03
   1.4500000000000002E+00   1.1303968245860743E-01   1.0835310522923881E-01   4.6865772293686490E-03
   1.5000000000000000E+00   1.1803956152199130E-01   1.1271049952990078E-01   5.3290619920905464E-03
   1.5500000000000000E+00   1.1861223119245827E-01   1.1320610582159119E-01   5.4061253708671412E-03
   1.6000000000000001E+00   1.2015914078637151E-01   1.1454121619246034E-01   5.6179245939111310E-03
   1.6500000000000001E+00   1.2050820511047444E-01   1.1484174962113897E-01   5.6664554893356388E-03
   1.7000000000000002E+00   1.2358707611818028E-01   1.1748065486557649E-01   6.1064212526037885E-03
   1.7500000000000000E+00   1.2776014024293558E-01   1.2102265023407394E-01   6.7374900088616229E-03
   1.8000000000000000E+00   1.2776965510963154E-01   1.2103067977797120E-01   6.7389753316602985E-03
   1.8500000000000001E+00   1.2831463467257997E-01   1.2149022869973396E-01   6.8244059728459969E-03
   1.9000000000000001E+00   1.3011981062313183E-01   1.2300739805229484E-01   7.1124125708370680E-03
   1.9500000000000002E+00   1.3445692937636225E-01   1.2662052502230664E-01   7.8364043540556701E-03
   2.0000000000000000E+00   1.4187057018875576E-01   1.3268894858489919E-01   9.1816216038565889E-03
   2.0500000000000003E+00   1.4360295892412447E-01   1.3408689259967335E-01   9.5160663244512351E-03
   2.1000000000000001E+00   1.5109692682939607E-01   1.4004371224902462E-01   1.1053214580371335E-02
   2.1499999999999999E+00   1.5611322686584925E-01   1.4394700972442476E-01   1.2166217141424497E-02
   2.2000000000000002E+00   1.6241973098534798E-01   1.4875568174510684E-01   1.3664049240241090E-02
   2.2500000000000000E+00   1.7035355623148574E-01   1.5464480195730443E-01   1.5708754274181485E-02
   2.3000000000000003E+00   1.7395385554040516E-01   1.5725686130986841E-01   1.6696994230536822E-02
   2.3500000000000001E+00   1.7431800153570107E-01   1.5751892330405903E-01   1.6799078231642024E-02
   2.4000000000000004E+00   1.7970372839852639E-01   1.6134862790780444E-01   1.8355100490721952E-02
   2.4500000000000002E+00   1.8160433105573698E-01   1.6267927911824531E-01   1.8925051937491711E-02
   2.5000000000000000E+00   1.8757119585296078E-01   1.6678517412903598E-01   2.0786021723924811E-02
   2.5500000000000003E+00   1.9234188719448977E-01   1.6998883049684738E-01   2.2353056697642360E-02
   2.6000000000000001E+00   2.0029186225902981E-01   1.7516864519676953E-01   2.5123217062260270E-02
   2.6500000000000004E+00   2.0272527673682472E-01   1.7671397967552790E-01   2.6011297061296776E-02
   2.7000000000000002E+00   2.0874725138000899E-01   1.8045636084123742E-01   2.8290890538771464E-02
   2.7500000000000000E+00   2.1482100879761035E-01   1.8411177412443197E-01   3.0709234673178414E-02
   2.8000000000000003E+00   2.2191320086979743E-01   1.8822719456044071E-01   3.3686006309356781E-02
   2.8500000000000001E+00   2.2871260217515466E-01   1.9201678396617478E-01   3.6695818208980095E-02
   2.9000000000000004E+00   2.3083991071491458E-01   1.9317091718701535E-01   3.7668993527899125E-02
   2.9500000000000002E+00   2.3577298571938921E-01   1.9578931018415272E-01   3.9983675535236470E-02
   3.0000000000000000E+00   2.3874556004741637E-01   1.9732793774057214E-01   4.1417622306844308E-02
   3.0500000000000003E+00   2.4586645833638082E-01   2.0089384408105759E-01   4.4972614255323513E-02
   3.1000000000000001E+00   2.4616664826388429E-01   2.0104045144830435E-01   4.5126196815580000E-02
   3.1500000000000004E+00   2.4746819947345627E-01   2.0167262766292771E-01   4.5795571810528631E-02
   3.2000000000000002E+00   2.5316829306827937E-01   2.0437468217949040E-01   4.8793610888789099E-02
   3.2500000000000000E+00   2.5401853654238193E-01   2.0476845308877994E-01   4.9250083453602093E-02
   3.3000000000000003E+00   2.5750206465812253E-01   2.0635666997680521E-01   5.1145394681317402E-02
   3.3500000000000001E+00   2.6412651856504160E-01   2.0926587389578694E-01   5.4860644669254680E-02
   3.4000000000000004E+00   2.7007010935093423E-01   2.1175282941522239E-01   5.8317279935712008E-02
   3.4500000000000002E+00   2.7146874463679316E-01   2.1232120485217942E-01   5.9147539784613817E-02
   3.5000000000000000E+00   2.7420103408610524E-01   2.1341311343261773E-01   6.0787920653487669E-02
   3.5500000000000003E+00   2.7535009335305460E-01   2.1386504842583526E-01   6.1485044927219332E-02
   3.6000000000000001E+00   2.7839885002883757E-01   2.1504338085301214E-01   6.3355469175825477E-02
   3.6500000000000004E+00   2.8432161808990919E-01   2.1724679019532706E-01   6.7074827894582231E-02
   3.7000000000000002E+00   2.8638471852077141E-01   2.1798792362635389E-01   6.8396794894417523E-02
   3.7500000000000000E+00   2.8853023807165490E-01   2.1874430503425754E-01   6.9785933037397260E-02
   3.8000000000000003E+00   2.9081876335769075E-01   2.1953504375797772E-01   7.1283719599713233E-02
   3.8500000000000001E+00   2.9186492043646267E-01   2.1989101866495772E-01   7.1973901771505033E-02
   3.9000000000000004E+00   2.9605708496068650E-01   2.2128309848373773E-01   7.4773986476948967E-02
   3.9500000000000002E+00   2.9923868328860131E-01   2.2230314024159045E-01   7.6935543047010932E-02
   4.0000000000000000E+00   3.0558019253289381E-01   2.2424362007379672E-01   8.1336572459097020E-02
   4.0499999999999998E+00   3.0980253073446379E-01   2.2546816897968702E-01   8.4334361754776765E-02
   4.1000000000000005E+00   3.1298499515722833E-01   2.2635602737934396E-01   8.6628967777884411E-02
   4.1500000000000004E+00   3.1466580699843982E-01   2.2681289882075664E-01   8.7852908177683237E-02
   4.2000000000000002E+00   3.1977122989765616E-01   2.2815019243023996E-01   9.1621037467416316E-02
   4.2500000000000000E+00   3.2350758826257670E-01   2.2908143914830761E-01   9.4426149114268998E-02
   4.2999999999999998E+00   3.2412912572253166E-01   2.2923251097375005E-01   9.4896614748781652E-02
   4.3500000000000005E+00   3.2610815376586033E-01   2.2970630617023632E-01   9.6401847595623896E-02
   4.4000000000000004E+00   3.2676660362690846E-01   2.2986151611096978E-01   9.6905087515938820E-02
   4.4500000000000002E+00   3.3424025500918120E-01   2.3153951038504744E-01   1.0270074462413359E-01
   4.5000000000000000E+00   3.4142688156516182E-01   2.3301146964146144E-01   1.0841541192370038E-01
   4.5499999999999998E+00   3.4879689065160935E-01   2.3438216833487155E-01   1.1441472231673788E-01
   4.6000000000000005E+00   3.5404773407218160E-01   2.3527610905574001E-01   1.1877162501644177E-01
   4.6500000000000004E+00   3.5434091784170846E-01   2.3532404767684745E-01   1.1901687016486109E-01
   4.7000000000000002E+00   3.5910115889334210E-01   2.3607379228100853E-01   1.2302736661233374E-01
   4.7500000000000000E+00   3.5975584919682280E-01   2.3617274321777390E-01   1.2358310597904885E-01
   4.8000000000000007E+00   3.6343784288900638E-01   2.3671086840816508E-01   1.2672697448084153E-01
   4.8500000000000005E+00   3.7037774904705539E-01   2.3764249945171939E-01   1.3273524959533611E-01
   4.9000000000000004E+00   3.7414006133514222E-01   2.3810398138034067E-01   1.3603607995480163E-01
   4.9500000000000002E+00   3.7633016217209203E-01   2.3835896814491714E-01   1.3797119402717503E-01
   5.0000000000000000E+00   3.8229496797773022E-01   2.3900412342667479E-01   1.4329084455105548E-01
   5.0500000000000007E+00   3.8562520895182345E-01   2.3933395208194552E-01   1.4629125686987804E-01
   5.1000000000000005E+00   3.9270812542145950E-01   2.3996656090293428E-01   1.5274156451852525E-01
   5.1500000000000004E+00   3.9608080835230153E-01   2.4023627770369119E-01   1.5584453064861040E-01
   5.2000000000000002E+00   3.9632980312327570E-01   2.4025541270973064E-01   1.5607439041354518E-01
   5.2500000000000000E+00   4.0359059386018603E-01   2.4076816926392747E-01   1.6282242459625865E-01
   5.3000000000000007E+00   4.0544598267915588E-01   2.4088564481829114E-01   1.6456033786086485E-01
   5.3500000000000005E+00   4.0799673276716214E-01   2.4103854114791440E-01   1.6695819161924785E-01
   5.4000000000000004E+00   4.0916780973451861E-01   2.4110547416221431E-01   1.6806233557230424E-01
   5.4500000000000002E+00   4.1109946712719803E-01   2.4121149487865395E-01   1.6988797224854410E-01
   5.5000000000000000E+00   4.1552387658711820E-01   2.4143441877104577E-01   1.7408945781607243E-01
   5.5500000000000007E+00   4.2178342110871503E-01   2.4170507057280088E-01   1.8007835053591417E-01
   5.6000000000000005E+00   4.2921299577997840E-01   2.4196405396311807E-01   1.8724894181686036E-01
   5.6500000000000004E+00   4.3255757254426896E-01   2.4206052177866549E-01   1.9049705076560339E-01
   5.7000000000000002E+00   4.3636161008612079E-01   2.4215632124250219E-01   1.9420528884361865E-01
   5.7500000000000000E+00   4.4382937596248423E-01   2.4230523972336895E-01   2.0152413623911522E-01
   5.8000000000000007E+00   4.4801238289687584E-01   2.4236841596476694E-01   2.0564396693210893E-01
   5.8500000000000005E+00   4.4973251028234151E-01   2.4239061733175568E-01   2.0734189295058578E-01
   5.9000000000000004E+00   4.5289613593316830E-01   2.4242615597374964E-01   2.1046997995941882E-01
   5.9500000000000002E+00   4.5746955758171587E-01   2.4246649654157079E-01   2.1500306104014524E-01
   6.0000000000000000E+00   4.6000431825256766E-01   2.4248383915701513E-01   2.1752047909555258E-01
   6.0500000000000007E+00   4.6465190547535618E-01   2.4250762719320237E-01   2.2214427828215377E-01
   6.1000000000000005E+00   4.6776887700064779E-01   2.4251858906576904E-01   2.2525028793487903E-01
   6.1500000000000004E+00   4.7091850472442431E-01   2.4252630077201140E-01   2.2839220395241297E-01
   6.2000000000000002E+00   4.7737291930876424E-01   2.4253412416736977E-01   2.3483879514139450E-01
   6.2500000000000000E+00   4.8291775550130367E-01   2.4253559218085086E-01   2.4038216332045298E-01
   6.3000000000000007E+00   4.8771679061711926E-01   2.4518110466655660E-01   2.4253568595056268E-01
   6.3500000000000005E+00   4.9134162816348792E-01   2.4880519208613761E-01   2.4253643607735051E-01
   6.4000000000000004E+00   4.9621356679891676E-01   2.5367339134009492E-01   2.4254017545882181E-01
   6.4500000000000002E+00   5.0263734850240271E-01   2.6008389672977122E-01   2.4255345177263160E-01
   6.5000000000000000E+00   5.1008023903040978E-01   2.6749318624976504E-01   2.4258705278064491E-01
   6.5500000000000007E+00   5.1156188517852696E-01   2.6896514439407238E-01   2.4259674078445456E-01
   6.6000000000000005E+00   5.1271826302384782E-01   2.7011316859153967E-01   2.4260509443230813E-01
   6.6500000000000004E+00   5.1752739261270742E-01   2.7487940701447960E-01   2.4264798559822764E-01
   6.7000000000000002E+00   5.2101011371592276E-01   2.7832197379770696E-01   2.4268813991821592E-01
   6.7500000000000000E+00   5.2643386491630217E-01   2.8366582754156200E-01   2.4276803737474029E-01
   6.8000000000000007E+00   5.2933718638167182E-01   2.8651676491845407E-01   2.4282042146321783E-01
   6.8500000000000005E+00   5.3523847314862572E-01   2.9228852566988711E-01   2.4294994747873866E-01
   6.9000000000000004E+00   5.3607946816751206E-01   2.9310837057881450E-01   2.4297109758869762E-01
   6.9500000000000002E+00   5.3854397220985051E-01   2.9550678809629816E-01   2.4303718411355232E-01
   7.0000000000000000E+00   5.4281493554983162E-01   2.9964802590884743E-01   2.4316690964098431E-01
   7.0500000000000007E+00   5.4787767352253935E-01   3.0453025165529934E-01   2.4334742186723993E-01
   7.1000000000000005E+00   5.5473006071543007E-01   3.1108794569527298E-01   2.4364211502015723E-01
   7.1500000000000004E+00   5.5916828965480814E-01   3.1530182304503179E-01   2.4386646660977651E-01
   7.2000000000000002E+00   5.5926282676931283E-01   3.1539127983988624E-01   2.4387154692942675E-01
   7.2500000000000000E+00   5.6658758115570385E-01   3.2228218898513961E-01   2.4430539217056446E-01
   7.3000000000000007E+00   5.7354725090712577E-01   3.2875169668634180E-01   2.4479555422078425E-01
   7.3500000000000005E+00   5.7755725644675993E-01   3.3244236525285503E-01   2.4511489119390506E-01
   7.4000000000000004E+00   5.8038561899167118E-01   3.3502846395354630E-01   2.4535715503812511E-01
   7.4500000000000002E+00   5.8217081273980309E-01   3.3665328670697270E-01   2.4551752603283039E-01
   7.5000000000000000E+00   5.8516722799748411E-01   3.3936722605504688E-01   2.4580000194243734E-01
   7.5500000000000007E+00   5.9311776939485983E-01   3.4648429322454444E-01   2.4663347617031550E-01
   7.6000000000000005E+00   5.9983129883272257E-01   3.5239411451264135E-01   2.4743718432008119E-01
   7.6500000000000004E+00   5.9992259977441842E-01   3.5247382925865867E-01   2.4744877051575975E-01
   7.7000000000000002E+00   6.0305532033362419E-01   3.5519806226188272E-01   2.4785725807174158E-01
   7.7500000000000000E+00   6.0503275558137026E-01   3.5690656261057291E-01   2.4812619297079730E-01
   7.8000000000000007E+00   6.0613817726379660E-01   3.5785784805794740E-01   2.4828032920584928E-01
   7.8500000000000005E+00   6.1244148763977713E-01   3.6322905527027638E-01   2.4921243236950089E-01
   7.9000000000000004E+00   6.1408214590821220E-01   3.6461194756718257E-01   2.4947019834102968E-01
   7.9500000000000002E+00   6.1732742012978581E-01   3.6732846073216513E-01   2.4999895939762079E-01
   8.0000000000000000E+00   6.1866485491352141E-01   3.6844058483463749E-01   2.5022427007888415E-01
   8.0500000000000007E+00   6.2504593112433582E-01   3.7368587669590486E-01   2.5136005442843107E-01
   8.0999999999999996E+00   6.2474929483617081E-01   3.7302588399620840E-01   2.5172341083996247E-01
   8.1500000000000004E+00   6.1905626285631898E-01   3.6590822264711509E-01   2.5314804020920406E-01
   8.2000000000000011E+00   6.1739364455407775E-01   3.6379739978046111E-01   2.5359624477361664E-01
   8.2500000000000000E+00   6.1414041056618784E-01   3.5962218433501852E-01   2.5451822623116938E-01
   8.3000000000000007E+00   6.0936652660864854E-01   3.5338046679314178E-01   2.5598605981550671E-01
   8.3499999999999996E+00   6.0881250828796984E-01   3.5264673462632606E-01   2.5616577366164395E-01
   8.4000000000000004E+00   6.0871302038120656E-01   3.5251476055499553E-01   2.5619825982621119E-01
   8.4500000000000011E+00   6.0653615949045270E-01   3.4961044722620555E-01   2.5692571226424726E-01
   8.5000000000000000E+00   6.0601099966051719E-01   3.4890493564791930E-01   2.5710606401259783E-01
   8.5500000000000007E+00   6.0023684487158158E-01   3.4101561737915187E-01   2.5922122749242976E-01
   8.5999999999999996E+00   5.9590161543780429E-01   3.3492022377272851E-01   2.6098139166507572E-01
   8.6500000000000004E+00   5.9536740283022138E-01   3.3415806762729666E-01   2.6120933520292472E-01
   8.7000000000000011E+00   5.8992595131059700E-01   3.2624528310360101E-01   2.6368066820699620E-01
   8.7500000000000000E+00   5.8892292752235420E-01   3.2475530223079729E-01   2.6416762529155685E-01
   8.8000000000000007E+00   5.8745627681796009E-01   3.2255784696735723E-01   2.6489842985060280E-01
   8.8499999999999996E+00   5.8300861864148867E-01   3.1574953805665651E-01   2.6725908058483211E-01
   8.9000000000000004E+00   5.8124055157278232E-01   3.1297855423532100E-01   2.6826199733746148E-01
   8.9500000000000011E+00   5.8093951592171367E-01   3.1250288943732768E-01   2.6843662648438610E-01
   9.0000000000000000E+00   5.7733064053898342E-01   3.0670817087157531E-01   2.7062246966740811E-01
   9.0500000000000007E+00   5.7424873373796670E-01   3.0161539504713120E-01   2.7263333869083556E-01
   9.0999999999999996E+00   5.7255771696849744E-01   2.9875982708913446E-01   2.7379788987936315E-01
   9.1500000000000004E+00   5.7013910266262113E-01   2.9459454452598566E-01   2.7554455813663559E-01
   9.2000000000000011E+00   5.6685858192790317E-01   2.8878007771922326E-01   2.7807850420867991E-01
   9.2500000000000000E+00   5.6593117217750621E-01   2.8709934610086951E-01   2.7883182607663687E-01
   9.3000000000000007E+00   5.6296662405527975E-01   2.8160816106861758E-01   2.8135846298666223E-01
   9.3499999999999996E+00   5.6214088978069077E-01   2.8209622533877782E-01   2.8004466444191312E-01
   9.4000000000000004E+00   5.6154707639353996E-01   2.8263642736688926E-01   2.7891064902665064E-01
   9.4500000000000011E+00   5.5874206168766583E-01   2.8530332691332960E-01   2.7343873477433644E-01
   9.5000000000000000E+00   5.5733280567276289E-01   2.8671950730821355E-01   2.7061329836454950E-01
   9.5500000000000007E+00   5.5699412229700629E-01   2.8706793034392530E-01   2.6992619195308093E-01
   9.6000000000000014E+00   5.5337546665326531E-01   2.9100118649830420E-01   2.6237428015496117E-01
   9.6500000000000004E+00   5.5153495360724514E-01   2.9316241250242508E-01   2.5837254110482011E-01
   9.7000000000000011E+00   5.4836548541034813E-01   2.9717387836255321E-01   2.5119160704779492E-01
   9.7500000000000000E+00   5.4665411941119457E-01   2.9950997676745517E-01   2.4714414264373938E-01
   9.8000000000000007E+00   5.4424368270323142E-01   3.0303001675566815E-01   2.4121366594756327E-01
   9.8500000000000014E+00   5.4399149751442910E-01   3.0341510921172637E-01   2.4057638830270286E-01
   9.9000000000000004E+00   5.4247923038668466E-01   3.0579680227517309E-01   2.3668242811151155E-01
   9.9500000000000011E+00   5.3980278426163064E-01   3.1034567775254501E-01   2.2945710650908546E-01
   1.0000000000000000E+01   5.3908538053720623E-01   3.1164546947167915E-01   2.2743991106552697E-01
   1.0050000000000001E+01   5.3789832372773383E-01   3.1387906289587514E-01   2.2401926083185866E-01
   1.0100000000000001E+01   5.3573039496516661E-01   3.1825304903244622E-01   2.1747734593272047E-01
   1.0150000000000000E+01   5.3468967400226497E-01   3.2050435116181580E-01   2.1418532284044925E-01
   1.0200000000000001E+01   5.3364224938259353E-01   3.2288162705369378E-01   2.1076062232889980E-01
   1.0250000000000000E+01   5.3199385196402804E-01   3.2687593061402537E-01   2.0511792135000267E-01
   1.0300000000000001E+01   5.3027072672024733E-01   3.3143235146721622E-01   1.9883837525303111E-01
   1.0350000000000001E+01   5.2901117322329838E-01   3.3505201571556292E-01   1.9395915750773546E-01
   1.0400000000000000E+01   5.2866181806791501E-01   3.3610488125823218E-01   1.9255693680968286E-01
   1.0450000000000001E+01   5.2764781132358451E-01   3.3929443428576755E-01   1.8835337703781699E-01
   1.0500000000000000E+01   5.2724945096278164E-01   3.4060606739111537E-01   1.8664338357166632E-01
   1.0550000000000001E+01   5.2674982014471072E-01   3.4230197029727349E-01   1.8444784984743751E-01
   1.0600000000000001E+01   5.2518714690229784E-01   3.4801730423437488E-01   1.7716984266792293E-01
   1.0650000000000000E+01   5.2514640082173436E-01   3.4817558711712610E-01   1.7697081370460838E-01
   1.0700000000000001E+01   5.2380677000259845E-01   3.5368701566158844E-01   1.7011975434101012E-01
   1.0750000000000000E+01   5.2367821817921789E-01   3.5425018967666017E-01   1.6942802850255770E-01
   1.0800000000000001E+01   5.2245927523707969E-01   3.5994404928384460E-01   1.6251522595323509E-01
   1.0850000000000001E+01   5.2227317221874892E-01   3.6087595956447927E-01   1.6139721265426960E-01
   1.0900000000000000E+01   5.2118007585587567E-01   3.6675327518608991E-01   1.5442680066978579E-01
   1.0950000000000001E+01   5.2043252934651074E-01   3.7124473385450701E-01   1.4918779549200373E-01
   1.1000000000000000E+01   5.2009396230599891E-01   3.7343274922233954E-01   1.4666121308365929E-01
   1.1050000000000001E+01   5.1985491259899885E-01   3.7504365369797998E-01   1.4481125890101873E-01
   1.1100000000000001E+01   5.1931065268375332E-01   3.7894257364599693E-01   1.4036807903775650E-01
   1.1150000000000000E+01   5.1846208294232776E-01   3.8581039320853100E-01   1.3265168973379679E-01
   1.1200000000000001E+01   5.1843910364241674E-01   3.8601255325728001E-01   1.3242655038513690E-01
   1.1250000000000000E+01   5.1829859430755154E-01   3.8727021951191909E-01   1.3102837479563251E-01
   1.1300000000000001E+01   5.1774065574772454E-01   3.9267802490085107E-01   1.2506263084687336E-01
   1.1350000000000001E+01   5.1736496490538841E-01   3.9677472734459851E-01   1.2059023756079014E-01
   1.1400000000000000E+01   5.1680849654670846E-01   4.0377163185983256E-01   1.1303686468687611E-01
   1.1450000000000001E+01   5.1650421884465980E-01   4.0824402414955885E-01   1.0826019469510105E-01
   1.1500000000000000E+01   5.1646978621313344E-01   4.0878751098875599E-01   1.0768227522437755E-01
   1.1550000000000001E+01   5.1625787186440952E-01   4.1233538643080631E-01   1.0392248543360336E-01
   1.1600000000000001E+01   5.1613876684534099E-01   4.1450677445341416E-01   1.0163199239192701E-01
   1.1650000000000000E+01   5.1585458102975379E-01   4.2036936094729865E-01   9.5485220082455372E-02
   1.1700000000000001E+01   5.1581884087646390E-01   4.2119175230315153E-01   9.4627088573312534E-02
   1.1750000000000000E+01   5.1566231955735520E-01   4.2508978106486589E-01   9.0572538492489557E-02
   1.1800000000000001E+01   5.1545411205799574E-01   4.3128934423328019E-01   8.4164767824715783E-02
   1.1850000000000001E+01   5.1542459600023016E-01   4.3229857574753605E-01   8.3126020252694374E-02
   1.1900000000000000E+01   5.1536729681265814E-01   4.3438161035473366E-01   8.0985686457924685E-02
   1.1950000000000001E+01   5.1523563990235899E-01   4.3999437915977613E-01   7.5241260742583166E-02
   1.2000000000000000E+01   5.1513463692528683E-01   4.4555385901804800E-01   6.9580777907239044E-02
   1.2050000000000001E+01   5.1511338081297398E-01   4.4695100764724977E-01   6.8162373165724502E-02
   1.2100000000000001E+01   5.1503391352737371E-01   4.5342906405199895E-01   6.1604849475375076E-02
   1.2150000000000000E+01   5.1502909979115197E-01   4.5391655787530488E-01   6.1112541915847536E-02
   1.2200000000000001E+01   5.1497660166062742E-01   4.6070399475230484E-01   5.4272606908322862E-02
   1.2250000000000000E+01   5.1494381022088920E-01   4.6848058694272193E-01   4.6463223278167556E-02
   1.2300000000000001E+01   5.1493841748429592E-01   4.7075655036494890E-01   4.4181867119347212E-02
   1.2350000000000001E+01   5.1493252333176109E-01   4.7460693724408187E-01   4.0325586087679430E-02
   1.2400000000000000E+01   5.1492912406480795E-01   4.8022669323428291E-01   3.4702430830525252E-02
   1.2450000000000001E+01   5.1492877451386188E-01   4.8311615451372492E-01   3.1812620000137140E-02
   1.2500000000000000E+01   5.1169060725093907E-01   4.8507136178648164E-01   2.6619245464457503E-02
   1.2550000000000001E+01   5.0573429714860529E-01   4.8507380914433446E-01   2.0660488004271043E-02
   1.2600000000000001E+01   5.0426632042704289E-01   4.8507524203007812E-01   1.9191078396964899E-02
   1.2650000000000000E+01   4.9693604331030228E-01   4.8509046857185045E-01   1.1845574738452068E-02
   1.2700000000000001E+01   4.9456852984852567E-01   4.8509911958253310E-01   9.4694102659925814E-03
   1.2750000000000000E+01   4.8788657608702185E-01   4.8513673444776922E-01   2.7498416392527777E-03
   1.2800000000000001E+01   5.1480714779352299E-01   4.8172708125676700E-01   3.4657709497100736E-03
   1.2850000000000001E+01   5.1472444684269281E-01   4.7551201098110929E-01   9.7635421761979486E-03
   1.2900000000000000E+01   5.1461006276330701E-01   4.6928861835242552E-01   1.6101318884267236E-02
   1.2950000000000001E+01   5.1460877181446030E-01   4.6922784640991433E-01   1.6163381775625336E-02
   1.3000000000000000E+01   5.1443529165712221E-01   4.6223949923147489E-01   2.3325209111402838E-02
   1.3050000000000001E+01   5.1418648498647346E-01   4.5471640576761213E-01   3.1097109245914439E-02
   1.3100000000000001E+01   5.1418250726817194E-01   4.5461141162276475E-01   3.1206081109063217E-02
   1.3150000000000000E+01   5.1416379578676197E-01   4.5412262072991350E-01   3.1713583483324537E-02
   1.3200000000000001E+01   5.1389304465016283E-01   4.4782896143903889E-01   3.8277993910798176E-02
   1.3250000000000000E+01   5.1380706371424822E-01   4.4607308071800761E-01   4.0119855567744125E-02
   1.3300000000000001E+01   5.1348177493040659E-01   4.4017456711109437E-01   4.6343657958499027E-02
   1.3350000000000001E+01   5.1325484924676590E-01   4.3659266434856819E-01   5.0152486404665776E-02
   1.3400000000000000E+01   5.1324040172893703E-01   4.3637650822907720E-01   5.0383090041985761E-02
   1.3450000000000001E+01   5.1300634703866033E-01   4.3304410199272242E-01   5.3949550968617137E-02
   1.3500000000000000E+01   5.1290052867993507E-01   4.3163158112276279E-01   5.5467890197302118E-02
   1.3550000000000001E+01   5.1251739692224141E-01   4.2691896006873431E-01   6.0563643009024323E-02
   1.3600000000000001E+01   5.1204962867471493E-01   4.2184490011217379E-01   6.6105471213111167E-02
   1.3650000000000000E+01   5.1146130265089806E-01   4.1625013080718631E-01   7.2288566541915511E-02
   1.3700000000000001E+01   5.1133680225422529E-01   4.1515655949454866E-01   7.3506638251225914E-02
   1.3750000000000000E+01   5.1068817404038958E-01   4.0987116900758791E-01   7.9440656952022390E-02
   1.3800000000000001E+01   5.1005112399904684E-01   4.0523537405108212E-01   8.4713501949871081E-02
   1.3850000000000001E+01   5.0951118074540802E-01   4.0164950343889139E-01   8.8839315815700454E-02
   1.3900000000000000E+01   5.0925405287497405E-01   4.0003615771015155E-01   9.0709789414874217E-02
   1.3950000000000001E+01   5.0838396004156716E-01   3.9495959673712588E-01   9.6656443221306731E-02
   1.4000000000000000E+01   5.0744836427931395E-01   3.9005083948205460E-01   1.0250079623863141E-01
   1.4050000000000001E+01   5.0671765130491186E-01   3.8654002015153321E-01   1.0674232854355475E-01
   1.4100000000000001E+01   5.0550215193569992E-01   3.8121191956362394E-01   1.1328592850067588E-01
   1.4150000000000000E+01   5.0396027737294236E-01   3.7519528412143299E-01   1.2084443850562461E-01
   1.4200000000000001E+01   5.0344588649147815E-01   3.7334144107629252E-01   1.2321267243222925E-01
   1.4250000000000000E+01   5.0275240405858335E-01   3.7094759916006104E-01   1.2629999678135539E-01
   1.4300000000000001E+01   5.0188349600692961E-01   3.6810326101168789E-01   1.3001324298138237E-01
   1.4350000000000001E+01   5.0136462237246060E-01   3.6647969035916511E-01   1.3215568726837412E-01
   1.4400000000000000E+01   5.0035516802063773E-01   3.6346627222021399E-01   1.3617855975914805E-01
   1.4450000000000001E+01   4.9885969232120286E-01   3.5931544044360919E-01   1.4182486723518772E-01
   1.4500000000000000E+01   4.9822699989407682E-01   3.5765964870590827E-01   1.4411335140001469E-01
   1.4550000000000001E+01   4.9717728532288030E-01   3.5503031593046952E-01   1.4779239874664996E-01
   1.4600000000000001E+01   4.9613129545084711E-01   3.5254421339084252E-01   1.5132449115831015E-01
   1.4650000000000000E+01   4.9576302249259152E-01   3.5169836173482111E-01   1.5253861577258734E-01
   1.4700000000000001E+01   4.9375114944607146E-01   3.4732260290415734E-01   1.5892624764977104E-01
   1.4750000000000000E+01   4.9114405477165168E-01   3.4219140953927235E-01   1.6666453568907594E-01
   1.4800000000000001E+01   4.8986085870151330E-01   3.3985811367482510E-01   1.7028102762366146E-01
   1.4850000000000001E+01   4.8762900445200064E-01   3.3606168205937859E-01   1.7630931348862064E-01
   1.4900000000000000E+01   4.8723043062142890E-01   3.3541581376606278E-01   1.7735375561250813E-01
   1.4950000000000001E+01   4.8718099169372653E-01   3.3533634137987584E-01   1.7748266692639741E-01
   1.5000000000000000E+01   4.8480971641786363E-01   3.3168155619041501E-01   1.8350872739172114E-01
   1.5050000000000001E+01   4.8150207080613183E-01   3.2704473840255366E-01   1.9145319079131429E-01
   1.5100000000000001E+01   4.7888599488324679E-01   3.2370523331837087E-01   1.9740877179838209E-01
   1.5150000000000000E+01   4.7858205970938594E-01   3.2333413289535762E-01   1.9808380739525625E-01
   1.5200000000000001E+01   4.7570978063151037E-01   3.1998548730003806E-01   2.0430473206845137E-01
   1.5250000000000000E+01   4.7350326306895474E-01   3.1759254026718675E-01   2.0890419666385834E-01
   1.5300000000000001E+01   4.6955175172902064E-01   3.1365014592047125E-01   2.1679810235050789E-01
   1.5350000000000001E+01   4.6631192191856663E-01   3.1070777706458824E-01   2.2298030101684491E-01
   1.5400000000000000E+01   4.6293144188295443E-01   3.0788185312368210E-01   2.2918670499336341E-01
   1.5450000000000001E+01   4.6109081446884348E-01   3.0643810593479037E-01   2.3247107959636598E-01
   1.5500000000000000E+01   4.5710423289017765E-01   3.0351839989838370E-01   2.3937736721143849E-01
   1.5550000000000001E+01   4.5593480313527934E-01   3.0271188032747820E-01   2.4135331653724224E-01
   1.5600000000000001E+01   4.5310285107012171E-01   3.0084529038914698E-01   2.4605185854073103E-01
   1.5650000000000000E+01   4.5074294452805452E-01   2.9937774916333171E-01   2.4987930630861357E-01
   1.5700000000000001E+01   4.5024493570838942E-01   2.9907772468152627E-01   2.5067733961008409E-01
   1.5750000000000000E+01   4.5004761757999845E-01   2.9895975645916772E-01   2.5099262596083366E-01
   1.5800000000000001E+01   4.4503399155340673E-01   2.9612613609768335E-01   2.5883987234890971E-01
   1.5850000000000001E+01   4.4297382544603192E-01   2.9504744962761553E-01   2.6197872492635238E-01
   1.5900000000000000E+01   4.4003930431316518E-01   2.9358999227918270E-01   2.6637070340765207E-01
   1.5950000000000001E+01   4.3546323211961502E-01   2.9148857294048447E-01   2.7304819493990035E-01
   1.6000000000000000E+01   4.3309431660648323E-01   2.9047650951805792E-01   2.7642917387545862E-01
   1.6050000000000001E+01   4.2772417595488266E-01   2.8835644269277383E-01   2.8391938135234346E-01
   1.6100000000000001E+01   4.2573095964255370E-01   2.8762677600731035E-01   2.8664226435013573E-01
   1.6150000000000002E+01   4.2249946615562184E-01   2.9099574733976530E-01   2.8650478650461264E-01
   1.6199999999999999E+01   4.1935112922246487E-01   2.9516877778418649E-01   2.8548009299334837E-01
   1.6250000000000000E+01   4.1623785181940753E-01   2.9923310881338550E-01   2.8452903936720675E-01
   1.6300000000000001E+01   4.1349640709193447E-01   3.0276378080725830E-01   2.8373981210080701E-01
   1.6350000000000001E+01   4.1083330280953878E-01   3.0615265538177860E-01   2.8301404180868223E-01
   1.6400000000000002E+01   4.0531231080207564E-01   3.1305851785165018E-01   2.8162917134627380E-01
   1.6449999999999999E+01   3.9929215397071260E-01   3.2042020961127338E-01   2.8028763641801380E-01
   1.6500000000000000E+01   3.9869982823199135E-01   3.2113571590003853E-01   2.8016445586797012E-01
   1.6550000000000001E+01   3.9216137367623161E-01   3.2893697271273870E-01   2.7890165361102942E-01
   1.6600000000000001E+01   3.8984203621751834E-01   3.3166386006472626E-01   2.7849410371775513E-01
   1.6650000000000002E+01   3.8982502710988054E-01   3.3168378385553798E-01   2.7849118903458125E-01
   1.6699999999999999E+01   3.8353798298665875E-01   3.3897784034606093E-01   2.7748417666728009E-01
   1.6750000000000000E+01   3.7744008006645713E-01   3.4592760399566824E-01   2.7663231593787446E-01
   1.6800000000000001E+01   3.7367022844603570E-01   3.5016804571217797E-01   2.7616172584178605E-01
   1.6850000000000001E+01   3.6938388423396951E-01   3.5494146621686973E-01   2.7567464954916054E-01
   1.6900000000000002E+01   3.6869581379520777E-01   3.5570320052992033E-01   2.7560098567487168E-01
   1.6949999999999999E+01   3.6567246763808869E-01   3.5903605054596288E-01   2.7529148181594798E-01
   1.7000000000000000E+01   3.6488006843817955E-01   3.5990584691217320E-01   2.7521408464964697E-01
   1.7050000000000001E+01   3.6361535175964621E-01   3.6129098359518241E-01   2.7509366464517115E-01
   1.7100000000000001E+01   3.6277780080873601E-01   3.6220621144892640E-01   2.7501598774233738E-01
   1.7150000000000002E+01   3.6925505040182605E-01   3.5627835246793027E-01   2.7446659713024346E-01
   1.7199999999999999E+01   3.7119543494751872E-01   3.5447453753221725E-01   2.7433002752026375E-01
   1.7250000000000000E+01   3.7560077231145728E-01   3.5035688294423684E-01   2.7404234474430567E-01
   1.7300000000000001E+01   3.7727983764076756E-01   3.4877953730225320E-01   2.7394062505697897E-01
   1.7350000000000001E+01   3.7805042742115968E-01   3.4805420518729679E-01   2.7389536739154335E-01
   1.7400000000000002E+01   3.8559826283534104E-01   3.4090417842591203E-01   2.7349755873874654E-01
   1.7449999999999999E+01   3.9038350757189300E-01   3.3633078103033065E-01   2.7328571139777608E-01
   1.7500000000000000E+01   3.9458106447731911E-01   3.3229521433863629E-01   2.7312372118404432E-01
   1.7550000000000001E+01   4.0139708687006870E-01   3.2569850802648936E-01   2.7290440510344149E-01
   1.7600000000000001E+01   4.0642480126402025E-01   3.2080091730503257E-01   2.7277428143094690E-01
   1.7650000000000002E+01   4.1097401971088143E-01   3.1634856380649767E-01   2.7267741648262067E-01
   1.7699999999999999E+01   4.1661777497428232E-01   3.1080023208326035E-01   2.7258199294245689E-01
   1.7750000000000000E+01   4.2008818971178463E-01   3.0737628399754358E-01   2.7253552629067157E-01
   1.7800000000000001E+01   4.2238606294138636E-01   3.0510455131951919E-01   2.7250938573909428E-01
   1.7850000000000001E+01   4.2526877249436812E-01   3.0224984272424471E-01   2.7248138478138678E-01
   1.7900000000000002E+01   4.3029006645095602E-01   2.9726590516180895E-01   2.7244402838723475E-01
   1.7949999999999999E+01   4.3161731747485577E-01   2.9594635822235227E-01   2.7243632430279174E-01
   1.8000000000000000E+01   4.3768086374071580E-01   2.8990828553464598E-01   2.7241085072463794E-01
   1.8050000000000001E+01   4.4006290544815185E-01   2.8753253059749162E-01   2.7240456395435625E-01
   1.8100000000000001E+01   4.4258593345659392E-01   2.8501431804065780E-01   2.7239974850274801E-01
   1.8150000000000002E+01   4.4341809248485109E-01   2.8418338397289733E-01   2.7239852354225141E-01
   1.8199999999999999E+01   4.4520481650001920E-01   2.8239876024213417E-01   2.7239642325784658E-01
   1.8250000000000000E+01   4.4798635241931462E-01   2.7961928074581210E-01   2.7239436683487300E-01
   1.8300000000000001E+01   4.5559658559386429E-01   2.7239312470640809E-01   2.7201028969972740E-01
   1.8350000000000001E+01   4.5711022643632238E-01   2.7239310245119197E-01   2.7049667111248549E-01
   1.8400000000000002E+01   4.6038100168821650E-01   2.7239267100599496E-01   2.6722632730578832E-01
   1.8449999999999999E+01   4.6310880056959847E-01   2.7239150600423634E-01   2.6449969342616514E-01
   1.8500000000000000E+01   4.6912512996782862E-01   2.7238426953491068E-01   2.5849060049726047E-01
   1.8550000000000001E+01   4.7171331833556529E-01   2.7237835153106760E-01   2.5590833013336706E-01
   1.8600000000000001E+01   4.7445928764047030E-01   2.7236968209591250E-01   2.5317103026361715E-01
   1.8650000000000002E+01   4.8030016289371480E-01   2.7234121823163676E-01   2.4735861887464822E-01
   1.8699999999999999E+01   4.8289762942828807E-01   2.7232337736187540E-01   2.4477899320983632E-01
   1.8750000000000000E+01   4.8689328006045740E-01   2.7228863336383402E-01   2.4081808657570819E-01
   1.8800000000000001E+01   4.8726607068472227E-01   2.7228490353407114E-01   2.4044902578120639E-01
   1.8850000000000001E+01   4.8759886688496068E-01   2.7228149985781974E-01   2.4011963325721936E-01
   1.8900000000000002E+01   4.8925046189047960E-01   2.7226355021055160E-01   2.3848598789896874E-01
   1.8949999999999999E+01   4.9146756390925350E-01   2.7223656866313434E-01   2.3629586742761194E-01
   1.9000000000000000E+01   4.9260520164833987E-01   2.7222137774009703E-01   2.3517342061156285E-01
   1.9050000000000001E+01   4.9314042891472698E-01   2.7221390370741477E-01   2.3464566737785802E-01
   1.9100000000000001E+01   5.0077961776434554E-01   2.7208253103977242E-01   2.2713785119588190E-01
   1.9150000000000002E+01   5.0779530491499714E-01   2.7191618045412980E-01   2.2028851463087284E-01
   1.9200000000000003E+01   5.0813826800340645E-01   2.7190680497147401E-01   2.1995492702511940E-01
   1.9250000000000000E+01   5.1256661361567923E-01   2.7177454285920244E-01   2.1565884352511827E-01
   1.9300000000000001E+01   5.1975301491844483E-01   2.7151246826332232E-01   2.0873451681823241E-01
   1.9350000000000001E+01   5.2295339228378468E-01   2.7137530864904935E-01   2.0567129906716564E-01
   1.9400000000000002E+01   5.2678942727695510E-01   2.7119309893348392E-01   2.0201747378956070E-01
   1.9450000000000003E+01   5.3182453955684861E-01   2.7092278797971786E-01   1.9725267246343306E-01
   1.9500000000000000E+01   5.3536790085468189E-01   2.7071020181465971E-01   1.9392189733065823E-01
   1.9550000000000001E+01   5.4098254366956300E-01   2.7033329106542126E-01   1.8868416526501550E-01
   1.9600000000000001E+01   5.4786310730228704E-01   2.6980025551594683E-01   1.8233663718176599E-01
   1.9650000000000002E+01   5.5182646871413521E-01   2.6945553919619097E-01   1.7871799208967362E-01
   1.9700000000000003E+01   5.5189071534660561E-01   2.6944971613364643E-01   1.7865956851974760E-01
   1.9750000000000000E+01   5.5217962565277001E-01   2.6942343642217437E-01   1.7839693792505545E-01
   1.9800000000000001E+01   5.5757066315093218E-01   2.6890433326640339E-01   1.7352500358266432E-01
   1.9850000000000001E+01   5.6028250072595420E-01   2.6862206406535805E-01   1.7109543520868736E-01
   1.9900000000000002E+01   5.6582347420401802E-01   2.6799953052687142E-01   1.6617699526911017E-01
   1.9950000000000003E+01   5.7109910304137768E-01   2.6734750931734963E-01   1.6155338764127217E-01
   2.0000000000000000E+01   5.7598768051780036E-01   2.6668954219031671E-01   1.5732277729188263E-01
   2.0050000000000001E+01   5.8104234269195931E-01   2.6595276284462183E-01   1.5300489446341858E-01
   2.0100000000000001E+01   5.8854688208667394E-01   2.6474870205418338E-01   1.4670441585914251E-01
   2.0150000000000002E+01   5.9095823356662469E-01   2.6433294886142711E-01   1.4470881757194792E-01
   2.0200000000000003E+01   5.9151007863352389E-01   2.6423578567413625E-01   1.4425413569233964E-01
   2.0250000000000000E+01   5.9635700429405802E-01   2.6334961666540019E-01   1.4029337904054170E-01
   2.0300000000000001E+01   5.9920130382537806E-01   2.6280175973852182E-01   1.3799693643609987E-01
   2.0350000000000001E+01   6.0233715349476613E-01   2.6217341095942531E-01   1.3548943554580839E-01
   2.0400000000000002E+01   6.0306479032893257E-01   2.6202391859607710E-01   1.3491129107498995E-01
   2.0450000000000003E+01   6.0801170749122857E-01   2.6097015942670476E-01   1.3101813308206650E-01
   2.0500000000000000E+01   6.1311808993719752E-01   2.5981278638783278E-01   1.2706912367496953E-01
   2.0550000000000001E+01   6.1565119118180467E-01   2.5921187971862331E-01   1.2513692909957180E-01
   2.0600000000000001E+01   6.1797556985235946E-01   2.5864463324502784E-01   1.2337979690261264E-01
   2.0650000000000002E+01   6.2277766805171031E-01   2.5742400771528834E-01   1.1979832423300107E-01
   2.0700000000000003E+01   6.2829668787721582E-01   2.5593868974194844E-01   1.1576462238083568E-01
   2.0750000000000000E+01   6.3330334541818367E-01   2.5451349791218181E-01   1.1218315666963449E-01
   2.0800000000000001E+01   6.3904043623562568E-01   2.5278770669844786E-01   1.0817185706592629E-01
   2.0850000000000001E+01   6.4026418189728873E-01   2.5240661563404049E-01   1.0732920246867060E-01
   2.0900000000000002E+01   6.4029124830534689E-01   2.5239813486137885E-01   1.0731061683327395E-01
   2.0950000000000003E+01   6.4192581167468976E-01   2.5188179635167984E-01   1.0619239197363024E-01
   2.1000000000000000E+01   6.4297999873949307E-01   2.5154442065503252E-01   1.0547558060547427E-01
   2.1050000000000001E+01   6.4615330853321162E-01   2.5050805292187539E-01   1.0333863854491293E-01
   2.1100000000000001E+01   6.5156972175632544E-01   2.4866635549950883E-01   9.9763922744165665E-02
   2.1150000000000002E+01   6.5248552132345772E-01   2.4834582294184493E-01   9.9168655734697117E-02
   2.1200000000000003E+01   6.5527265578584237E-01   2.4735393303082664E-01   9.7373411183330830E-02
   2.1250000000000000E+01   6.5685245062600472E-01   2.4678071803389470E-01   9.6366831340100351E-02
   2.1300000000000001E+01   6.6023903656827643E-01   2.4552497338972962E-01   9.4235990041993803E-02
   2.1350000000000001E+01   6.6055646360459863E-01   2.4540538092467518E-01   9.4038155470726137E-02
   2.1400000000000002E+01   6.6650117924102015E-01   2.4310545656350346E-01   9.0393364195476278E-02
   2.1450000000000003E+01   6.7123548493091278E-01   2.4119153895840198E-01   8.7572976110685083E-02
   2.1500000000000000E+01   6.7205845024700328E-01   2.4085135569672228E-01   8.7090194056274328E-02
   2.1550000000000001E+01   6.7473815190299369E-01   2.3972824562052442E-01   8.5533602476481674E-02
   2.1600000000000001E+01   6.8182614009956088E-01   2.3664333863655990E-01   8.1530521263879052E-02
   2.1650000000000002E+01   6.8854982143267662E-01   2.3356302125369244E-01   7.7887157313630773E-02
   2.1700000000000003E+01   6.9575088063251211E-01   2.3009702433318102E-01   7.4152095034306822E-02
   2.1750000000000000E+01   7.0227420279031028E-01   2.2680786126456640E-01   7.0917935945123203E-02
   2.1800000000000001E+01   7.0604683765056819E-01   2.2484083925601417E-01   6.9112323093417527E-02
   2.1850000000000001E+01   7.0833354700741835E-01   2.2362547780562653E-01   6.8040975186954747E-02
   2.1900000000000002E+01   7.1210315286097581E-01   2.2158398813227762E-01   6.6312859006746439E-02
   2.1950000000000003E+01   7.1290157697512513E-01   2.2114552898978787E-01   6.5952894035087001E-02
   2.2000000000000000E+01   7.1815331727679577E-01   2.1820884321420153E-01   6.3637839509002606E-02
   2.2050000000000001E+01   7.2447586187682267E-01   2.1455257060222171E-01   6.0971567520955394E-02
   2.2100000000000001E+01   7.2534272065755856E-01   2.1404103281296161E-01   6.0616246529479827E-02
   2.2150000000000002E+01   7.2725181900766245E-01   2.1290579014665825E-01   5.9842390845679175E-02
   2.2200000000000003E+01   7.3433663426773943E-01   2.0858903731772607E-01   5.7074328414534400E-02
   2.2250000000000000E+01   7.3600443025138063E-01   2.0754922043616114E-01   5.6446349312458073E-02
   2.2300000000000001E+01   7.3772810978744041E-01   2.0646515691619838E-01   5.5806733296361120E-02
   2.2350000000000001E+01   7.4165841187436676E-01   2.0395771771046617E-01   5.4383870415166943E-02
   2.2400000000000002E+01   7.4755818501249549E-01   2.0010172356679079E-01   5.2340091420713636E-02
   2.2450000000000003E+01   7.5354241791202581E-01   1.9607903421733655E-01   5.0378547870637572E-02
   2.2500000000000000E+01   7.5608853624817285E-01   1.9433387569090421E-01   4.9577588060922856E-02
   2.2550000000000001E+01   7.5868768953419519E-01   1.9253188407654567E-01   4.8780426389259106E-02
   2.2600000000000001E+01   7.6569502545164592E-01   1.8757189539982283E-01   4.6733079148531260E-02
   2.2650000000000002E+01   7.7127877609638529E-01   1.8351502387035135E-01   4.5206200033263325E-02
   2.2700000000000003E+01   7.7339164894627499E-01   1.8195616085241578E-01   4.4652190201309165E-02
   2.2750000000000000E+01   7.7907355205908146E-01   1.7770050545532029E-01   4.3225942485598162E-02
   2.2800000000000001E+01   7.8262831453724591E-01   1.7499163622382308E-01   4.2380049238930843E-02
   2.2850000000000001E+01   7.8290283891253720E-01   1.7478097219584993E-01   4.2316188891612760E-02
   2.2900000000000002E+01   7.8920763106758274E-01   1.6988586031666031E-01   4.0906508615756752E-02
   2.2950000000000003E+01   7.9110926567185047E-01   1.6838826879244695E-01   4.0502465535702456E-02
   2.3000000000000000E+01   7.9557520271321291E-01   1.6483348847693002E-01   3.9591308809856882E-02
   2.3050000000000001E+01   8.0178852592139294E-01   1.5980171171866447E-01   3.8409762359942465E-02
   2.3100000000000001E+01   8.0335621853446326E-01   1.5851665612001967E-01   3.8127125345516932E-02
   2.3150000000000002E+01   8.0797394981785797E-01   1.5469605610155795E-01   3.7329994080583954E-02
   2.3200000000000003E+01   8.1002355848273022E-01   1.5298360399878197E-01   3.6992837518487698E-02
   2.3250000000000000E+01   8.1495566146364662E-01   1.4882186062360220E-01   3.6222477912750975E-02
   2.3300000000000001E+01   8.2140712489996126E-01   1.4329325646353161E-01   3.5299618636507019E-02
   2.3350000000000001E+01   8.2405842922070704E-01   1.4099423302256814E-01   3.4947337756724692E-02
   2.3400000000000002E+01   8.2433471634219846E-01   1.4075377252888924E-01   3.4911511128912213E-02
   2.3450000000000003E+01   8.2806938323842205E-01   1.3748728926091203E-01   3.4443327500665873E-02
   2.3500000000000000E+01   8.3170022954686373E-01   1.3428343543861421E-01   3.4016335014521927E-02
   2.3550000000000001E+01   8.3569728024187762E-01   1.3072528460389779E-01   3.3577435154224483E-02
   2.3600000000000001E+01   8.4076817356527545E-01   1.2616586326641857E-01   3.3065963168305811E-02
   2.3650000000000002E+01   8.4761305530933950E-01   1.1993469071142206E-01   3.2452253979238295E-02
   2.3700000000000003E+01   8.4772555195341037E-01   1.1983157191157742E-01   3.2442876135012032E-02
   2.3750000000000000E+01   8.5044086275313413E-01   1.1733587994693773E-01   3.2223257299927907E-02
   2.3800000000000001E+01   8.5268045563116879E-01   1.1526786613881720E-01   3.2051678230013807E-02
   2.3850000000000001E+01   8.5425043448266058E-01   1.1381312835479114E-01   3.1936437162548188E-02
   2.3900000000000002E+01   8.5995500025444704E-01   1.0849352794897205E-01   3.1551471796580716E-02
   2.3950000000000003E+01   8.6391737350107856E-01   1.0476868754866005E-01   3.1313938950261314E-02
   2.4000000000000000E+01   8.7032632760885908E-01   9.8695381382832542E-02   3.0978291008308168E-02
   2.4050000000000001E+01   8.7681687622987592E-01   9.2487971014604292E-02   3.0695152755519699E-02
   2.4100000000000001E+01   8.8058726638424445E-01   8.8857834398632596E-02   3.0554899217122750E-02
   2.4150000000000002E+01   8.8251508500442621E-01   8.6995271860272172E-02   3.0489643135301430E-02
   2.4200000000000003E+01   8.8542589899714330E-01   8.4175094325356720E-02   3.0399006677499920E-02
   2.4250000000000000E+01   8.9334231370056671E-01   7.6460622703550418E-02   3.0197063595882801E-02
   2.4300000000000001E+01   9.0093683586451723E-01   6.9005549051496071E-02   3.0057615083986685E-02
   2.4350000000000001E+01   9.0357544781675925E-01   6.6404522914432856E-02   3.0020029268807719E-02
   2.4400000000000002E+01   9.0932499209059336E-01   6.0719971431968528E-02   2.9955036477437851E-02
   2.4450000000000003E+01   9.1617497027433470E-01   5.3921448920058304E-02   2.9903580805606882E-02
   2.4500000000000000E+01   9.2271610361481649E-01   4.7408561275303199E-02   2.9875335109880195E-02
   2.4550000000000001E+01   9.2660938135402271E-01   4.3524706018117781E-02   2.9865912627859335E-02
   2.4600000000000001E+01   9.3226416307856219E-01   3.7876639565892087E-02   2.9859197355545555E-02
   2.4650000000000002E+01   9.3567929308731312E-01   3.4462885648767941E-02   2.9857821263918734E-02
   2.4700000000000003E+01   9.3645081402203623E-01   3.3691500688251969E-02   2.9857685289711638E-02
   2.4750000000000000E+01   9.3764137908511780E-01   3.2501060278467629E-02   2.9857560636414437E-02
   2.4800000000000001E+01   9.4410263994867794E-01   2.9857316810016358E-02   2.6040043241305478E-02
   2.4850000000000001E+01   9.4681908204670062E-01   2.9856582126890609E-02   2.3324335826408471E-02
   2.4900000000000002E+01   9.4993347584619514E-01   2.9854545146034101E-02   2.0211979007770640E-02
   2.4950000000000003E+01   9.5598049075983371E-01   2.9844782482941805E-02   1.4174726757224329E-02
   2.5000000000000000E+01   9.5922124077761028E-01   2.9835168985108677E-02   1.0943590237280821E-02
