   0.0000000000000000E+00   0.0000000000000000E+00   0.0000000000000000E+00   0.0000000000000000E+00
   5.0000000000000000E+00   9.9528754120122320E-01   4.5922954938358027E-03   3.3856526593766855E-03
   1.0000000000000000E+01   9.8983309739161729E-01   9.7730084075316141E-03   5.0402743154902216E-03
   1.5000000000000000E+01   9.8561946066284434E-01   1.3499760033911089E-02   8.9283519368646026E-03
   2.0000000000000000E+01   9.8211680879931607E-01   1.7145854190623155E-02   1.2903472441128834E-02
   2.5000000000000000E+01   9.7902202388557491E-01   2.0631114962478853E-02   1.6684738018874629E-02
   3.0000000000000000E+01   9.7595523155192376E-01   2.3304318429886842E-02   2.0279950835530698E-02
   3.5000000000000000E+01   9.7250774024648312E-01   2.5014503011882488E-02   2.2214135413409990E-02
   4.0000000000000000E+01   9.7100027206095429E-01   2.7091287882020136E-02   2.4212770325361802E-02
   4.5000000000000000E+01   9.6978362421608877E-01   2.8285743908755899E-02   2.4929693662519480E-02
   5.0000000000000000E+01   9.6733340430415193E-01   2.8724329310105944E-02   2.2916323676386331E-02
   5.5000000000000000E+01   9.6451698057769553E-01   2.8179234100077347E-02   2.3344228737969618E-02
   6.0000000000000000E+01   9.5942065447186187E-01   2.7037862430015696E-02   2.4836726283793877E-02
   6.5000000000000000E+01   9.5430877876703946E-01   3.0390580166961303E-02   2.2386723994009369E-02
   7.0000000000000000E+01   9.5063807949061929E-01   3.1609616872492072E-02   2.2813264439521242E-02
   7.5000000000000000E+01   9.4751529484733932E-01   3.1798978978257550E-02   2.4873030189721673E-02
   8.0000000000000000E+01   9.4455165954562215E-01   3.1097079514226997E-02   2.6259750874350663E-02
   8.5000000000000000E+01   9.4233318445180325E-01   3.0261950475480706E-02   2.6895267640948618E-02
   9.0000000000000000E+01   9.4091321865326116E-01   2.8600097428830438E-02   2.6563109663341730E-02
   9.5000000000000000E+01   9.3935982351449177E-01   2.6797272667018625E-02   2.6319293397466512E-02
   1.0000000000000000E+02   9.3770576415533424E-01   2.6168037693522991E-02   2.5259019637699342E-02
   1.0500000000000000E+02   9.3694085228116841E-01   2.6364058218838755E-02   2.3370805577212848E-02
   1.1000000000000000E+02   9.3910280876317953E-01   2.3662269607369144E-02   1.8332904013164723E-02
   1.1500000000000000E+02   9.3772591093899638E-01   2.3028535395836235E-02   1.4260222782185328E-02
   1.2000000000000000E+02   9.3659104049946562E-01   2.2201003902088394E-02   1.4205538699781044E-02
   1.2500000000000000E+02   9.3624045605311534E-01   2.2270356512817478E-02   1.0927944609284434E-02
   1.3000000000000000E+02   9.3592468698383624E-01   2.2875488702266446E-02   7.1916789880901409E-03
   1.3500000000000000E+02   9.3645406539172593E-01   2.2959084876920940E-02   2.6115796791662989E-03
   1.4000000000000000E+02   6.2825421686747845E-02   2.3685278942273132E-02   8.0382397625252885E-04
   1.4500000000000000E+02   6.1837546235124094E-02   2.5974262167184712E-02   3.0321160980851872E-03
   1.5000000000000000E+02   6.0579282280292614E-02   2.6906967754039633E-02   7.4216291907251031E-03
   1.5500000000000000E+02   5.9635008638956419E-02   2.8159084426312375E-02   1.0573231006411376E-02
   1.6000000000000000E+02   5.8748602892901666E-02   2.9804017658291552E-02   1.3652915249077236E-02
   1.6500000000000000E+02   5.7181159595334721E-02   3.2404662458841084E-02   1.4642150656717751E-02
   1.7000000000000000E+02   5.6531463233663204E-02   3.5437904283917999E-02   1.4459471560805208E-02
   1.7500000000000000E+02   5.6711084240971169E-02   3.8610358298865506E-02   1.4090085498338680E-02
   1.8000000000000000E+02   5.7566093528998018E-02   4.3287316554628912E-02   1.3737843589966381E-02
   1.8500000000000000E+02   5.8702627686882218E-02   4.5512071863380132E-02   1.2029661024888750E-02
   1.9000000000000000E+02   6.0118920078002805E-02   4.8154650662880751E-02   9.4317526960341711E-03
   1.9500000000000000E+02   6.3131539780919968E-02   4.8895353974237062E-02   5.1208271273278207E-03
   2.0000000000000000E+02   6.7732697981416623E-02   4.7561028606928832E-02   6.0369585551611066E-04
   2.0500000000000000E+02   9.2991817545275446E-01   4.9131232611977597E-02   2.6816052026071777E-03
   2.1000000000000000E+02   9.2622711816645054E-01   5.1533215568430678E-02   5.1159423402763887E-03
   2.1500000000000000E+02   9.2373138784245679E-01   5.4954723897452859E-02   7.3318216527527283E-03
   2.2000000000000000E+02   9.2153240123008417E-01   5.7981904229926870E-02   9.8870717859096714E-03
   2.2500000000000000E+02   9.1977950796502950E-01   6.1546194419721270E-02   1.1121990058611236E-02
   2.3000000000000000E+02   9.1891849519910651E-01   6.5656149707036954E-02   1.1282682899178711E-02
   2.3500000000000000E+02   9.1883201568058570E-01   7.0142830727806416E-02   1.1225438623983017E-02
   2.4000000000000000E+02   9.1976495890247145E-01   7.3202616902128273E-02   1.0268863080614699E-02
   2.4500000000000000E+02   9.2000769933146898E-01   7.5647537827515807E-02   8.7658056009008913E-03
   2.5000000000000000E+02   9.1755309479109903E-01   7.4778923137072628E-02   5.9543042063843563E-03
   2.5500000000000000E+02   9.1465074544778679E-01   7.1981564608339502E-02   2.5932949716872249E-03
   2.6000000000000000E+02   8.6955056485994511E-02   6.7256351053540095E-02   2.0826183861729335E-03
   2.6500000000000000E+02   8.8262795664132462E-02   6.1926760478393447E-02   7.5530436708722854E-03
   2.7000000000000000E+02   9.2682987019200330E-02   5.8244198842837352E-02   1.1200576286615388E-02
   2.7500000000000000E+02   9.6391586808989294E-02   5.5377518943179792E-02   1.5256177695854052E-02
   2.8000000000000000E+02   1.0040321772651614E-01   5.4593099162713203E-02   1.7882713935004423E-02
   2.8500000000000000E+02   1.0394755740591606E-01   5.3946767877357915E-02   1.9268755447590425E-02
   2.9000000000000000E+02   1.0662263175658615E-01   5.4812015478897580E-02   1.9478299675083334E-02
   2.9500000000000000E+02   1.0834762740738396E-01   5.6799444149023777E-02   1.7865540634299348E-02
   3.0000000000000000E+02   1.0823219609844081E-01   6.0688211535978961E-02   1.4883249412365674E-02
   3.0500000000000000E+02   1.0849358896480618E-01   6.4747090424450621E-02   1.4063649329836472E-02
   3.1000000000000000E+02   1.0869272757335352E-01   6.8825480438754819E-02   1.4517256403864316E-02
   3.1500000000000000E+02   1.0793295617134403E-01   7.2998554176095104E-02   1.5040681934706156E-02
   3.2000000000000000E+02   1.0647255481176154E-01   7.6161547153375045E-02   1.6493839772987316E-02
   3.2500000000000000E+02   1.0472489659251762E-01   8.0868923554065039E-02   1.8383960244097993E-02
   3.3000000000000000E+02   1.0195947638798175E-01   8.3156847561891969E-02   2.1951861151408718E-02
   3.3500000000000000E+02   9.9660003865992094E-02   8.5121884821979493E-02   2.5575767635726738E-02
   3.4000000000000000E+02   9.8927160949900311E-02   8.5396701968698016E-02   2.9073271809953991E-02
   3.4500000000000000E+02   1.0102710070307326E-01   8.3080448567183593E-02   3.3206284500791078E-02
   3.5000000000000000E+02   1.0484769379942321E-01   7.9784623255529194E-02   3.6787628075557098E-02
   3.5500000000000000E+02   1.0956323860715908E-01   7.5854748222553670E-02   3.9231331668725306E-02
   3.6000000000000000E+02   1.1247791969337256E-01   7.3143708678111582E-02   4.1259613750500128E-02
   3.6500000000000000E+02   1.1596785621556127E-01   7.1667397646924674E-02   4.1831184005322486E-02
   3.7000000000000000E+02   1.1957879480239768E-01   7.1419244685057753E-02   4.0417843089853647E-02
   3.7500000000000000E+02   1.2229487361680591E-01   7.2671963254291941E-02   3.7644378742300991E-02
   3.8000000000000000E+02   1.2323843256348588E-01   7.6179229779103755E-02   3.2733920195088646E-02
   3.8500000000000000E+02   1.2613725162997996E-01   7.8196375777196417E-02   2.9027135215552030E-02
   3.9000000000000000E+02   1.2892716219507511E-01   8.0407578874643545E-02   2.5367267950189815E-02
   3.9500000000000000E+02   1.3149323628549697E-01   8.2526625016680344E-02   2.1382215547671952E-02
   4.0000000000000000E+02   1.3223628459211861E-01   8.6452900581388492E-02   1.7366314238289791E-02
   4.0500000000000000E+02   1.3466994295954227E-01   8.8367298399603333E-02   1.5079857894780602E-02
   4.1000000000000000E+02   1.3768408695311957E-01   8.8807723006591552E-02   1.3753309228491297E-02
   4.1500000000000000E+02   1.4206252565105665E-01   8.8828470239772778E-02   1.3613573997485931E-02
   4.2000000000000000E+02   1.4603025241856046E-01   8.7889885674548238E-02   1.3593315141952392E-02
   4.2500000000000000E+02   1.5027328876516344E-01   8.7342749992911944E-02   1.4876866322160995E-02
   4.3000000000000000E+02   1.5465347300745041E-01   8.7590582332615796E-02   1.8463764871435605E-02
   4.3500000000000000E+02   1.5905006706813332E-01   8.5542281016081675E-02   2.0211350665903027E-02
   4.4000000000000000E+02   1.6053884155908127E-01   8.1879084425714399E-02   2.3740040423878561E-02
   4.4500000000000000E+02   1.6505521202691398E-01   7.8646865682616321E-02   2.6954892986860737E-02
   4.5000000000000000E+02   1.6947436836334293E-01   7.4794859277358780E-02   3.0064355877935066E-02
   4.5500000000000000E+02   1.7286600183197537E-01   7.2212849848554389E-02   3.5233405654900914E-02
   4.6000000000000000E+02   1.7577566877176204E-01   6.8723681355365579E-02   3.8273920876680072E-02
   4.6500000000000000E+02   1.7822454221042430E-01   6.4273628661160570E-02   4.0128005932939866E-02
   4.7000000000000000E+02   1.7913099679141770E-01   6.1730977959561853E-02   4.0526231044193783E-02
   4.7500000000000000E+02   1.8038228991810223E-01   6.0476103812790789E-02   3.9045106480066281E-02
   4.8000000000000000E+02   1.8027407935180795E-01   6.0465972202908613E-02   3.6173292501704493E-02
   4.8500000000000000E+02   1.7933590470514302E-01   6.0017902300867329E-02   3.1918091305781701E-02
   4.9000000000000000E+02   1.7709210727346708E-01   6.0255842907815015E-02   2.7050361848987368E-02
   4.9500000000000000E+02   1.7591443573264823E-01   5.8536237471931707E-02   2.3292501579098124E-02
   5.0000000000000000E+02   1.7442598875930887E-01   5.6784603361233435E-02   1.9074333982466274E-02
   5.0500000000000000E+02   1.7166065892554275E-01   5.6050968043907329E-02   1.5256945319857440E-02
   5.1000000000000000E+02   1.7131750710493535E-01   5.2817074032151731E-02   1.3223968465206612E-02
   5.1500000000000000E+02   1.7276859458916977E-01   4.8740541679618297E-02   9.6568609911656181E-03
   5.2000000000000000E+02   1.7440615673453846E-01   4.6959351040586121E-02   9.3052251508831743E-03
   5.2500000000000000E+02   1.7722986705285371E-01   4.5356123869110983E-02   1.1325466073747868E-02
   5.3000000000000000E+02   1.8016058326027662E-01   4.5048290034585062E-02   1.4780873906207498E-02
   5.3500000000000000E+02   1.8262211846908821E-01   4.5475910646734632E-02   1.9952730099303179E-02
   5.4000000000000000E+02   1.8315053549983634E-01   4.5404478670001115E-02   2.3671050946267140E-02
   5.4500000000000000E+02   1.8226309690661385E-01   4.5600406994521822E-02   2.7037279486762905E-02
   5.5000000000000000E+02   1.8059264554676718E-01   4.6817532194460630E-02   3.0073539963947120E-02
   5.5500000000000000E+02   1.7990381695535473E-01   5.0278421828426963E-02   3.3325143810617651E-02
   5.6000000000000000E+02   1.7735495152424718E-01   5.0967436253206981E-02   3.5534106424266014E-02
   5.6500000000000000E+02   1.7350780017716205E-01   5.1697117570958268E-02   3.6741362654791707E-02
   5.7000000000000000E+02   1.7017201496949697E-01   5.3097263514595178E-02   3.7310398212652571E-02
   5.7500000000000000E+02   1.6641701283205401E-01   5.2705821575282592E-02   3.7944028783689375E-02
   5.8000000000000000E+02   1.6133103855882974E-01   5.3329611128713247E-02   3.7267380018432175E-02
   5.8500000000000000E+02   1.5800135123565773E-01   5.4079555058366841E-02   3.6585833342829693E-02
   5.9000000000000000E+02   1.5615242742352795E-01   5.4279029013737184E-02   3.6488240739109751E-02
   5.9500000000000000E+02   1.5577203999286260E-01   5.1441439518278856E-02   3.5316161399985987E-02
   6.0000000000000000E+02   1.5620701567970613E-01   5.2692246782672938E-02   3.3005687852403792E-02
   6.0500000000000000E+02   1.5936015410891358E-01   5.1622083029886710E-02   2.7890063507991315E-02
   6.1000000000000000E+02   1.6193741954515214E-01   5.2150592816466508E-02   2.4124600012910231E-02
   6.1500000000000000E+02   1.6461360190883556E-01   5.3277465547086227E-02   1.9774460660407951E-02
   6.2000000000000000E+02   1.6728699917762721E-01   5.4981095564008986E-02   1.5829619520691951E-02
   6.2500000000000000E+02   1.6858780750427016E-01   5.8501248803643310E-02   1.2518270492753551E-02
   6.3000000000000000E+02   1.7045019269498174E-01   6.2586531397460982E-02   1.1842209469423153E-02
   6.3500000000000000E+02   1.7101860343750072E-01   6.6695105692432699E-02   1.2351204365162911E-02
   6.4000000000000000E+02   1.7071673142432753E-01   7.0324209230214485E-02   1.4025662440869835E-02
   6.4500000000000000E+02   1.7011271988813076E-01   7.2873612723477504E-02   1.5709634352036296E-02
   6.5000000000000000E+02   1.6864393072908970E-01   7.3784368639811249E-02   1.7885797532129905E-02
   6.5500000000000000E+02   1.6607229513998134E-01   7.2305142980727793E-02   2.0755258674940179E-02
   6.6000000000000000E+02   1.6488848714154175E-01   6.9893970138182576E-02   2.2460290418839186E-02
   6.6500000000000000E+02   1.6478937521621484E-01   6.7310586873973344E-02   2.4248856655241680E-02
   6.7000000000000000E+02   1.6763732205290960E-01   6.2750506120209437E-02   2.3886631809755095E-02
   6.7500000000000000E+02   1.7066559813103116E-01   5.7884570575159791E-02   2.5142500467247308E-02
   6.8000000000000000E+02   1.7330031326293677E-01   5.3720810648924047E-02   2.7278667092613174E-02
   6.8500000000000000E+02   1.7533182299226865E-01   5.0289086586812630E-02   3.0557566435274734E-02
   6.9000000000000000E+02   1.7798763612547636E-01   4.7265335624163060E-02   3.0356204778017953E-02
   6.9500000000000000E+02   1.7828154148538414E-01   4.5943856690737098E-02   2.9596204858569328E-02
   7.0000000000000000E+02   1.7646470683319257E-01   4.5905893342808313E-02   3.0240821446181232E-02
   7.0500000000000000E+02   1.7450710607108449E-01   4.5706925756581473E-02   3.2213798519156553E-02
   7.1000000000000000E+02   1.7152359527291433E-01   4.7456814190957611E-02   3.2448197699885689E-02
   7.1500000000000000E+02   1.6810501466555650E-01   5.0208337364032317E-02   3.3180684186263930E-02
   7.2000000000000000E+02   1.6527886049742244E-01   5.2902247351673676E-02   3.4915777467782738E-02
   7.2500000000000000E+02   1.6426023894625058E-01   5.7586069445074876E-02   3.7108012194433528E-02
   7.3000000000000000E+02   1.6369610795051073E-01   6.1565547828973825E-02   3.9066990231938346E-02
   7.3500000000000000E+02   1.6273461960466434E-01   6.5273408483243353E-02   4.0094075410482988E-02
   7.4000000000000000E+02   1.6060178955041390E-01   6.8697630648152277E-02   3.9109282767646927E-02
   7.4500000000000000E+02   1.6170463845309718E-01   6.9722824622056451E-02   3.8349736722783259E-02
   7.5000000000000000E+02   1.6458218107808043E-01   7.0029219878921106E-02   3.9162813428730611E-02
   7.5500000000000000E+02   1.6818701470518166E-01   6.9413769125077296E-02   3.7533536183306050E-02
   7.6000000000000000E+02   1.7250088181171036E-01   7.1590896633715456E-02   3.4033676995451241E-02
   7.6500000000000000E+02   1.7655023827711708E-01   7.4537718111494317E-02   2.9621112923315644E-02
   7.7000000000000000E+02   1.7979943391689485E-01   7.9004083629251876E-02   2.6383880127475647E-02
   7.7500000000000000E+02   1.8321404059012356E-01   8.1668464432750054E-02   2.3088072987197221E-02
   7.8000000000000000E+02   1.8634598795679239E-01   8.3485047878346458E-02   2.0970952247370021E-02
   7.8500000000000000E+02   1.8705873056055286E-01   8.8307148896682786E-02   1.9993433506042747E-02
   7.9000000000000000E+02   1.8769212692011042E-01   9.2386555302425261E-02   1.9837092046970095E-02
   7.9500000000000000E+02   1.8601456031404268E-01   9.7010984146919443E-02   1.8740109375816036E-02
   8.0000000000000000E+02   1.8478883193841950E-01   1.0026926874650444E-01   1.8709334832282147E-02
   8.0500000000000000E+02   1.8421104124601589E-01   1.0202814812616047E-01   1.7943165265369550E-02
   8.1000000000000000E+02   1.8631200582942914E-01   1.0142727491002823E-01   1.9369470612317578E-02
   8.1500000000000000E+02   1.8888839248690939E-01   9.9435359121876787E-02   2.1462595764993334E-02
   8.2000000000000000E+02   1.9396357296810202E-01   9.6375199686537932E-02   2.2023835427184967E-02
   8.2500000000000000E+02   1.9621199194218564E-01   9.3848281419072810E-02   2.3320579921273489E-02
   8.3000000000000000E+02   1.9710012054075376E-01   9.0069424009073348E-02   2.4014363288119775E-02
   8.3500000000000000E+02   1.9600048912826817E-01   8.5144384242809165E-02   2.5865668562018315E-02
   8.4000000000000000E+02   1.9602542953904795E-01   8.0935630754513710E-02   2.5336525983837843E-02
   8.4500000000000000E+02   1.9407692995550352E-01   8.0286731591677110E-02   2.3016679749313040E-02
   8.5000000000000000E+02   1.9003768799719145E-01   7.9571897619248280E-02   1.8484066815621814E-02
   8.5500000000000000E+02   1.8628757461012588E-01   7.6306886341023616E-02   1.3996019139434407E-02
   8.6000000000000000E+02   1.8291705765098781E-01   7.2528550035415529E-02   1.0194075238385995E-02
   8.6500000000000000E+02   1.7863197788313406E-01   6.9904137332629041E-02   7.6685516689758496E-03
   8.7000000000000000E+02   1.7478006269112639E-01   6.9297799781176589E-02   5.1540071979120777E-03
   8.7500000000000000E+02   1.7216918458659261E-01   6.9065730766296227E-02   4.4557620657196054E-03
   8.8000000000000000E+02   1.7306612307413555E-01   7.1442690921360338E-02   6.8945005742586662E-03
   8.8500000000000000E+02   1.7210233320110416E-01   7.4728806049515609E-02   1.0116981903476159E-02
   8.9000000000000000E+02   1.7316166630135776E-01   8.0297077132472777E-02   1.4086124147657531E-02
   8.9500000000000000E+02   1.7151172350854882E-01   8.4181820436198457E-02   1.5496680110577775E-02
   9.0000000000000000E+02   1.7091843688363129E-01   8.8716256682755568E-02   1.6216402980141147E-02
   9.0500000000000000E+02   1.7130394759161405E-01   9.1660969773284709E-02   1.5528517563400186E-02
   9.1000000000000000E+02   1.7284045397780615E-01   9.6097666034060725E-02   1.3945270160993804E-02
   9.1500000000000000E+02   1.7569504375223702E-01   9.9563557247730458E-02   1.1807457928579249E-02
   9.2000000000000000E+02   1.7843588286214068E-01   1.0354096567890742E-01   8.9684234872271576E-03
   9.2500000000000000E+02   1.8361808613275696E-01   1.0432016893322577E-01   3.9096735172468311E-03
   9.3000000000000000E+02   1.8724228817347743E-01   1.0818218612508343E-01   5.0957739603482016E-04
   9.3500000000000000E+02   8.0857873721999718E-01   1.1103876946801498E-01   2.6780840743815537E-03
   9.4000000000000000E+02   8.0578335508875920E-01   1.1397735689903590E-01   5.8475813668219870E-03
   9.4500000000000000E+02   8.0218839467859648E-01   1.1567422662860316E-01   8.0058499330904406E-03
   9.5000000000000000E+02   8.0035029681658454E-01   1.1694918673689972E-01   9.1765969171665809E-03
   9.5500000000000000E+02   8.0143614254708062E-01   1.1693320850411972E-01   9.0887691475916091E-03
   9.6000000000000000E+02   7.9880061200014862E-01   1.1646062723088385E-01   8.3405467881583345E-03
   9.6500000000000000E+02   7.9736337942929469E-01   1.1467525539809822E-01   6.0226381935673326E-03
   9.7000000000000000E+02   7.9817265996656750E-01   1.1114794977564507E-01   1.7991517324022002E-03
   9.7500000000000000E+02   2.0180480037909962E-01   1.0810425587071021E-01   2.7318765872613934E-03
   9.8000000000000000E+02   2.0357403985726710E-01   1.0648825839223797E-01   6.8320308005147892E-03
   9.8500000000000000E+02   2.0693751281003833E-01   1.0687964382315207E-01   1.0968912859546737E-02
   9.9000000000000000E+02   2.0784138160000454E-01   1.0656206261031793E-01   1.4207773999242473E-02
   9.9500000000000000E+02   2.0751387360284582E-01   1.0736461581973430E-01   1.6369355946625030E-02
   1.0000000000000000E+03   2.0592959466848149E-01   1.1025410946621847E-01   1.6385252672549123E-02
   1.0050000000000000E+03   2.0424816502272433E-01   1.1354565588407660E-01   1.9096189553912686E-02
   1.0100000000000000E+03   2.0205731060120480E-01   1.1681794249605210E-01   2.0616875097119181E-02
   1.0150000000000000E+03   2.0116524899288049E-01   1.2061889600745790E-01   2.0061068183898870E-02
   1.0200000000000000E+03   2.0335881602082120E-01   1.2475596054490259E-01   1.9178860969449589E-02
   1.0250000000000000E+03   2.0624612863374728E-01   1.2628515020495593E-01   1.5935032372915943E-02
   1.0300000000000000E+03   2.0999830563376201E-01   1.2701384929830667E-01   1.1515892454744138E-02
   1.0350000000000000E+03   2.1243682200825159E-01   1.2930354361099664E-01   7.7280065088179764E-03
   1.0400000000000000E+03   2.1473784601367613E-01   1.3179212499835144E-01   3.9561320636770717E-03
   1.0450000000000000E+03   2.1670895075085481E-01   1.3457291438574825E-01   5.8247774110440492E-04
   1.0500000000000000E+03   7.8110312144492344E-01   1.3700288067151817E-01   2.6334673642378278E-03
   1.0550000000000000E+03   7.8004758710443789E-01   1.3974881521682025E-01   5.0132419999890307E-03
   1.0600000000000000E+03   7.7927385858502640E-01   1.4368382202258279E-01   6.1587666835749288E-03
   1.0650000000000000E+03   7.7965060530542019E-01   1.4690585700693323E-01   6.5341935742973117E-03
   1.0700000000000000E+03   7.8058173501384165E-01   1.5152094594665527E-01   5.8971425294862337E-03
   1.0750000000000000E+03   7.8353507516925047E-01   1.5209115068202006E-01   2.9185257671629841E-03
   1.0800000000000000E+03   2.1301058751625312E-01   1.5531915658259682E-01   4.5180034825487159E-04
   1.0850000000000000E+03   2.0786889526220967E-01   1.5781138365830169E-01   4.3615275471518694E-03
   1.0900000000000000E+03   2.0411441866661700E-01   1.6249860522868020E-01   8.0173743057021622E-03
   1.0950000000000000E+03   1.9966831078073749E-01   1.6572233465907707E-01   1.2454153463101886E-02
   1.1000000000000000E+03   1.9650064672351916E-01   1.7003820902227396E-01   1.6105714615227109E-02
   1.1050000000000000E+03   1.9532253674466252E-01   1.7574863380783173E-01   1.9922370495244205E-02
   1.1100000000000000E+03   1.9235360942625973E-01   1.7991586169323773E-01   2.2316431985437500E-02
   1.1150000000000000E+03   1.8979868943052963E-01   1.8097133822947048E-01   2.5212798667222244E-02
   1.1200000000000000E+03   1.8980481250071127E-01   1.8463424630987524E-01   2.5278969211375825E-02
   1.1250000000000000E+03   1.9157848417308898E-01   1.8793759788806250E-01   2.4004569796892149E-02
   1.1300000000000000E+03   1.9428023869843006E-01   1.9074825169897247E-01   2.0944909558937824E-02
   1.1350000000000000E+03   1.9698700987864207E-01   1.9363658600737305E-01   1.7069373958567995E-02
   1.1400000000000000E+03   2.0094529288958385E-01   1.9507563419268498E-01   1.1771048881556938E-02
   1.1450000000000000E+03   2.0527683743995187E-01   1.9624497359693102E-01   6.2488678719409205E-03
   1.1500000000000000E+03   2.0757494943292318E-01   1.9967336852771730E-01   2.6593069108347186E-03
   1.1550000000000000E+03   2.0898420002251075E-01   2.0180805088058493E-01   8.7475825580168864E-04
   1.1600000000000000E+03   7.9069302556608345E-01   2.0306267628819671E-01   7.0942805057816472E-05
   1.1650000000000000E+03   2.0853302530872450E-01   2.0268108702925144E-01   2.0404767313969129E-04
   1.1700000000000000E+03   2.0792011220401910E-01   2.0061345559721977E-01   1.0382347879587073E-03
   1.1750000000000000E+03   2.0656839243115671E-01   1.9553947252153289E-01   3.3630905111606477E-03
   1.1800000000000000E+03   2.0655365040462662E-01   1.9151841741827325E-01   5.7861281997558418E-03
   1.1850000000000000E+03   2.0907499506901100E-01   1.8831414277287745E-01   7.7508839474291361E-03
   1.1900000000000000E+03   2.1148021889048099E-01   1.8408551568586429E-01   1.0628809437952318E-02
   1.1950000000000000E+03   2.1458633390952997E-01   1.7955746988042143E-01   1.1904825545701046E-02
   1.2000000000000000E+03   2.1762086886666057E-01   1.7763727423950207E-01   1.2870824778480516E-02
   1.2050000000000000E+03   2.1858573946511040E-01   1.7788924217075516E-01   1.1527027358123281E-02
   1.2100000000000000E+03   2.2071543460117365E-01   1.8006251540654500E-01   9.2208122615656321E-03
   1.2150000000000000E+03   2.2306197961829888E-01   1.8361263016084317E-01   5.7568225252368488E-03
   1.2200000000000000E+03   2.2414981818114341E-01   1.8848649941660212E-01   5.6612099092676754E-04
   1.2250000000000000E+03   7.7127787721655183E-01   1.9202599369492843E-01   3.2025556505667040E-03
   1.2300000000000000E+03   7.6757380856913549E-01   1.9578932686073303E-01   7.5083644743191135E-03
   1.2350000000000000E+03   7.6347653909200996E-01   2.0031089661651638E-01   1.0145866741703475E-02
   1.2400000000000000E+03   7.5836699396585416E-01   2.0263602145060597E-01   1.2235244300586517E-02
   1.2450000000000000E+03   7.5460345801456907E-01   2.0386530867834318E-01   1.3073066936073362E-02
   1.2500000000000000E+03   7.5274758796860652E-01   2.0478068505986396E-01   1.4052335205908876E-02
   1.2550000000000000E+03   7.5353798945233086E-01   2.0233063149727867E-01   1.3839953480932298E-02
   1.2600000000000000E+03   7.5436592937532221E-01   2.0130668171835772E-01   1.4907376526958714E-02
   1.2650000000000000E+03   7.5575560959759680E-01   2.0186792641585061E-01   1.7199352530550521E-02
   1.2700000000000000E+03   7.5853405578342925E-01   2.0366760266128928E-01   1.7389967861775414E-02
   1.2750000000000000E+03   7.6264921436540212E-01   2.0711301766800219E-01   1.8238281800943716E-02
   1.2800000000000000E+03   7.6707185861840044E-01   2.1179528670899181E-01   1.9314161104813692E-02
   1.2850000000000000E+03   7.6835197447279802E-01   2.1316538527394241E-01   1.8380613241708092E-02
   1.2900000000000000E+03   7.6753585525851442E-01   2.1233634038426707E-01   1.7130091696185186E-02
   1.2950000000000000E+03   7.6607781304836542E-01   2.0923309114812821E-01   1.4598790953864339E-02
   1.3000000000000000E+03   7.6535222524452862E-01   2.0527001234981762E-01   1.2788392816471912E-02
   1.3050000000000000E+03   7.6444212055714045E-01   2.0150913570639006E-01   9.3694216588146324E-03
   1.3100000000000000E+03   7.6130027410821532E-01   1.9809909207451287E-01   6.1884054282290192E-03
   1.3150000000000000E+03   7.5577318270832716E-01   1.9542299256431198E-01   3.4568162087189151E-03
   1.3200000000000000E+03   7.5067790166912207E-01   1.9266555113906370E-01   1.1401987085759117E-03
   1.3250000000000000E+03   2.5291608473856808E-01   1.9037371561158373E-01   2.1686345880714102E-03
   1.3300000000000000E+03   2.5565538887649597E-01   1.8865743714412569E-01   4.6162575551221725E-03
   1.3350000000000000E+03   2.5762708196495793E-01   1.8796392559174466E-01   8.2341190962385222E-03
   1.3400000000000000E+03   2.6127645128597587E-01   1.9015096286165636E-01   1.2534166388367136E-02
   1.3450000000000000E+03   2.6220987976702614E-01   1.9221953826106267E-01   1.4406486453514274E-02
   1.3500000000000000E+03   2.6220328206139104E-01   1.9304431863240484E-01   1.5838355978366071E-02
   1.3550000000000000E+03   2.6114528884320470E-01   1.9376844672937096E-01   1.5755786203642763E-02
   1.3600000000000000E+03   2.5933019680397662E-01   1.9543404696256883E-01   1.3943789525992543E-02
   1.3650000000000000E+03   2.5710521973848566E-01   1.9758490322901895E-01   1.0342351894184101E-02
   1.3700000000000000E+03   2.5692429494480917E-01   1.9956108159587430E-01   5.9315010947668251E-03
   1.3750000000000000E+03   2.5846286437540955E-01   2.0250113516619569E-01   2.5235931040277770E-03
   1.3800000000000000E+03   7.3839342132503760E-01   2.0479901455700708E-01   2.8401150338555614E-04
   1.3850000000000000E+03   7.3399100401202610E-01   2.0633692598334916E-01   1.7684311134693528E-03
   1.3900000000000000E+03   7.2900434280609616E-01   2.0789531110612816E-01   2.0639073781080243E-03
   1.3950000000000000E+03   7.2492759361773851E-01   2.0906276838931920E-01   2.5167067157722406E-03
   1.4000000000000000E+03   7.2123398301254682E-01   2.1041486458029249E-01   1.8962116336289983E-03
   1.4050000000000000E+03   7.1884234543787040E-01   2.1053051163652728E-01   1.7982650289603760E-03
   1.4100000000000000E+03   7.1680998689573716E-01   2.0895349251138717E-01   1.7975087443664745E-03
   1.4150000000000000E+03   7.1779746047040449E-01   2.0500017572595225E-01   1.5730094582073473E-03
   1.4200000000000000E+03   7.1855572828125180E-01   2.0096362465018300E-01   3.6354974746288932E-03
   1.4250000000000000E+03   7.1872214977404225E-01   1.9837054858717079E-01   4.4343861888625005E-03
   1.4300000000000000E+03   7.1719879095771133E-01   1.9651579157608237E-01   2.3822855467358905E-03
   1.4350000000000000E+03   2.8604845283230301E-01   1.9544792186871457E-01   1.6956115795821042E-03
   1.4400000000000000E+03   2.8791388425670544E-01   1.9228008448610576E-01   5.0126360212179519E-03
   1.4450000000000000E+03   2.9250269886740388E-01   1.9080123693096390E-01   9.1775282693516563E-03
   1.4500000000000000E+03   2.9634459020816256E-01   1.8756334105856234E-01   1.3537653985801430E-02
   1.4550000000000000E+03   3.0048562381617500E-01   1.8625239650308417E-01   1.8107551087580789E-02
   1.4600000000000000E+03   3.0291839582877511E-01   1.8356159737210198E-01   2.0643767953188438E-02
   1.4650000000000000E+03   3.0413928600621376E-01   1.8244055776287382E-01   2.0264379188760701E-02
   1.4700000000000000E+03   3.0372028580547245E-01   1.7878994551837138E-01   2.0150648481013812E-02
   1.4750000000000000E+03   3.0276113877003574E-01   1.7574431741133584E-01   1.9831750612178040E-02
   1.4800000000000000E+03   3.0098824157313031E-01   1.7231452679393033E-01   1.8680829063029133E-02
   1.4850000000000000E+03   2.9798036471062578E-01   1.6706750701437711E-01   1.9405112869029129E-02
   1.4900000000000000E+03   2.9721642323475839E-01   1.6366950484409543E-01   1.7171545952279106E-02
   1.4950000000000000E+03   2.9578469907926519E-01   1.6226693113471785E-01   1.2586237390345804E-02
   1.5000000000000000E+03   2.9334553098760296E-01   1.5984168826367237E-01   8.4832752430833019E-03
   1.5050000000000000E+03   2.9131282865067043E-01   1.5665334205458945E-01   4.7478833902927925E-03
   1.5100000000000000E+03   2.8805281503825692E-01   1.5528531015422503E-01   6.3669091614426687E-05
   1.5150000000000000E+03   7.1561095499141691E-01   1.5395545522249415E-01   4.8237419072872795E-03
   1.5200000000000000E+03   7.1715000986685595E-01   1.5036366752018737E-01   7.5118862867810873E-03
   1.5250000000000000E+03   7.1766132958271323E-01   1.4917297072323868E-01   8.3409661641595870E-03
   1.5300000000000000E+03   7.1603162350806904E-01   1.4855597061172077E-01   8.7488567949722956E-03
   1.5350000000000000E+03   7.1364414397108611E-01   1.4775176818731284E-01   9.5912077919095284E-03
   1.5400000000000000E+03   7.0941732619419606E-01   1.4779462318387937E-01   9.0473162175054439E-03
   1.5450000000000000E+03   7.0568434380659717E-01   1.4752131302597760E-01   8.6016462063890214E-03
   1.5500000000000000E+03   7.0226230923050514E-01   1.4696683436370422E-01   8.2372284997022371E-03
   1.5550000000000000E+03   6.9811402069139483E-01   1.4866502887249500E-01   7.5050275802240191E-03
   1.5600000000000000E+03   6.9594332575289075E-01   1.5130717913813513E-01   7.8277012993462486E-03
   1.5650000000000000E+03   6.9560299593939146E-01   1.5315225488455420E-01   9.5009149451638908E-03
   1.5700000000000000E+03   6.9613899851569472E-01   1.5535568578587924E-01   1.2030842622437019E-02
   1.5750000000000000E+03   6.9794205440539403E-01   1.5830300889362342E-01   1.6333925166062829E-02
   1.5800000000000000E+03   6.9773859727094112E-01   1.6089203639831887E-01   2.1405181351801660E-02
   1.5850000000000000E+03   6.9556050004847469E-01   1.6330303053657108E-01   2.4434725152502730E-02
   1.5900000000000000E+03   6.9169990491926991E-01   1.6355448174698167E-01   2.9156307755053165E-02
   1.5950000000000000E+03   6.8928225311873248E-01   1.6495498431693389E-01   3.2737564773542172E-02
   1.6000000000000000E+03   6.8690206139794086E-01   1.6539721482961980E-01   3.6177797071506493E-02
   1.6050000000000000E+03   6.8566469444878042E-01   1.6787697831352205E-01   3.7599068970411112E-02
   1.6100000000000000E+03   6.8513511294552232E-01   1.7012138902271909E-01   3.8630615144050723E-02
   1.6150000000000000E+03   6.8667274434577141E-01   1.7367360313633751E-01   3.8069221900719465E-02
   1.6200000000000000E+03   6.8943312407681168E-01   1.7660620128744295E-01   3.6035567568840882E-02
   1.6250000000000000E+03   6.9126270430051595E-01   1.7980641679367587E-01   3.1911432835734443E-02
   1.6300000000000000E+03   6.9391292522311177E-01   1.8301455662561250E-01   2.8890017283651516E-02
   1.6350000000000000E+03   6.9706879496345087E-01   1.8555542867696995E-01   2.4773130886985587E-02
   1.6400000000000000E+03   7.0170027668003820E-01   1.8769181707158522E-01   2.0936700326475807E-02
   1.6450000000000000E+03   7.0609930927796349E-01   1.8975402772034036E-01   1.7721242934486327E-02
   1.6500000000000000E+03   7.1032551895147944E-01   1.9140559347876707E-01   1.6150379657224476E-02
   1.6550000000000000E+03   7.1288911220379081E-01   1.9233906944628118E-01   1.6045415212742976E-02
   1.6600000000000000E+03   7.1374837414818804E-01   1.9339710583868269E-01   1.7018284271002569E-02
   1.6650000000000000E+03   7.1366885932976964E-01   1.9547174436802209E-01   1.8274501379430499E-02
   1.6700000000000000E+03   7.1206818433638386E-01   1.9737553367048752E-01   2.0930288757823615E-02
   1.6750000000000000E+03   7.1037614158473350E-01   1.9988216795698319E-01   2.3657617669001672E-02
   1.6800000000000000E+03   7.0775419573569665E-01   2.0181465069885118E-01   2.7301365947066218E-02
   1.6850000000000000E+03   7.0475725623895591E-01   2.0375909333217535E-01   3.1327571851302291E-02
   1.6900000000000000E+03   7.0188674100798343E-01   2.0616463498391074E-01   3.5686943959546316E-02
   1.6950000000000000E+03   6.9939239731761715E-01   2.0943543409157916E-01   3.8784094253531666E-02
   1.7000000000000000E+03   6.9509028843347243E-01   2.1458215652050566E-01   3.9140142554610742E-02
   1.7050000000000000E+03   6.9239012039197900E-01   2.1918733278555666E-01   4.0815849426961065E-02
   1.7100000000000000E+03   6.9118630786245450E-01   2.2304242520446843E-01   4.3130918504803939E-02
   1.7150000000000000E+03   6.9027084515109172E-01   2.2597130604979757E-01   4.2683972132750062E-02
   1.7200000000000000E+03   6.9138538435718722E-01   2.2828991061649345E-01   4.1159382964165145E-02
   1.7250000000000000E+03   6.9325857679265313E-01   2.3108190382637231E-01   4.0792983321713418E-02
   1.7300000000000000E+03   6.9671151288481514E-01   2.3256103257983168E-01   4.0560205704495964E-02
   1.7350000000000000E+03   6.9983168214069658E-01   2.3369245923057774E-01   3.9883306561612722E-02
   1.7400000000000000E+03   7.0401364012121004E-01   2.3403837957795454E-01   3.9784559475996115E-02
   1.7450000000000000E+03   7.0874497216823573E-01   2.3367991465346544E-01   3.9338078549992619E-02
   1.7500000000000000E+03   7.1240007977136177E-01   2.3348884372152548E-01   3.9780196150970504E-02
   1.7550000000000000E+03   7.1691235936837650E-01   2.3269157540203830E-01   4.0918252721408518E-02
   1.7600000000000000E+03   7.1879880582484235E-01   2.3310153702927219E-01   4.2167520519809293E-02
   1.7650000000000000E+03   7.2036086527010212E-01   2.3508784956024742E-01   4.2137767149033625E-02
   1.7700000000000000E+03   7.2093378642211547E-01   2.3771713299412814E-01   4.3582493173124105E-02
   1.7750000000000000E+03   7.2050849652878157E-01   2.4028240024455855E-01   4.4902458374544409E-02
   1.7800000000000000E+03   7.1922267146591978E-01   2.4341966114051214E-01   4.8029678510153308E-02
   1.7850000000000000E+03   7.1729920840694184E-01   2.4718782480996454E-01   5.1122972626912691E-02
   1.7900000000000000E+03   7.1417592520662565E-01   2.4891129691910685E-01   5.6625703142813205E-02
   1.7950000000000000E+03   7.1143290265457226E-01   2.5155137532769611E-01   6.0415645167435389E-02
   1.8000000000000000E+03   7.0881769082304291E-01   2.5339327837609676E-01   6.4947377743866636E-02
   1.8050000000000000E+03   7.0524135788727582E-01   2.5479161136655815E-01   6.9155865157582846E-02
   1.8100000000000000E+03   7.0380104497664742E-01   2.5898160740106857E-01   7.1291277873672995E-02
   1.8150000000000000E+03   7.0247567180388237E-01   2.6261986964944251E-01   7.2516623919635287E-02
   1.8200000000000000E+03   7.0225191665485664E-01   2.6633381868058903E-01   7.3005618834069086E-02
   1.8250000000000000E+03   7.0284588278503901E-01   2.7010705421853609E-01   7.2523822198918023E-02
   1.8300000000000000E+03   7.0084294546867809E-01   2.7541415136181169E-01   6.8752876731624807E-02
   1.8350000000000000E+03   6.9902810551996764E-01   2.8036695525875421E-01   6.5227618884026978E-02
   1.8400000000000000E+03   6.9846520969742365E-01   2.8227367439116707E-01   6.4375577051173888E-02
   1.8450000000000000E+03   6.9776396943216867E-01   2.8214658028887329E-01   6.4556870095358682E-02
   1.8500000000000000E+03   6.9858296716500112E-01   2.8032742607024086E-01   6.6579677600093312E-02
   1.8550000000000000E+03   6.9949276842699315E-01   2.7712551371644428E-01   6.9838283533579931E-02
   1.8600000000000000E+03   7.0131113478483065E-01   2.7320895080374874E-01   7.3639042993473236E-02
   1.8650000000000000E+03   7.0338213049677667E-01   2.6893677073190408E-01   7.7483971216812692E-02
   1.8700000000000000E+03   7.0686621829422536E-01   2.6499242593900796E-01   8.0091333437038781E-02
   1.8750000000000000E+03   7.1077035953948098E-01   2.6228993384469962E-01   8.2907793018964018E-02
   1.8800000000000000E+03   7.1374938510539598E-01   2.5990259913346020E-01   8.4921819635148443E-02
   1.8850000000000000E+03   7.1810944729889958E-01   2.5879860167749141E-01   8.5398628359894938E-02
   1.8900000000000000E+03   7.2158304164198117E-01   2.5897446224736004E-01   8.5710747614130861E-02
   1.8950000000000000E+03   7.2565437567035085E-01   2.5978582311966258E-01   8.4391011808170643E-02
   1.9000000000000000E+03   7.2923880517610107E-01   2.6213143800591926E-01   8.3128711961894045E-02
   1.9050000000000000E+03   7.3257750695866464E-01   2.6478121787961212E-01   8.0426204212296154E-02
   1.9100000000000000E+03   7.3149322846772602E-01   2.6322751328254806E-01   7.9014939999728528E-02
   1.9150000000000000E+03   7.2783214009570396E-01   2.6115316644796333E-01   7.7503613487069661E-02
   1.9200000000000000E+03   7.2336181170311409E-01   2.5948758714536013E-01   7.5258727296897504E-02
   1.9250000000000000E+03   7.1954647628760471E-01   2.5670454365758644E-01   7.3352753069913429E-02
   1.9300000000000000E+03   7.1496698826476202E-01   2.5566108460815984E-01   6.9473681048412658E-02
   1.9350000000000000E+03   7.1119144991489236E-01   2.5452742445934107E-01   6.5623671616235335E-02
   1.9400000000000000E+03   7.0924349553781496E-01   2.5223133600339886E-01   6.3805543773229778E-02
   1.9450000000000000E+03   7.0918854065956416E-01   2.5032489418685405E-01   6.3235536096587025E-02
   1.9500000000000000E+03   7.1130112963952774E-01   2.4769329426035547E-01   6.4558056764855820E-02
   1.9550000000000000E+03   7.1366117332125811E-01   2.4377985473551128E-01   6.7328401322863718E-02
   1.9600000000000000E+03   7.1366125652890833E-01   2.3900640354524813E-01   7.2097486406706102E-02
   1.9650000000000000E+03   7.1665129663143379E-01   2.3632696582661983E-01   7.3991786997281150E-02
   1.9700000000000000E+03   7.2035107782583652E-01   2.3473925012815450E-01   7.4745013321296863E-02
   1.9750000000000000E+03   7.2446796465486873E-01   2.3360639648125886E-01   7.2967729906438766E-02
   1.9800000000000000E+03   7.2670622512854588E-01   2.3442912994643572E-01   6.9981994408320203E-02
   1.9850000000000000E+03   7.2768049635725396E-01   2.3642202677179475E-01   7.0095159285509301E-02
   1.9900000000000000E+03   7.2705745130212462E-01   2.3896350779090236E-01   7.1973454981361110E-02
   1.9950000000000000E+03   7.2584321180922784E-01   2.4275709942313470E-01   7.4165155058142848E-02
   2.0000000000000000E+03   7.2226915157063920E-01   2.4531302901273122E-01   7.6634289333453509E-02
   2.0050000000000000E+03   7.1672320097726927E-01   2.4905682915509539E-01   7.8784215399122684E-02
   2.0100000000000000E+03   7.1066760347905511E-01   2.5354256303044176E-01   8.0490780394074882E-02
   2.0150000000000000E+03   7.0722019770704581E-01   2.5775278845965827E-01   8.4407037005804542E-02
   2.0200000000000000E+03   7.0428485977821376E-01   2.6089821794616674E-01   8.9486412554431682E-02
   2.0250000000000000E+03   6.9983866537433548E-01   2.6433173389930958E-01   9.1924378082511624E-02
   2.0300000000000000E+03   6.9688849572939238E-01   2.6847745586810823E-01   9.3957454217206429E-02
   2.0350000000000000E+03   6.9507480046505932E-01   2.7145680144814360E-01   9.5448812285485823E-02
   2.0400000000000000E+03   6.9400705474203828E-01   2.7527033927543654E-01   9.5984581335228747E-02
   2.0450000000000000E+03   6.9216300894608462E-01   2.7920231874891666E-01   9.2978061662023936E-02
   2.0500000000000000E+03   6.9305516485429774E-01   2.8054399520251017E-01   9.1647458791529024E-02
   2.0550000000000000E+03   6.9460671141400621E-01   2.8085365166163279E-01   9.0662390436607163E-02
   2.0600000000000000E+03   6.9511849980013451E-01   2.8049097781010640E-01   8.9573556099179580E-02
   2.0650000000000000E+03   6.9599442641138276E-01   2.7848864864386402E-01   8.8123792568168463E-02
   2.0700000000000000E+03   6.9704320719906510E-01   2.7518359763855305E-01   8.5991213878315667E-02
   2.0750000000000000E+03   6.9624120771198716E-01   2.7288648047200037E-01   8.5281364223533496E-02
   2.0800000000000000E+03   6.9560640471188440E-01   2.7015440512353700E-01   8.4151413191184632E-02
   2.0850000000000000E+03   6.9558087647482625E-01   2.6728321865529037E-01   8.3820692708434841E-02
   2.0900000000000000E+03   6.9435529203395174E-01   2.6580309030481680E-01   8.5132587353152059E-02
   2.0950000000000000E+03   6.9215519912267898E-01   2.6419897904665490E-01   8.8892501353076775E-02
   2.1000000000000000E+03   6.8968838949967282E-01   2.6470838245654221E-01   9.1862388185491944E-02
   2.1050000000000000E+03   6.8674398092100930E-01   2.6672177980115341E-01   9.4457096877905058E-02
   2.1100000000000000E+03   6.8355661810760093E-01   2.7034754586843418E-01   9.6275853145550802E-02
   2.1150000000000000E+03   6.8014094259767277E-01   2.7517348115545204E-01   9.7671821116957824E-02
   2.1200000000000000E+03   6.7658052503501587E-01   2.8090888432284977E-01   9.8211234785905183E-02
   2.1250000000000000E+03   6.7264025615696754E-01   2.8570965857904457E-01   9.8132772383490482E-02
   2.1300000000000000E+03   6.7056339227814632E-01   2.8761588296696766E-01   1.0152288044629075E-01
   2.1350000000000000E+03   6.7005251174835845E-01   2.9032555724937525E-01   1.0623827333971797E-01
   2.1400000000000000E+03   6.6847956689301136E-01   2.9180108939245442E-01   1.0901796311590070E-01
   2.1450000000000000E+03   6.6796784609302418E-01   2.9116697109172579E-01   1.0872265989220405E-01
   2.1500000000000000E+03   6.6739571997045488E-01   2.8908338334111711E-01   1.1004990327155056E-01
   2.1550000000000000E+03   6.6765613851147887E-01   2.8669111329028996E-01   1.1177497278513315E-01
   2.1600000000000000E+03   6.6972556145371764E-01   2.8450806810319079E-01   1.1382200984316962E-01
   2.1650000000000000E+03   6.7092520824720514E-01   2.8161087287284425E-01   1.1541717706956744E-01
   2.1700000000000000E+03   6.7180657883895312E-01   2.7878612841777506E-01   1.1565491621345078E-01
   2.1750000000000000E+03   6.7479590982241433E-01   2.7593328841629866E-01   1.1246470642389872E-01
   2.1800000000000000E+03   6.7752240188419477E-01   2.7557621104391589E-01   1.1029184770522835E-01
   2.1850000000000000E+03   6.8008878166377051E-01   2.7681807743901909E-01   1.0874565896921108E-01
   2.1900000000000000E+03   6.8047889137460993E-01   2.7975049313310746E-01   1.0626245207451906E-01
   2.1950000000000000E+03   6.8292660856454335E-01   2.8251893816063856E-01   1.0243108938026153E-01
   2.2000000000000000E+03   6.8530904470069332E-01   2.8515983432711534E-01   9.9195350898430179E-02
   2.2050000000000000E+03   6.8638845174275032E-01   2.8713598483847191E-01   9.5576167442173732E-02
   2.2100000000000000E+03   6.8797867346797470E-01   2.8723580813179739E-01   9.2449380441999962E-02
   2.2150000000000000E+03   6.8775471842530811E-01   2.8871610882571636E-01   9.1403683958692375E-02
   2.2200000000000000E+03   6.8762495916802002E-01   2.9039934781845655E-01   9.0940222685042316E-02
   2.2250000000000000E+03   6.8791916772269546E-01   2.9214445559184521E-01   9.0693628905544180E-02
   2.2300000000000000E+03   6.8901760073425300E-01   2.9459386986859026E-01   9.0759831778845973E-02
   2.2350000000000000E+03   6.9159135404658101E-01   2.9780836839646085E-01   9.1638466253452636E-02
   2.2400000000000000E+03   6.9365480712374783E-01   2.9892561354275510E-01   9.2321459262921013E-02
   2.2450000000000000E+03   6.9474946747674859E-01   2.9664305389978202E-01   9.5393966122136853E-02
   2.2500000000000000E+03   6.9699089648273482E-01   2.9340380177933884E-01   9.8192220644437597E-02
   2.2550000000000000E+03   6.9990116988309614E-01   2.9002833820573315E-01   1.0111659995891772E-01
   2.2600000000000000E+03   7.0010735600034457E-01   2.8506642697566281E-01   1.0517485462157983E-01
   2.2650000000000000E+03   7.0026313867248202E-01   2.8074558331205418E-01   1.0771874193544616E-01
   2.2700000000000000E+03   7.0304303973269966E-01   2.7832516976986954E-01   1.0780404319373024E-01
   2.2750000000000000E+03   7.0613836063171664E-01   2.7727218342741267E-01   1.1036949442671257E-01
   2.2800000000000000E+03   7.0889055037507553E-01   2.7608557566803044E-01   1.1121061868403898E-01
   2.2850000000000000E+03   7.1044272310840118E-01   2.7525225923137225E-01   1.1139735801108686E-01
   2.2900000000000000E+03   7.1105333717747210E-01   2.7513370028230899E-01   1.1041022225836350E-01
   2.2950000000000000E+03   7.1230944715675237E-01   2.7453455734630799E-01   1.0706161397733033E-01
   2.3000000000000000E+03   7.1116357746700387E-01   2.7257439046965637E-01   1.0377878390462023E-01
   2.3050000000000000E+03   7.0760419407135688E-01   2.7130223308437540E-01   9.8112540286156152E-02
   2.3100000000000000E+03   7.0390040706642343E-01   2.6905837675915018E-01   9.2827635897416522E-02
   2.3150000000000000E+03   7.0019522444535864E-01   2.6530650681500428E-01   8.9890029639592806E-02
   2.3200000000000000E+03   6.9646571147373026E-01   2.6322057577458091E-01   8.7178489275490142E-02
   2.3250000000000000E+03   6.9375636444472988E-01   2.6079611164782424E-01   8.5585681138099584E-02
   2.3300000000000000E+03   6.9078884864172840E-01   2.5943282412431307E-01   8.4616892356623036E-02
   2.3350000000000000E+03   6.8984574999681714E-01   2.5936994311469408E-01   8.5316639065398173E-02
   2.3400000000000000E+03   6.8685053908606009E-01   2.6008031003679388E-01   8.6472334686302318E-02
   2.3450000000000000E+03   6.8674904561550876E-01   2.6220559078072625E-01   9.0002652459338708E-02
   2.3500000000000000E+03   6.8635683153196503E-01   2.6533656575916392E-01   9.4998444335534088E-02
   2.3550000000000000E+03   6.8546958021247995E-01   2.6864444273004207E-01   1.0057853941799347E-01
   2.3600000000000000E+03   6.8237149319434154E-01   2.7082264804924311E-01   1.0483938494929508E-01
   2.3650000000000000E+03   6.7677552170298316E-01   2.7356490973072312E-01   1.0684540848848149E-01
   2.3700000000000000E+03   6.7258107532006872E-01   2.7765028848123607E-01   1.0916031619657272E-01
   2.3750000000000000E+03   6.6894591412595727E-01   2.8080837164220218E-01   1.1268581318833298E-01
   2.3800000000000000E+03   6.6699652835132162E-01   2.8380867069750149E-01   1.1444828047693659E-01
   2.3850000000000000E+03   6.6407075175967245E-01   2.8483603287959702E-01   1.1636217830715688E-01
   2.3900000000000000E+03   6.6165786103844315E-01   2.8564058892570587E-01   1.1738394684486328E-01
   2.3950000000000000E+03   6.6039642275464194E-01   2.8491063589708399E-01   1.1874716781119291E-01
   2.4000000000000000E+03   6.6039047614536028E-01   2.8449258349689499E-01   1.1911789972538964E-01
   2.4050000000000000E+03   6.6239150314763739E-01   2.8306020986393710E-01   1.2004022528705749E-01
   2.4100000000000000E+03   6.6633659229992159E-01   2.8132278928935817E-01   1.2142337451725982E-01
   2.4150000000000000E+03   6.7067902173155025E-01   2.7933828242995884E-01   1.2375710565013354E-01
   2.4200000000000000E+03   6.7507769524024475E-01   2.7771788720506640E-01   1.2753919664094759E-01
   2.4250000000000000E+03   6.7874235402518157E-01   2.7489699705104192E-01   1.3223721017048226E-01
   2.4300000000000000E+03   6.8126381113977774E-01   2.7207398034218511E-01   1.3672441869812757E-01
   2.4350000000000000E+03   6.8371416477657110E-01   2.6852950776481788E-01   1.3891173092678921E-01
   2.4400000000000000E+03   6.8591894691147304E-01   2.6303406265122992E-01   1.3935921402131712E-01
   2.4450000000000000E+03   6.8931814627593391E-01   2.5776681390011730E-01   1.3711128041712950E-01
   2.4500000000000000E+03   6.9153528134707942E-01   2.5415053720445180E-01   1.3515316482808365E-01
   2.4550000000000000E+03   6.9064001121022267E-01   2.5274686183099088E-01   1.3641821699523060E-01
   2.4600000000000000E+03   6.9236085958826055E-01   2.5503012544226139E-01   1.3991927229574758E-01
   2.4650000000000000E+03   6.9518942315373145E-01   2.5617906392703332E-01   1.4468871590704657E-01
   2.4700000000000000E+03   6.9661051208787894E-01   2.5550778168282973E-01   1.4828166535951506E-01
   2.4750000000000000E+03   6.9764396507212545E-01   2.5615431536502281E-01   1.5137977932014099E-01
   2.4800000000000000E+03   6.9836547545862471E-01   2.5715280506017923E-01   1.5262673426350185E-01
   2.4850000000000000E+03   6.9916359251682247E-01   2.5773550610547424E-01   1.5329814655428614E-01
   2.4900000000000000E+03   6.9814347905359408E-01   2.5783325062916729E-01   1.5274242715957417E-01
   2.4950000000000000E+03   6.9737601306506991E-01   2.5747573005447616E-01   1.5215977540486483E-01
   2.5000000000000000E+03   6.9560880887500320E-01   2.5387224402759750E-01   1.5085447426780330E-01
