   0.0000000000000000E+00   0.0000000000000000E+00   0.0000000000000000E+00   0.0000000000000000E+00
   5.0000000000000000E+00   9.9373410183898403E-01   6.2028837368336273E-03   2.6361354950175388E-04
   1.0000000000000000E+01   9.8833661561685193E-01   1.1507893245728774E-02   2.2935132658263237E-03
   1.5000000000000000E+01   9.8388900215685260E-01   1.5418670708126067E-02   6.6675177907814642E-03
   2.0000000000000000E+01   9.7984795908053179E-01   1.9828748929486321E-02   1.0948791940452354E-02
   2.5000000000000000E+01   9.7520079999992260E-01   2.4133906402737264E-02   1.4728870833942767E-02
   3.0000000000000000E+01   9.7066257081736051E-01   2.8351025189440399E-02   1.8705918312028891E-02
   3.5000000000000000E+01   9.6466054352020614E-01   3.0109372516045042E-02   2.3677939135621516E-02
   4.0000000000000000E+01   9.6038498809771655E-01   3.3934288571667623E-02   2.8309863104861079E-02
   4.5000000000000000E+01   9.5713070961381297E-01   3.8673665015563366E-02   3.3048603624413420E-02
   5.0000000000000000E+01   9.5271549486450158E-01   4.2998517355153469E-02   3.7040931982864282E-02
   5.5000000000000000E+01   9.4728351349674145E-01   4.5502994442906196E-02   4.1836868974702734E-02
   6.0000000000000000E+01   9.4265292393521039E-01   4.8980207538821249E-02   4.6461461764608372E-02
   6.5000000000000000E+01   9.3822703331525514E-01   5.2548156536678339E-02   5.1200017594147891E-02
   7.0000000000000000E+01   9.3401850248355045E-01   5.7390365502172982E-02   5.4881673244299128E-02
   7.5000000000000000E+01   9.2963877072267376E-01   6.2996113357220246E-02   5.7628589075725642E-02
   8.0000000000000000E+01   9.2565526396338826E-01   6.7220651587119012E-02   6.2152939533892393E-02
   8.5000000000000000E+01   9.2204933884211182E-01   7.1252718016542066E-02   6.7247343430544199E-02
   9.0000000000000000E+01   9.1755430580490349E-01   7.5148507665822373E-02   7.1588916191407295E-02
   9.5000000000000000E+01   9.1291104628905173E-01   7.9434375063651780E-02   7.5392184725077777E-02
   1.0000000000000000E+02   9.0835056892784583E-01   8.3778279993064780E-02   7.9220197881810339E-02
   1.0500000000000000E+02   9.0423654860893921E-01   8.7640610760304993E-02   8.3976242243015503E-02
   1.1000000000000000E+02   9.0001622265339520E-01   9.1800375348676716E-02   8.8328547146451192E-02
   1.1500000000000000E+02   8.9523853151293542E-01   9.5835914329014865E-02   9.2247712473004839E-02
   1.2000000000000000E+02   8.9090206398339200E-01   1.0048465250589440E-01   9.5994902213933947E-02
   1.2500000000000000E+02   8.8666693643996319E-01   1.0627141994729733E-01   9.8705402676454002E-02
   1.3000000000000000E+02   8.8255183298749063E-01   1.1203645613276529E-01   1.0155765848586451E-01
   1.3500000000000000E+02   8.7771784824681831E-01   1.1594678372408995E-01   1.0554574160121938E-01
   1.4000000000000000E+02   8.7298231733132248E-01   1.1861741501288892E-01   1.1087197484427631E-01
   1.4500000000000000E+02   8.6821416667472628E-01   1.2164479585458873E-01   1.1580883879333220E-01
   1.5000000000000000E+02   8.6431508716169336E-01   1.2585501933428295E-01   1.2043193124795629E-01
   1.5500000000000000E+02   8.6017315275951711E-01   1.3031277440800676E-01   1.2456463721940772E-01
   1.6000000000000000E+02   8.5538485481606585E-01   1.3419526980919366E-01   1.2862623932212097E-01
   1.6500000000000000E+02   8.5095464844702962E-01   1.3778512566569748E-01   1.3333857254393253E-01
   1.7000000000000000E+02   8.4725010109286081E-01   1.4216160839537914E-01   1.3798993790743391E-01
   1.7500000000000000E+02   8.4274304012562307E-01   1.4661501764189988E-01   1.4176186314102582E-01
   1.8000000000000000E+02   8.3800245850198618E-01   1.4994949366013674E-01   1.4641920094650357E-01
   1.8500000000000000E+02   8.3401992800533753E-01   1.5446959940800187E-01   1.5064896014934165E-01
   1.9000000000000000E+02   8.2968966117370613E-01   1.5850105354769028E-01   1.5501963462537385E-01
   1.9500000000000000E+02   8.2863649886098223E-01   1.6396728023135348E-01   1.6123264107633856E-01
   2.0000000000000000E+02   8.2527616700939987E-01   1.6872258214292823E-01   1.6584940276053306E-01
   2.0500000000000000E+02   8.2475801732361997E-01   1.7472094821137418E-01   1.7206528245365882E-01
   2.1000000000000000E+02   8.1925292537589378E-01   1.7781343639407465E-01   1.7620009777058376E-01
   2.1500000000000000E+02   8.1434358671816709E-01   1.8288060124773253E-01   1.7895598970655069E-01
   2.2000000000000000E+02   8.0862544262036562E-01   1.8844412876733335E-01   1.8040671353649951E-01
   2.2500000000000000E+02   8.0281779972407086E-01   1.9475570121783609E-01   1.8101989363705373E-01
   2.3000000000000000E+02   7.9814425286532575E-01   1.9925969310274921E-01   1.8457475034074694E-01
   2.3500000000000000E+02   7.9373841210714235E-01   2.0349695798909356E-01   1.8866404014357036E-01
   2.4000000000000000E+02   7.8820470570780443E-01   2.0728725265388831E-01   1.9207243452678918E-01
   2.4500000000000000E+02   7.8241906702852204E-01   2.1128220209974705E-01   1.9502424184899969E-01
   2.5000000000000000E+02   7.7783258957969470E-01   2.1487078464649154E-01   1.9958157730077924E-01
   2.5500000000000000E+02   7.7277268904838570E-01   2.1695858502974091E-01   2.0516627183357242E-01
   2.6000000000000000E+02   7.6882105018083480E-01   2.2102195025101284E-01   2.0988366319210128E-01
   2.6500000000000000E+02   7.6447291928820671E-01   2.2574295712705400E-01   2.1354692087078322E-01
   2.7000000000000000E+02   7.6025056160168025E-01   2.3079966250784073E-01   2.1700025325082159E-01
   2.7500000000000000E+02   7.5586120218140751E-01   2.3585236459485676E-01   2.2029058719088448E-01
   2.8000000000000000E+02   7.5104854996690762E-01   2.4111763477039200E-01   2.2294506024820090E-01
   2.8500000000000000E+02   7.4473855983222192E-01   2.4744460209195152E-01   2.2304049823930705E-01
   2.9000000000000000E+02   7.3902887043266863E-01   2.5286771795056107E-01   2.2464008842849575E-01
   2.9500000000000000E+02   7.3428460341336232E-01   2.5754405032869698E-01   2.2795188447840503E-01
   3.0000000000000000E+02   7.2992307942315415E-01   2.6218205086118185E-01   2.3168475540306402E-01
   3.0500000000000000E+02   7.2581852819217496E-01   2.6597354645994670E-01   2.3652110402067150E-01
   3.1000000000000000E+02   7.2140314594205446E-01   2.7034212525998247E-01   2.4046953841786689E-01
   3.1500000000000000E+02   7.1655398712356488E-01   2.7495042550538273E-01   2.4374447480132902E-01
   3.2000000000000000E+02   7.1028240602773129E-01   2.8119024475311200E-01   2.4396546990511764E-01
   3.2500000000000000E+02   7.0398772679283628E-01   2.8744034577998623E-01   2.4415308509070027E-01
   3.3000000000000000E+02   6.9997956519634275E-01   2.9172873340885053E-01   2.4858893131269394E-01
   3.3500000000000000E+02   6.9601059150120159E-01   2.9621673077010746E-01   2.5286435570364685E-01
   3.4000000000000000E+02   6.9165479465287150E-01   3.0056191085032491E-01   2.5689577422245130E-01
   3.4500000000000000E+02   6.8695760902696446E-01   3.0470272364266388E-01   2.6079017125155673E-01
   3.5000000000000000E+02   6.8300431863655320E-01   3.0954265841226891E-01   2.6472934153889127E-01
   3.5500000000000000E+02   6.7845466813479183E-01   3.1323194577180408E-01   2.6922279912494651E-01
   3.6000000000000000E+02   6.7426725418676181E-01   3.1691101852791992E-01   2.7408870786815298E-01
   3.6500000000000000E+02   6.7002303296252785E-01   3.2153874707278352E-01   2.7794915354640692E-01
   3.7000000000000000E+02   6.6564160663421101E-01   3.2539879617523382E-01   2.8244007356299128E-01
   3.7500000000000000E+02   6.6078441103921592E-01   3.2846434482360154E-01   2.8724972476697991E-01
   3.8000000000000000E+02   6.5540250345620210E-01   3.3004212011326861E-01   2.9302243734165079E-01
   3.8500000000000000E+02   6.4917760630033539E-01   3.3227547584660333E-01   2.9729657989980107E-01
   3.9000000000000000E+02   6.4461830106345042E-01   3.3663430496093105E-01   3.0111084099593965E-01
   3.9500000000000000E+02   6.4241845274121978E-01   3.4267212634361155E-01   3.0560556673838046E-01
   4.0000000000000000E+02   6.3797699984847267E-01   3.4726106469927337E-01   3.0930757093732242E-01
   4.0500000000000000E+02   6.3294466305944086E-01   3.5214666574218234E-01   3.1212202855273252E-01
   4.1000000000000000E+02   6.2846202433508469E-01   3.5642910694847940E-01   3.1608934406943062E-01
   4.1500000000000000E+02   6.2385995557828045E-01   3.6034451455667249E-01   3.2030426315178484E-01
   4.2000000000000000E+02   6.2104460003139483E-01   3.6518391693703711E-01   3.2538190067188566E-01
   4.2500000000000000E+02   6.1751060955939097E-01   3.6981324279428085E-01   3.2995097978998955E-01
   4.3000000000000000E+02   6.1401557818672958E-01   3.7452303394171893E-01   3.3447855271724114E-01
   4.3500000000000000E+02   6.1000286560413064E-01   3.7919224555890574E-01   3.3852902396480689E-01
   4.4000000000000000E+02   6.0593480124429022E-01   3.8308444114595824E-01   3.4330115946526585E-01
   4.4500000000000000E+02   6.0137285370112847E-01   3.8704712193788060E-01   3.4750892657753329E-01
   4.5000000000000000E+02   5.9688018702399626E-01   3.9135575881969054E-01   3.5144001846594219E-01
   4.5500000000000000E+02   5.9303013167947682E-01   3.9505292553959115E-01   3.5662519184887370E-01
   4.6000000000000000E+02   5.8877584310394093E-01   3.9864476834271045E-01   3.6151145591756950E-01
   4.6500000000000000E+02   5.8474573689116816E-01   4.0300055850855987E-01   3.6585795498629881E-01
   4.7000000000000000E+02   5.8084645010378888E-01   4.0765422429494891E-01   3.7003739785988154E-01
   4.7500000000000000E+02   5.7587377761883340E-01   4.1142967121290686E-01   3.7402167390432006E-01
   4.8000000000000000E+02   5.7350564552435690E-01   4.1768812709710657E-01   3.7812748137299584E-01
   4.8500000000000000E+02   5.7136658286027031E-01   4.2325946941706249E-01   3.8314947183630482E-01
   4.9000000000000000E+02   5.6690306268774016E-01   4.2772044293058398E-01   3.8695737359760418E-01
   4.9500000000000000E+02   5.6073088435604967E-01   4.2956707999090482E-01   3.9167095365294480E-01
   5.0000000000000000E+02   5.5618641690073367E-01   4.3316620459857114E-01   3.9625975703731403E-01
   5.0500000000000000E+02   5.5199569813325855E-01   4.3771959840215924E-01   4.0024803991360236E-01
   5.1000000000000000E+02   5.4798754440811970E-01   4.4227851062372137E-01   4.0441336941425321E-01
   5.1500000000000000E+02   5.4403213394665872E-01   4.4705806229684403E-01   4.0841080272702129E-01
   5.2000000000000000E+02   5.3962195767220322E-01   4.5123080750262479E-01   4.1256027669413697E-01
   5.2500000000000000E+02   5.3401707744863725E-01   4.5286737552396050E-01   4.1805122389658711E-01
   5.3000000000000000E+02   5.2949500582138542E-01   4.5631815547725252E-01   4.2281076776339471E-01
   5.3500000000000000E+02   5.2432051091609244E-01   4.5897205224998161E-01   4.2771477153272419E-01
   5.4000000000000000E+02   5.2042460537847957E-01   4.6381459160074129E-01   4.3170872209170302E-01
   5.4500000000000000E+02   5.1669853983035796E-01   4.6776020794470796E-01   4.3676943564696630E-01
   5.5000000000000000E+02   5.1289531226188367E-01   4.7274913505354826E-01   4.4070967641700270E-01
   5.5500000000000000E+02   5.0845882255730790E-01   4.7630948830853936E-01   4.4544522890478777E-01
   5.6000000000000000E+02   5.0387365879459545E-01   4.8075927363597354E-01   4.4914267526199236E-01
   5.6500000000000000E+02   4.9872503797480128E-01   4.8508443240075094E-01   4.5240129112477256E-01
   5.7000000000000000E+02   4.9489552265261083E-01   4.8972461010043677E-01   4.5666399355024689E-01
   5.7500000000000000E+02   4.9137139816847264E-01   4.8952144744011616E-01   4.6237552571706830E-01
   5.8000000000000000E+02   4.9610232762235729E-01   4.8557113807659252E-01   4.6642668234701123E-01
   5.8500000000000000E+02   5.0017639119988699E-01   4.8063443745449386E-01   4.7014831359473463E-01
   5.9000000000000000E+02   5.0477173102717821E-01   4.7488040295239481E-01   4.7253133471269582E-01
   5.9500000000000000E+02   5.0996188792970032E-01   4.7429021569137914E-01   4.6909704538624830E-01
   6.0000000000000000E+02   5.1460792060249438E-01   4.7776856358658482E-01   4.6448903050689649E-01
   6.0500000000000000E+02   5.1972203756807200E-01   4.7993607472220057E-01   4.5903826316073837E-01
   6.1000000000000000E+02   5.1664305028242841E-01   4.7559509278968759E-01   4.5440961235099836E-01
   6.1500000000000000E+02   5.1179784690994190E-01   4.7154083665216107E-01   4.5057667641365962E-01
   6.2000000000000000E+02   5.0737727364182006E-01   4.6772980623751914E-01   4.4607588464907277E-01
   6.2500000000000000E+02   5.0334116610000779E-01   4.6366753369870628E-01   4.4144186928234619E-01
   6.3000000000000000E+02   4.9911659586160906E-01   4.5985776703117998E-01   4.3674381074091950E-01
   6.3500000000000000E+02   4.9560263686220529E-01   4.5565037415244697E-01   4.3173276717170433E-01
   6.4000000000000000E+02   4.9186622764275034E-01   4.5124388022454320E-01   4.2714327487171139E-01
   6.4500000000000000E+02   4.8722934338600798E-01   4.4592265928822705E-01   4.2436898461741823E-01
   6.5000000000000000E+02   4.8223047221541282E-01   4.4072642582561294E-01   4.2183169380327590E-01
   6.5500000000000000E+02   4.7816643659117142E-01   4.3666823135372335E-01   4.1722152845205496E-01
   6.6000000000000000E+02   4.7233693318811343E-01   4.3339375247336598E-01   4.1359311528811882E-01
   6.6500000000000000E+02   4.6722795003698303E-01   4.2976050695283363E-01   4.0960294851243051E-01
   6.7000000000000000E+02   4.6193367365441051E-01   4.2648610886622706E-01   4.0543922753425810E-01
   6.7500000000000000E+02   4.5693578625506748E-01   4.2311163381588790E-01   4.0107919453658880E-01
   6.8000000000000000E+02   4.5205945343506415E-01   4.1973560600213888E-01   3.9659915972298987E-01
   6.8500000000000000E+02   4.4822786000927628E-01   4.1542693781184226E-01   3.9200702589172265E-01
   6.9000000000000000E+02   4.4343980909997416E-01   4.1086613490536161E-01   3.8862348426015392E-01
   6.9500000000000000E+02   4.3869611170956002E-01   4.0633769711258483E-01   3.8516322399599290E-01
   7.0000000000000000E+02   4.3340995799046877E-01   4.0207993653550567E-01   3.8197474284481181E-01
   7.0500000000000000E+02   4.2748226405512224E-01   3.9814073819445750E-01   3.7910923967385463E-01
   7.1000000000000000E+02   4.2363674829838738E-01   3.9339749109288025E-01   3.7496560708481563E-01
   7.1500000000000000E+02   4.1931680020043427E-01   3.9000401021551856E-01   3.6994664061277871E-01
   7.2000000000000000E+02   4.1510835555201353E-01   3.8656795479459027E-01   3.6485874523477624E-01
   7.2500000000000000E+02   4.1365746208206255E-01   3.8130335077847000E-01   3.5884184727349594E-01
   7.3000000000000000E+02   4.1259422919161060E-01   3.7566455852716307E-01   3.5281147696790316E-01
   7.3500000000000000E+02   4.0839552312512284E-01   3.7183606178763262E-01   3.4810628432656915E-01
   7.4000000000000000E+02   4.0383311854452197E-01   3.6720448514199489E-01   3.4456787010545609E-01
   7.4500000000000000E+02   4.0009266385242581E-01   3.6262562904525042E-01   3.4015478544694500E-01
   7.5000000000000000E+02   3.9579421643615142E-01   3.6024880805358173E-01   3.3409765840753708E-01
   7.5500000000000000E+02   3.9151569557956578E-01   3.5631069906347246E-01   3.2958189280688061E-01
   7.6000000000000000E+02   3.8657178300732220E-01   3.5229470077051250E-01   3.2580940822473248E-01
   7.6500000000000000E+02   3.8027578039500920E-01   3.4646898871297738E-01   3.2519872744722894E-01
   7.7000000000000000E+02   3.7615422712920088E-01   3.4201675722837055E-01   3.2104011675029187E-01
   7.7500000000000000E+02   3.7237373365372584E-01   3.3779367420657458E-01   3.1631129780021183E-01
   7.8000000000000000E+02   3.6734718848191361E-01   3.3390837179845667E-01   3.1249074993279069E-01
   7.8500000000000000E+02   3.6562531091456041E-01   3.2853070852176502E-01   3.0685789532948377E-01
   7.9000000000000000E+02   3.6068218174865907E-01   3.2475222578245366E-01   3.0284711178734441E-01
   7.9500000000000000E+02   3.5712301459739604E-01   3.2043315153640695E-01   2.9799295773730289E-01
   8.0000000000000000E+02   3.5381538722497308E-01   3.1611150689644629E-01   2.9288983430233473E-01
   8.0500000000000000E+02   3.4917747295995627E-01   3.1165596634886006E-01   2.8925089366758716E-01
   8.1000000000000000E+02   3.4500820417614697E-01   3.0761424316988650E-01   2.8472949018301852E-01
   8.1500000000000000E+02   3.4163979839960956E-01   3.0301660243865314E-01   2.7996314124343757E-01
   8.2000000000000000E+02   3.3673831156926481E-01   2.9901132189121848E-01   2.7613751317386553E-01
   8.2500000000000000E+02   3.3317886627745974E-01   2.9478193397665520E-01   2.7119395093288212E-01
   8.3000000000000000E+02   3.3030787164202413E-01   2.9083429206556088E-01   2.6528019203206055E-01
   8.3500000000000000E+02   3.2625407113586280E-01   2.8849097140483959E-01   2.5894491775159145E-01
   8.4000000000000000E+02   3.2163117475359626E-01   2.8486705514770849E-01   2.5445933494363776E-01
   8.4500000000000000E+02   3.1703295385854524E-01   2.8023547585409259E-01   2.5095673968495263E-01
   8.5000000000000000E+02   3.1334679974708834E-01   2.7555109592496574E-01   2.4659487827818480E-01
   8.5500000000000000E+02   3.0903747547456206E-01   2.7177255532016686E-01   2.4195034770815821E-01
   8.6000000000000000E+02   3.0405978421603530E-01   2.6685481946906653E-01   2.3911337937043359E-01
   8.6500000000000000E+02   2.9902620189757823E-01   2.6193851539610380E-01   2.3633087031450195E-01
   8.7000000000000000E+02   2.9435427533641911E-01   2.5734533868736964E-01   2.3286357813704395E-01
   8.7500000000000000E+02   2.9006474624279477E-01   2.5128786490399957E-01   2.3047818556668703E-01
   8.8000000000000000E+02   2.8603666825166463E-01   2.4643317168009071E-01   2.2662856133437417E-01
   8.8500000000000000E+02   2.8219813609230915E-01   2.4210148924958597E-01   2.2206638047688224E-01
   8.9000000000000000E+02   2.7801125993637354E-01   2.3756061673697204E-01   2.1806173369808071E-01
   8.9500000000000000E+02   2.7481098334899667E-01   2.3334266171187945E-01   2.1274756986319887E-01
   9.0000000000000000E+02   2.7202110238721644E-01   2.2896576069754571E-01   2.0718195639196116E-01
   9.0500000000000000E+02   2.6906124890470906E-01   2.2457287529172965E-01   2.0180229983293346E-01
   9.1000000000000000E+02   2.6567513646881435E-01   2.2025710819406397E-01   1.9677178391914218E-01
   9.1500000000000000E+02   2.6122171520687953E-01   2.1635773875494280E-01   1.9239217917284648E-01
   9.2000000000000000E+02   2.5667178594490503E-01   2.1277905123063101E-01   1.8778840051178131E-01
   9.2500000000000000E+02   2.5220622479042643E-01   2.0870375306254063E-01   1.8359686438699946E-01
   9.3000000000000000E+02   2.4891520884881024E-01   2.0383486458557520E-01   1.7902437335822946E-01
   9.3500000000000000E+02   2.4491827343536499E-01   1.9936707715143365E-01   1.7475670075846594E-01
   9.4000000000000000E+02   2.4291676611427016E-01   1.9329690636516916E-01   1.7009598341847393E-01
   9.4500000000000000E+02   2.3880364775007634E-01   1.8869040102433154E-01   1.6608321167615431E-01
   9.5000000000000000E+02   2.3419127489097302E-01   1.8433878719935981E-01   1.6231480291287814E-01
   9.5500000000000000E+02   2.2996898059890114E-01   1.8046437935738147E-01   1.5767910959957665E-01
   9.6000000000000000E+02   2.2653458291726247E-01   1.7578731908930245E-01   1.5305817210194278E-01
   9.6500000000000000E+02   2.2188650771293594E-01   1.7169703477206832E-01   1.4906413617615200E-01
   9.7000000000000000E+02   2.1763329178220991E-01   1.6813281920647727E-01   1.4414917222511806E-01
   9.7500000000000000E+02   2.1360457018031975E-01   1.6409484423266951E-01   1.3948347335346553E-01
   9.8000000000000000E+02   2.0996166329933030E-01   1.5957373644619866E-01   1.3491509257357437E-01
   9.8500000000000000E+02   2.0532979292571463E-01   1.5533287900883785E-01   1.3105542493719913E-01
   9.9000000000000000E+02   2.0072983069054562E-01   1.5171447076190892E-01   1.2654139997194513E-01
   9.9500000000000000E+02   1.9648751927952590E-01   1.4826210248708893E-01   1.2150368421043295E-01
   1.0000000000000000E+03   1.9233577314101336E-01   1.4485324590292747E-01   1.1633189148575546E-01
   1.0050000000000000E+03   1.9025549335658964E-01   1.3976260997440471E-01   1.1077041175135033E-01
   1.0100000000000000E+03   1.8730871168512908E-01   1.3481276454721991E-01   1.0593464340264425E-01
   1.0150000000000000E+03   1.8267139464111004E-01   1.3065014502874450E-01   1.0200218451778725E-01
   1.0200000000000000E+03   1.7721661454252369E-01   1.2667930378852288E-01   9.8695410409243678E-02
   1.0250000000000000E+03   1.7106830519300942E-01   1.2274969030116556E-01   9.6040937798763548E-02
   1.0300000000000000E+03   1.6592706555592351E-01   1.2003793897631587E-01   9.1161533313347365E-02
   1.0350000000000000E+03   1.6199840601704818E-01   1.1517331071177561E-01   8.7222425669410852E-02
   1.0400000000000000E+03   1.5790400319656750E-01   1.1040031563190678E-01   8.3357428122408816E-02
   1.0450000000000000E+03   1.5422739505965533E-01   1.0707608472217034E-01   7.7625871721705819E-02
   1.0500000000000000E+03   1.5155191150228919E-01   1.0292767536502156E-01   7.1717369188869173E-02
   1.0550000000000000E+03   1.4796456265283586E-01   9.8258999317988316E-02   6.7240998638004312E-02
   1.0600000000000000E+03   1.4558042189998077E-01   9.3075663292309319E-02   6.2076079969187292E-02
   1.0650000000000000E+03   1.4424502071129908E-01   8.7391969083330079E-02   5.6362779919496453E-02
   1.0700000000000000E+03   1.4134954405466305E-01   8.2407070218928624E-02   5.1510759993182442E-02
   1.0750000000000000E+03   1.3902424608785613E-01   7.7155275734337558E-02   4.6355456997228706E-02
   1.0800000000000000E+03   1.3783338147315227E-01   7.1616225679237866E-02   4.0352976219680758E-02
   1.0850000000000000E+03   1.3476890633014760E-01   6.7413421355794756E-02   3.4887860238776880E-02
   1.0900000000000000E+03   1.3127911039492313E-01   6.3314448085320219E-02   2.9744233997124447E-02
   1.0950000000000000E+03   1.2781682339306044E-01   5.9169941571810880E-02   2.4618632065144697E-02
   1.1000000000000000E+03   1.2444776562085891E-01   5.4967039529933259E-02   1.9458196431872243E-02
   1.1050000000000000E+03   1.2093189515756553E-01   5.0743636862592645E-02   1.4465074115154353E-02
   1.1100000000000000E+03   1.1875658969893288E-01   4.5961212258946837E-02   8.6904087300809785E-03
   1.1150000000000000E+03   1.1514134863347381E-01   4.1636085562774594E-02   3.8983810443606326E-03
   1.1200000000000000E+03   8.8765930386086822E-01   3.6990525094910298E-02   1.3878014407848749E-03
   1.1250000000000000E+03   8.8902779811134491E-01   3.1131073692793720E-02   6.8922512355427679E-03
   1.1300000000000000E+03   8.9304335355530895E-01   2.6215975344826670E-02   1.0693992890963511E-02
   1.1350000000000000E+03   8.9699505259821244E-01   2.1214390822701601E-02   1.4473104773286449E-02
   1.1400000000000000E+03   8.9871819355695337E-01   1.9544787000315034E-02   1.5276818561120287E-02
   1.1450000000000000E+03   9.0275954327324048E-01   2.4330520944170653E-02   1.1371506773912243E-02
   1.1500000000000000E+03   9.0754744150352051E-01   2.7503174064008207E-02   6.5996626766779976E-03
   1.1550000000000000E+03   9.1141987588051965E-01   3.1757112448124181E-02   1.9936399904414981E-03
   1.1600000000000000E+03   8.4647689583255858E-02   3.6271856962892313E-02   2.2915764059175392E-03
   1.1650000000000000E+03   8.0354969560054501E-02   4.0653665533293193E-02   6.3494432596667427E-03
   1.1700000000000000E+03   7.6331195706381472E-02   4.5369397372058751E-02   1.0342333014579985E-02
   1.1750000000000000E+03   7.1631272551202052E-02   4.8800239699626047E-02   1.4943962979184766E-02
   1.1800000000000000E+03   6.6579916285632423E-02   5.1883766558002087E-02   1.9541475302590650E-02
   1.1850000000000000E+03   6.2551962317805021E-02   5.6709026418418240E-02   2.3420656921698646E-02
   1.1900000000000000E+03   6.0791129660716869E-02   5.8448083965828790E-02   2.7967070774775671E-02
   1.1950000000000000E+03   6.1078880212591447E-02   5.2290593811220809E-02   3.4254225515644665E-02
   1.2000000000000000E+03   6.5397858724468461E-02   4.8295158197429133E-02   3.8672206837327194E-02
   1.2050000000000000E+03   6.9926533392387524E-02   4.4372163932316244E-02   4.2952933351646905E-02
   1.2100000000000000E+03   7.3973827952428683E-02   4.7066566345954186E-02   3.9800696039314021E-02
   1.2150000000000000E+03   7.8080606250543916E-02   5.1392897448976349E-02   3.5501409993100308E-02
   1.2200000000000000E+03   8.3187739267295391E-02   5.5786188087085797E-02   3.2269438200609346E-02
   1.2250000000000000E+03   8.7260420227159186E-02   5.9632193441046033E-02   2.7455729067082268E-02
   1.2300000000000000E+03   8.8151044407726142E-02   6.5945015440501853E-02   2.1926779799753160E-02
   1.2350000000000000E+03   9.1845850136033080E-02   7.0902493698241142E-02   1.7846668338447946E-02
   1.2400000000000000E+03   9.5717537731411562E-02   7.4977347262666805E-02   1.3060814050900094E-02
   1.2450000000000000E+03   1.0152195587056034E-01   7.9170490114124970E-02   1.0325979594155099E-02
   1.2500000000000000E+03   1.0717736990047833E-01   8.3709382057126192E-02   7.7878901197228623E-03
   1.2550000000000000E+03   1.1253557868052888E-01   8.8766698898950891E-02   5.4710202942463426E-03
   1.2600000000000000E+03   1.1696006962137817E-01   9.2829004800561998E-02   1.2254216893554104E-03
   1.2650000000000000E+03   8.7925191005528069E-01   9.7796146170834708E-02   2.7518120643819088E-03
   1.2700000000000000E+03   8.7566150053477454E-01   1.0212092739362111E-01   7.5690167684415166E-03
   1.2750000000000000E+03   8.7095241410091018E-01   1.0725348030564597E-01   1.0459772869904127E-02
   1.2800000000000000E+03   8.6591879771030111E-01   1.1224670553791333E-01   1.3165326694379365E-02
   1.2850000000000000E+03   8.6104910193885453E-01   1.1696410608772378E-01   1.6310625820473823E-02
   1.2900000000000000E+03   8.5595059631906001E-01   1.2176896138048249E-01   1.9139660355272092E-02
   1.2950000000000000E+03   8.5198951314362725E-01   1.2547978144525845E-01   2.4200152562414812E-02
   1.3000000000000000E+03   8.4747922887215543E-01   1.3006048492244460E-01   2.7841560261108844E-02
   1.3050000000000000E+03   8.4364375781985146E-01   1.3390145063254116E-01   3.2897518946059856E-02
   1.3100000000000000E+03   8.3927133341490423E-01   1.3778106330702317E-01   3.7377877313982510E-02
   1.3150000000000000E+03   8.3502389073986039E-01   1.4271800017590913E-01   4.0925893217404030E-02
   1.3200000000000000E+03   8.3103566351672564E-01   1.4693373663891046E-01   4.5454324978619620E-02
   1.3250000000000000E+03   8.2601518024294218E-01   1.5188812319257400E-01   4.8211850598524120E-02
   1.3300000000000000E+03   8.2007746195983056E-01   1.5742090070596526E-01   4.9473750249372228E-02
   1.3350000000000000E+03   8.1464754222760716E-01   1.6306806996160850E-01   5.1129056708857590E-02
   1.3400000000000000E+03   8.0892920200302254E-01   1.6866000958468852E-01   5.2551172308543614E-02
   1.3450000000000000E+03   8.0432202928683938E-01   1.7333602576775026E-01   5.6000378856650657E-02
   1.3500000000000000E+03   7.9971136575276458E-01   1.7774375115603469E-01   5.9714385381642199E-02
   1.3550000000000000E+03   7.9488615369014082E-01   1.8184794581558955E-01   6.3517374106815017E-02
   1.3600000000000000E+03   7.9046866552665807E-01   1.8601484321655160E-01   6.7665383989721994E-02
   1.3650000000000000E+03   7.8605913751678469E-01   1.8979756684209431E-01   7.2205527801657399E-02
   1.3700000000000000E+03   7.8152213305217733E-01   1.9367543022716477E-01   7.6523055399331019E-02
   1.3750000000000000E+03   7.7548464145044615E-01   1.9661532698063455E-01   8.0278062491481894E-02
   1.3800000000000000E+03   7.6933336248036865E-01   1.9969179202272722E-01   8.3782713926662394E-02
   1.3850000000000000E+03   7.6530036839438720E-01   2.0455332929926728E-01   8.7620578011492367E-02
   1.3900000000000000E+03   7.6038524216533410E-01   2.0850889730971120E-01   9.1482279219347123E-02
   1.3950000000000000E+03   7.5671884760357622E-01   2.1347943119412344E-01   9.5577746220528670E-02
   1.4000000000000000E+03   7.5298503157433316E-01   2.1805664595359298E-01   9.9999110879167852E-02
   1.4050000000000000E+03   7.4819004842796477E-01   2.2008517683222070E-01   1.0590799230152334E-01
   1.4100000000000000E+03   7.4341894418336629E-01   2.2317467505121968E-01   1.1077978528527732E-01
   1.4150000000000000E+03   7.3875712007370109E-01   2.2655708320811291E-01   1.1546794846606956E-01
   1.4200000000000000E+03   7.3392940882928581E-01   2.2977884654710382E-01   1.2015086933001487E-01
   1.4250000000000000E+03   7.2889930293242156E-01   2.3280608268724937E-01   1.2482592274035662E-01
   1.4300000000000000E+03   7.2507810931101413E-01   2.3783836441901374E-01   1.2870484283453620E-01
   1.4350000000000000E+03   7.2044369781419382E-01   2.4182980862664469E-01   1.3281138257743627E-01
   1.4400000000000000E+03   7.1672718013424652E-01   2.4675375558137225E-01   1.3690331339011291E-01
   1.4450000000000000E+03   7.1227486721339406E-01   2.5048658777220090E-01   1.4145056372578330E-01
   1.4500000000000000E+03   7.0739639245082453E-01   2.5286106767769922E-01   1.4693000450506685E-01
   1.4550000000000000E+03   7.0155778335665309E-01   2.5611209057615197E-01   1.5057276795979407E-01
   1.4600000000000000E+03   6.9733257116627390E-01   2.6081853403962280E-01   1.5437350775329545E-01
   1.4650000000000000E+03   6.9350890166785506E-01   2.6510402651721265E-01   1.5899674122463833E-01
   1.4700000000000000E+03   6.8893280496640863E-01   2.6859204775182205E-01   1.6366501873593348E-01
   1.4750000000000000E+03   6.8422247547782122E-01   2.7257760667750996E-01   1.6770152576900924E-01
   1.4800000000000000E+03   6.8009160380718670E-01   2.7729404403315272E-01   1.7158661219008348E-01
   1.4850000000000000E+03   6.7597143658454617E-01   2.8196717677930244E-01   1.7552570766864495E-01
   1.4900000000000000E+03   6.7295362359368227E-01   2.8644461424099488E-01   1.8076285266343975E-01
   1.4950000000000000E+03   6.6952459367215111E-01   2.9152023769324642E-01   1.8499059473700918E-01
   1.5000000000000000E+03   6.6490258875322472E-01   2.9564106788341388E-01   1.8898015507526705E-01
   1.5050000000000000E+03   6.6039920076225234E-01   2.9977279336708457E-01   1.9307743704797553E-01
   1.5100000000000000E+03   6.5620371166809388E-01   3.0345390817752166E-01   1.9793322859073165E-01
   1.5150000000000000E+03   6.5242936401145091E-01   3.0671634155288735E-01   2.0362884300607342E-01
   1.5200000000000000E+03   6.4873528778472744E-01   3.0991014290821817E-01   2.0947336087137097E-01
   1.5250000000000000E+03   6.4469176922881011E-01   3.1468015598143073E-01   2.1339222468959301E-01
   1.5300000000000000E+03   6.4029235365127746E-01   3.1865341242962475E-01   2.1775194811121773E-01
   1.5350000000000000E+03   6.3667863326197016E-01   3.2352211945347059E-01   2.2200191614541581E-01
   1.5400000000000000E+03   6.3260615187354197E-01   3.2722972095372949E-01   2.2695422870408008E-01
   1.5450000000000000E+03   6.2859279858606165E-01   3.3174074662107184E-01   2.3116224519660919E-01
   1.5500000000000000E+03   6.2289384277906468E-01   3.3758972362461126E-01   2.3234670783342473E-01
   1.5550000000000000E+03   6.1815404759106207E-01   3.4220286472747058E-01   2.3572616698991489E-01
   1.5600000000000000E+03   6.1403223823038000E-01   3.4656451948565420E-01   2.3997509831840053E-01
   1.5650000000000000E+03   6.0942759641845790E-01   3.5163971715728087E-01   2.4302765428220333E-01
   1.5700000000000000E+03   6.0581816717733195E-01   3.5723143799582568E-01   2.4655889964988448E-01
   1.5750000000000000E+03   6.0160601304977979E-01   3.6106359144925260E-01   2.5124698751625701E-01
   1.5800000000000000E+03   5.9546367761818830E-01   3.6134054718880176E-01   2.5756009179246786E-01
   1.5850000000000000E+03   5.9047447093420202E-01   3.6354892555579643E-01   2.6309490218883846E-01
   1.5900000000000000E+03   5.8596132361987252E-01   3.6706988793344242E-01   2.6779318794421458E-01
   1.5950000000000000E+03   5.8034890114278637E-01   3.7007225606343858E-01   2.7191079278448388E-01
   1.6000000000000000E+03   5.7493719703446267E-01   3.7371600845085107E-01   2.7558773173609935E-01
   1.6050000000000000E+03   5.7065161239979711E-01   3.7794203582012870E-01   2.7980851517950794E-01
   1.6100000000000000E+03   5.6628750937811545E-01   3.8201612452995098E-01   2.8410271889535527E-01
   1.6150000000000000E+03   5.6249244775426765E-01   3.8587376698781428E-01   2.8918241026099600E-01
   1.6200000000000000E+03   5.5742198178287827E-01   3.9035515489470024E-01   2.9236295183007222E-01
   1.6250000000000000E+03   5.5161201756037381E-01   3.9457612330901248E-01   2.9506441464060712E-01
   1.6300000000000000E+03   5.4543395581114240E-01   3.9797614625205036E-01   2.9821872539568961E-01
   1.6350000000000000E+03   5.4081963733595695E-01   4.0157815648203077E-01   3.0273479213787458E-01
   1.6400000000000000E+03   5.3576679316488907E-01   4.0326132374059154E-01   3.0873117615559764E-01
   1.6450000000000000E+03   5.3118560876033183E-01   4.0561819266021332E-01   3.1452551827876984E-01
   1.6500000000000000E+03   5.2656975038297649E-01   4.0975257430785328E-01   3.1850767370112543E-01
   1.6550000000000000E+03   5.2202014040718869E-01   4.1351512771497378E-01   3.2292790576556829E-01
   1.6600000000000000E+03   5.1761099176501679E-01   4.1791401993954275E-01   3.2685226034617920E-01
   1.6650000000000000E+03   5.1316695524510636E-01   4.2325536919463008E-01   3.2979927001853326E-01
   1.6700000000000000E+03   5.0940122806383847E-01   4.2840286532368688E-01   3.3361844215556014E-01
   1.6750000000000000E+03   5.0545962475653416E-01   4.3328684421210356E-01   3.3752525540719108E-01
   1.6800000000000000E+03   5.0161499848857238E-01   4.3853220815849780E-01   3.4116766064018567E-01
   1.6850000000000000E+03   4.9707292563409444E-01   4.4291911648412813E-01   3.4497107490742929E-01
   1.6900000000000000E+03   4.9443250781303272E-01   4.4716437818412785E-01   3.5081779083371922E-01
   1.6950000000000000E+03   4.9215371409152930E-01   4.5198340230413692E-01   3.5645236843955841E-01
   1.7000000000000000E+03   4.8721391499210698E-01   4.5581025229721550E-01   3.6041811479440922E-01
   1.7050000000000000E+03   4.8322500221774589E-01   4.6162007786691839E-01   3.6335177189769702E-01
   1.7100000000000000E+03   4.7876757236218198E-01   4.6588831761280458E-01   3.6735849774359847E-01
   1.7150000000000000E+03   4.7481724903278877E-01   4.6999491434892948E-01   3.7203397312543085E-01
   1.7200000000000000E+03   4.7489012056549740E-01   4.7176542216885770E-01   3.7681933549228364E-01
   1.7250000000000000E+03   4.7852044178358710E-01   4.6709272987894773E-01   3.8124871743163591E-01
   1.7300000000000000E+03   4.8344032164513451E-01   4.6367457986176630E-01   3.8564308300025862E-01
   1.7350000000000000E+03   4.8961121877011538E-01   4.6326394051139885E-01   3.9179394197226225E-01
   1.7400000000000000E+03   4.9462572179056941E-01   4.6047115256135696E-01   3.9671904644911771E-01
   1.7450000000000000E+03   5.0080976670785970E-01   4.5988050125536128E-01   4.0267674567318357E-01
   1.7500000000000000E+03   5.0540549926914291E-01   4.5635498138278263E-01   4.0728788868667254E-01
   1.7550000000000000E+03   5.0925326989758735E-01   4.5128899504721220E-01   4.1110652717000967E-01
   1.7600000000000000E+03   5.1386333418549213E-01   4.4785028710905228E-01   4.1579015039129646E-01
   1.7650000000000000E+03   5.1980188212756562E-01   4.4479928507529054E-01   4.1953299586281267E-01
   1.7700000000000000E+03   5.2375614686611938E-01   4.4009373258648843E-01   4.2360557408280841E-01
   1.7750000000000000E+03   5.2887659729947334E-01   4.3769794001485079E-01   4.2882172652516848E-01
   1.7800000000000000E+03   5.3327461425898459E-01   4.3410412008682320E-01   4.3356228508498112E-01
   1.7850000000000000E+03   5.3704108342361456E-01   4.3766192883216348E-01   4.2923783755128342E-01
   1.7900000000000000E+03   5.4030804692729073E-01   4.4379809222591904E-01   4.2590856900136331E-01
   1.7950000000000000E+03   5.4214389309450128E-01   4.5007399547719346E-01   4.2128792297249729E-01
   1.8000000000000000E+03   5.4576854663381247E-01   4.5400129302393821E-01   4.1656779929570087E-01
   1.8050000000000000E+03   5.4561427655693495E-01   4.4777711943235265E-01   4.1021384751681217E-01
   1.8100000000000000E+03   5.4125727150760072E-01   4.4387622782831321E-01   4.0573934872283424E-01
   1.8150000000000000E+03   5.3561311716128523E-01   4.3855297087364231E-01   4.0397436457647007E-01
   1.8200000000000000E+03   5.3116422076683245E-01   4.3466837294506522E-01   3.9957546345214789E-01
   1.8250000000000000E+03   5.2663467928259755E-01   4.3036007333860177E-01   3.9568090909549436E-01
   1.8300000000000000E+03   5.2267432160478022E-01   4.2569150284492213E-01   3.9157744181963994E-01
   1.8350000000000000E+03   5.1801466550623476E-01   4.2206618614406838E-01   3.8713001917168743E-01
   1.8400000000000000E+03   5.1220076874435061E-01   4.1662972907067464E-01   3.8564797755961361E-01
   1.8450000000000000E+03   5.0799211235639619E-01   4.1276854898014159E-01   3.8098541859074964E-01
   1.8500000000000000E+03   5.0421637755937576E-01   4.0819213049395958E-01   3.7660517642660196E-01
   1.8550000000000000E+03   5.0031576953960921E-01   4.0431672131345792E-01   3.7164879817951862E-01
   1.8600000000000000E+03   4.9603190517645762E-01   3.9995800215252442E-01   3.6755898625625183E-01
   1.8650000000000000E+03   4.9163785658822534E-01   3.9623079362442171E-01   3.6294784792523543E-01
   1.8700000000000000E+03   4.8786081419266131E-01   3.9177457399152715E-01   3.5844871450634319E-01
   1.8750000000000000E+03   4.8229055201365650E-01   3.8947106905087925E-01   3.5359008617864374E-01
   1.8800000000000000E+03   4.7643742096913966E-01   3.8788848521477859E-01   3.4829340561191002E-01
   1.8850000000000000E+03   4.7092052912119220E-01   3.8666117080787987E-01   3.4230521641940426E-01
   1.8900000000000000E+03   4.6576214986817460E-01   3.8426294268559258E-01   3.3712942834735737E-01
   1.8950000000000000E+03   4.6117364139115347E-01   3.8089726730816947E-01   3.3235121675445012E-01
   1.9000000000000000E+03   4.5652851809577971E-01   3.7763714533190113E-01   3.2752406657874056E-01
   1.9050000000000000E+03   4.5188818070964565E-01   3.7380870449642029E-01   3.2326044935300380E-01
   1.9100000000000000E+03   4.4689016985054442E-01   3.7056925488959130E-01   3.1876551437158307E-01
   1.9150000000000000E+03   4.4150439296582156E-01   3.6811380749390604E-01   3.1387434320463914E-01
   1.9200000000000000E+03   4.3586101429926472E-01   3.6593785631881365E-01   3.0896127759893671E-01
   1.9250000000000000E+03   4.3195370722471438E-01   3.6130099778537095E-01   3.0477304775957859E-01
   1.9300000000000000E+03   4.2742941998196615E-01   3.5766231802237924E-01   3.0020361931796702E-01
   1.9350000000000000E+03   4.2294588337364880E-01   3.5318764744637715E-01   2.9642943105493508E-01
   1.9400000000000000E+03   4.1893250038059482E-01   3.4922374291582969E-01   2.9167432313118485E-01
   1.9450000000000000E+03   4.1532203704135545E-01   3.4499349029566662E-01   2.8678264364323547E-01
   1.9500000000000000E+03   4.1152664048049814E-01   3.3941321968846738E-01   2.8342591536394102E-01
   1.9550000000000000E+03   4.0706517340800519E-01   3.3518961709114137E-01   2.7937858958640793E-01
   1.9600000000000000E+03   4.0464223432033375E-01   3.3023140326391193E-01   2.7402734705395726E-01
   1.9650000000000000E+03   4.0241672371764947E-01   3.2563084466867515E-01   2.6812102080452649E-01
   1.9700000000000000E+03   4.0013959877993532E-01   3.2105654316625870E-01   2.6224005179730558E-01
   1.9750000000000000E+03   3.9716578347963988E-01   3.1662314439615397E-01   2.5691487042035388E-01
   1.9800000000000000E+03   3.9273009625299532E-01   3.1296549546846142E-01   2.5227581112733932E-01
   1.9850000000000000E+03   3.8806227266031951E-01   3.0934273891455688E-01   2.4783399582656784E-01
   1.9900000000000000E+03   3.8206522432620882E-01   3.0719821173222173E-01   2.4324317589566286E-01
   1.9950000000000000E+03   3.7716844227009627E-01   3.0324339990451787E-01   2.3936237433212768E-01
   2.0000000000000000E+03   3.7206598571911359E-01   2.9929202007317773E-01   2.3568381526709892E-01
   2.0050000000000000E+03   3.6762226660410846E-01   2.9492760268857293E-01   2.3175955631935749E-01
   2.0100000000000000E+03   3.6479411823608243E-01   2.8893611772791161E-01   2.2784679420069320E-01
   2.0150000000000000E+03   3.6188999846668390E-01   2.8326139949461415E-01   2.2369323675603781E-01
   2.0200000000000000E+03   3.5727765221296381E-01   2.7932702270783316E-01   2.1950756434918778E-01
   2.0250000000000000E+03   3.5237056944180578E-01   2.7538630260355584E-01   2.1562297177727105E-01
   2.0300000000000000E+03   3.4791029749331570E-01   2.7118616199515161E-01   2.1155098888681387E-01
   2.0350000000000000E+03   3.4481499224276085E-01   2.6547933033551024E-01   2.0762073034965939E-01
   2.0400000000000000E+03   3.4222801465574171E-01   2.6083054236902053E-01   2.0212410045581686E-01
   2.0450000000000000E+03   3.3784776339449707E-01   2.5654314563208008E-01   1.9805935300665020E-01
   2.0500000000000000E+03   3.3157189149297989E-01   2.5454364549652375E-01   1.9360232959637258E-01
   2.0550000000000000E+03   3.2706025243671921E-01   2.5093999546351364E-01   1.8898522323829170E-01
   2.0600000000000000E+03   3.2280269397458050E-01   2.4828687286937420E-01   1.8316350884721797E-01
   2.0650000000000000E+03   3.1895665371925019E-01   2.4527530973655173E-01   1.7728871678801877E-01
   2.0700000000000000E+03   3.1482432678189265E-01   2.4082394681813751E-01   1.7314001119643921E-01
   2.0750000000000000E+03   3.1018648198441101E-01   2.3677358656533060E-01   1.6909582079937691E-01
   2.0800000000000000E+03   3.0621831167955532E-01   2.3262784989844570E-01   1.6447733232376521E-01
   2.0850000000000000E+03   3.0202048013396970E-01   2.2833349718148377E-01   1.6023712113896116E-01
   2.0900000000000000E+03   2.9751292128607154E-01   2.2463666776394417E-01   1.5570911395704823E-01
   2.0950000000000000E+03   2.9410220358465888E-01   2.2075057263591152E-01   1.5027353133914173E-01
   2.1000000000000000E+03   2.9020904327524605E-01   2.1662694607122440E-01   1.4555792276589000E-01
   2.1050000000000000E+03   2.8569942180948898E-01   2.1164543438156222E-01   1.4231666047395830E-01
   2.1100000000000000E+03   2.8040577004245953E-01   2.0594998449076773E-01   1.4057336668442996E-01
   2.1150000000000000E+03   2.7618726393857440E-01   2.0195753395343191E-01   1.3605192787829978E-01
   2.1200000000000000E+03   2.7424814827284993E-01   1.9614512117519708E-01   1.3107106087490683E-01
   2.1250000000000000E+03   2.6998965156440335E-01   1.9223967345730900E-01   1.2650260985389017E-01
   2.1300000000000000E+03   2.6581382218303568E-01   1.8797871624037613E-01   1.2220700100483925E-01
   2.1350000000000000E+03   2.6161984057906751E-01   1.8392667004079793E-01   1.1772063336103417E-01
   2.1400000000000000E+03   2.5609285711412311E-01   1.7997844383837577E-01   1.1446344758104904E-01
   2.1450000000000000E+03   2.5222236262280895E-01   1.7541977806212583E-01   1.1016021240126164E-01
   2.1500000000000000E+03   2.4804072493964885E-01   1.7161712365373794E-01   1.0541210904545815E-01
   2.1550000000000000E+03   2.4265487946467149E-01   1.6709552806868308E-01   1.0258715465813834E-01
   2.1600000000000000E+03   2.3829747229526488E-01   1.6243368239633182E-01   9.8874012052544605E-02
   2.1650000000000000E+03   2.3409082711700124E-01   1.5814994787446554E-01   9.4631996305323457E-02
   2.1700000000000000E+03   2.2877639417480489E-01   1.5562843894376457E-01   8.9735542730869380E-02
   2.1750000000000000E+03   2.2450646041321068E-01   1.5202005801096177E-01   8.4881461977915143E-02
   2.1800000000000000E+03   2.2024547170695977E-01   1.4880272304115105E-01   7.9627390206625043E-02
   2.1850000000000000E+03   2.1607447410070407E-01   1.4539651933387421E-01   7.4472196072805946E-02
   2.1900000000000000E+03   2.1195370315981402E-01   1.4191056923668205E-01   6.9346521663536692E-02
   2.1950000000000000E+03   2.0730911278677208E-01   1.3785332640324244E-01   6.5315959422667463E-02
   2.2000000000000000E+03   2.0623427270553496E-01   1.3171895111881832E-01   5.9792779340977258E-02
   2.2050000000000000E+03   2.0163495997980624E-01   1.2747532357446437E-01   5.5903324163708225E-02
   2.2100000000000000E+03   1.9688750587265569E-01   1.2396869640098832E-01   5.1425009996983267E-02
   2.2150000000000000E+03   1.9203664710220680E-01   1.2070061637423707E-01   4.6811553346831902E-02
   2.2200000000000000E+03   1.8568831376625006E-01   1.2038516124461168E-01   4.0742946365062420E-02
   2.2250000000000000E+03   1.8097517700639196E-01   1.1650026994437342E-01   3.6608578977807990E-02
   2.2300000000000000E+03   1.7649706549772359E-01   1.1242234856660961E-01   3.2432216416888780E-02
   2.2350000000000000E+03   1.7218282670004700E-01   1.0803722861464449E-01   2.8399179719178796E-02
   2.2400000000000000E+03   1.6820397771431145E-01   1.0374838901369068E-01   2.3934472858516985E-02
   2.2450000000000000E+03   1.6430565742867997E-01   9.9463458949348979E-02   1.9385327761138733E-02
   2.2500000000000000E+03   1.6039013911536595E-01   9.4479350471916440E-02   1.5552559104533615E-02
   2.2550000000000000E+03   1.5594527680753378E-01   9.0262445771241775E-02   1.1481930665688634E-02
   2.2600000000000000E+03   1.5221684252563983E-01   8.5475663162470225E-02   7.2647521090024800E-03
   2.2650000000000000E+03   1.4803092153615102E-01   8.2392827493778714E-02   1.8011133198310506E-03
   2.2700000000000000E+03   8.5624667492278084E-01   7.8756711185100692E-02   3.0175693599112548E-03
   2.2750000000000000E+03   8.6076068803425176E-01   7.4728744886778761E-02   7.2079853974699355E-03
   2.2800000000000000E+03   8.6503934196661936E-01   7.0145902108081304E-02   1.1078884133756225E-02
   2.2850000000000000E+03   8.6892739727136159E-01   6.6122230685720346E-02   1.5899552854004653E-02
   2.2900000000000000E+03   8.7419246288348862E-01   6.2186074673163790E-02   1.9430726676673532E-02
   2.2950000000000000E+03   8.7874982534262802E-01   5.7372463170722178E-02   2.2792148162442873E-02
   2.3000000000000000E+03   8.8273171499500813E-01   5.2399927008000148E-02   2.6570117794692615E-02
   2.3050000000000000E+03   8.8689398837990541E-01   4.8559442085206274E-02   3.1299754934352247E-02
   2.3100000000000000E+03   8.9160497989461163E-01   4.3844284888061864E-02   3.4606001669853031E-02
   2.3150000000000000E+03   8.9570506284272322E-01   3.9619529307323022E-02   3.9013558588354563E-02
   2.3200000000000000E+03   9.0192186175765865E-01   4.4884612100923031E-02   3.8974986287476046E-02
   2.3250000000000000E+03   9.0733175383281417E-01   4.9253666085855609E-02   3.6021536900213202E-02
   2.3300000000000000E+03   9.1328262522424852E-01   5.4314323172781072E-02   3.4300669931221564E-02
   2.3350000000000000E+03   9.1789501881675906E-01   5.9183772191302317E-02   3.1050117094901696E-02
   2.3400000000000000E+03   9.2406011630126872E-01   6.5155102667375800E-02   3.0454149608133717E-02
   2.3450000000000000E+03   9.2834237611433013E-01   6.9200207041433925E-02   2.6049118347901787E-02
   2.3500000000000000E+03   9.2869438231428336E-01   6.6145683591447957E-02   2.0934073839054657E-02
   2.3550000000000000E+03   9.2543120203144302E-01   6.1268041007111140E-02   1.6342501258880628E-02
   2.3600000000000000E+03   9.2291227685366450E-01   5.5923473368701869E-02   1.1473598627716861E-02
   2.3650000000000000E+03   9.1944108034984151E-01   5.1410538423606697E-02   6.7253346292833523E-03
   2.3700000000000000E+03   9.1510621235957923E-01   4.7573030289330527E-02   2.1653153064701003E-03
   2.3750000000000000E+03   8.9046998024213148E-02   4.2811098297184928E-02   1.6519377649430386E-03
   2.3800000000000000E+03   9.4013168938711214E-02   3.8872189030239243E-02   5.4792530308510855E-03
   2.3850000000000000E+03   9.7557972925552877E-02   3.4205853058810728E-02   1.0000508519932453E-02
   2.3900000000000000E+03   1.0249329780363853E-01   3.0389361027624379E-02   1.3981087058012341E-02
   2.3950000000000000E+03   1.0626761261512888E-01   2.5880324935277744E-02   1.8430131601526904E-02
   2.4000000000000000E+03   1.1101865616020808E-01   2.2452591670618985E-02   2.1921433102097626E-02
   2.4050000000000000E+03   1.1339697128711795E-01   2.7507426120160536E-02   1.6622187231197426E-02
   2.4100000000000000E+03   1.1787334927121021E-01   3.1860868420422003E-02   1.2719612068198931E-02
   2.4150000000000000E+03   1.2189305264266996E-01   3.5933459770158743E-02   8.0795113420438353E-03
   2.4200000000000000E+03   1.2557096725520520E-01   4.1412155974414992E-02   4.5037267114835522E-03
   2.4250000000000000E+03   1.3018967466501377E-01   4.5446821120382945E-02   4.2470381991016604E-04
   2.4300000000000000E+03   8.6553589060428882E-01   5.0008460609903611E-02   3.4716174072231612E-03
   2.4350000000000000E+03   8.6076165337771671E-01   5.3523423339870313E-02   7.9148128980360277E-03
   2.4400000000000000E+03   8.5444760388656404E-01   5.4087401420986995E-02   1.3769180773118429E-02
   2.4450000000000000E+03   8.4975929425336616E-01   5.8193684323491632E-02   1.7706983684767807E-02
   2.4500000000000000E+03   8.4613505947616163E-01   6.2917984489498105E-02   2.2090844188908540E-02
   2.4550000000000000E+03   8.4153294982649685E-01   6.6389574381273242E-02   2.6749540094819342E-02
   2.4600000000000000E+03   8.3599911417077299E-01   6.8063997769374274E-02   3.2273676498345963E-02
   2.4650000000000000E+03   8.2979043229486582E-01   6.8447000221691909E-02   3.8414387617472498E-02
   2.4700000000000000E+03   8.2433577181799955E-01   7.1110557796889184E-02   4.3028565012760173E-02
   2.4750000000000000E+03   8.1965222050672293E-01   7.4619238945831071E-02   4.7568727999893215E-02
   2.4800000000000000E+03   8.1523213821614693E-01   7.7395283569303031E-02   5.3104996533196502E-02
   2.4850000000000000E+03   8.1119652040719570E-01   8.1617218352398893E-02   5.7579839388500247E-02
   2.4900000000000000E+03   8.0739789689163888E-01   8.5690441971077072E-02   6.2440387701616543E-02
   2.4950000000000000E+03   8.0241596491134104E-01   8.9519850764105416E-02   6.6361442375641858E-02
   2.5000000000000000E+03   7.9884518707827046E-01   9.4023021047866293E-02   7.1019889706161909E-02
