# extracted from jaksch_zoller_pulses.agr
#  t [ns]   E [MHz]
0.080016003 0.0013329386
0.24004801 0.01199995
0.40008002 0.033352647
0.56011202 0.065428333
0.72014403 0.10828285
0.88017604 0.16199045
1.040208 0.22664361
1.20024 0.3023528
1.3602721 0.38924626
1.5203041 0.48746963
1.6803361 0.59718566
1.8403681 0.71857375
2.0004001 0.85182959
2.1604321 0.99716462
2.3204641 1.1548055
2.4804961 1.3249938
2.6405281 1.5079849
2.8005601 1.7040479
2.9605921 1.9134647
3.1206241 2.1365292
3.2806561 2.3735467
3.4406881 2.6248334
3.6007201 2.8907151
3.7607522 3.1715266
3.9207842 3.467611
4.0808162 3.7793186
4.2408482 4.107006
4.4008802 4.4510356
4.5609122 4.8117738
4.7209442 5.1895911
4.8809762 5.5848601
5.0410082 5.9979552
5.2010402 6.4292513
5.3610722 6.8791229
5.5211042 7.3479428
5.6811362 7.8360814
5.8411682 8.3439053
6.0012002 8.8717767
6.1612322 9.4200517
6.3212643 9.9890799
6.4812963 10.579203
6.6413283 11.190753
6.8013603 11.824053
6.9613923 12.479415
7.1214243 13.157138
7.2814563 13.857508
7.4414883 14.580798
7.6015203 15.327264
7.7615523 16.097148
7.9215843 16.890673
8.0816163 17.708045
8.2416483 18.549451
8.4016803 19.415056
8.5617123 20.305008
8.7217443 21.219431
8.8817764 22.158425
9.0418084 23.12207
9.2018404 24.110419
9.3618724 25.123503
9.5219044 26.161324
9.6819364 27.223862
9.8419684 28.311066
10.002 29.422859
10.162032 30.559139
10.322064 31.71977
10.482096 32.904592
10.642128 34.113413
10.80216 35.346011
10.962192 36.602135
11.122224 37.881503
11.282256 39.183803
11.442288 40.508691
11.60232 41.855792
11.762352 43.224702
11.922384 44.614982
12.082416 46.026165
12.242448 47.457751
12.40248 48.90921
12.562513 50.379981
12.722545 51.869471
12.882577 53.377057
13.042609 54.902086
13.202641 56.443875
13.362673 58.001711
13.522705 59.574854
13.682737 61.162531
13.842769 62.763946
14.002801 64.378272
14.162833 66.004655
14.322865 67.642217
14.482897 69.290053
14.642929 70.947234
14.802961 72.612806
14.962993 74.285792
15.123025 75.965193
15.283057 77.64999
15.443089 79.339142
15.603121 81.031589
15.763153 82.726252
15.923185 84.422037
16.083217 86.117831
16.243249 87.812509
16.403281 89.504929
16.563313 91.193939
16.723345 92.878374
16.883377 94.55706
17.043409 96.228812
17.203441 97.892441
17.363473 99.546748
17.523505 101.19053
17.683537 102.82259
17.843569 104.4417
18.003601 106.04667
18.163633 107.63629
18.323665 109.20934
18.483697 110.76462
18.643729 112.30095
18.803761 113.81712
18.963793 115.31194
19.123825 116.78425
19.283857 118.23288
19.443889 119.65667
19.603921 121.05449
19.763953 122.4252
19.923985 123.7677
20.084017 125.0809
20.244049 126.36371
20.404081 127.61508
20.564113 128.83399
20.724145 130.01942
20.884177 131.17037
21.044209 132.2859
21.204241 133.36506
21.364273 134.40695
21.524305 135.41067
21.684337 136.37539
21.844369 137.30028
22.004401 138.18454
22.164433 139.02743
22.324465 139.82823
22.484497 140.58623
22.644529 141.30079
22.804561 141.97129
22.964593 142.59716
23.124625 143.17784
23.284657 143.71283
23.444689 144.20167
23.604721 144.64393
23.764753 145.03922
23.924785 145.3872
24.084817 145.68757
24.244849 145.94006
24.404881 146.14446
24.564913 146.30057
24.724945 146.40827
24.884977 146.46745
25.045009 146.47808
25.205041 146.44013
25.365073 146.35365
25.525105 146.2187
25.685137 146.03542
25.845169 145.80394
26.005201 145.52449
26.165233 145.1973
26.325265 144.82267
26.485297 144.40091
26.645329 143.9324
26.805361 143.41755
26.965393 142.85679
27.125425 142.25063
27.285457 141.59959
27.445489 140.90423
27.605521 140.16516
27.765553 139.383
27.925585 138.55844
28.085617 137.69219
28.245649 136.78498
28.405681 135.83758
28.565713 134.85082
28.725745 133.82553
28.885777 132.76256
29.045809 131.66283
29.205841 130.52726
29.365873 129.35679
29.525905 128.15241
29.685937 126.91511
29.845969 125.64593
30.006001 124.34589
30.166033 123.01608
30.326065 121.65758
30.486097 120.27148
30.646129 118.85892
30.806161 117.42101
30.966193 115.95892
31.126225 114.4738
31.286257 112.96682
31.446289 111.43917
31.606321 109.89203
31.766353 108.3266
31.926385 106.74409
32.086417 105.14569
32.246449 103.53261
32.406481 101.90607
32.566513 100.26727
32.726545 98.617418
32.886577 96.95772
33.046609 95.289375
33.206641 93.613576
33.366673 91.931511
33.526705 90.244359
33.686737 88.553288
33.846769 86.859457
34.006801 85.164012
34.166833 83.468085
34.326865 81.772795
34.486897 80.079245
34.646929 78.38852
34.806961 76.701689
34.966993 75.0198
35.127025 73.343883
35.287057 71.674946
35.447089 70.013976
35.607121 68.361936
35.767153 66.719766
35.927185 65.088382
36.087217 63.468675
36.247249 61.861508
36.407281 60.267721
36.567313 58.688123
36.727345 57.123497
36.887377 55.574597
37.047409 54.04215
37.207441 52.526851
37.367473 51.029365
37.527506 49.550331
37.687538 48.090352
37.84757 46.650004
38.007602 45.229831
38.167634 43.830347
38.327666 42.452032
38.487698 41.095338
38.64773 39.760683
38.807762 38.448457
38.967794 37.159016
39.127826 35.892686
39.287858 34.649763
39.44789 33.43051
39.607922 32.235164
39.767954 31.063927
39.927986 29.916976
40.088018 28.794455
40.24805 27.696482
40.408082 26.623146
40.568114 25.574506
40.728146 24.550599
40.888178 23.551431
41.04821 22.576983
41.208242 21.627212
41.368274 20.702051
41.528306 19.801407
41.688338 18.925166
41.84837 18.073192
42.008402 17.245327
42.168434 16.441393
42.328466 15.661193
42.488498 14.90451
42.64853 14.171111
42.808562 13.460746
42.968594 12.77315
43.128626 12.108041
43.288658 11.465127
43.44869 10.8441
43.608722 10.244643
43.768754 9.6664276
43.928786 9.1091156
44.088818 8.5723611
44.24885 8.0558107
44.408882 7.5591046
44.568914 7.0818782
44.728946 6.6237624
44.888978 6.1843856
45.04901 5.7633736
45.209042 5.3603518
45.369074 4.9749454
45.529106 4.6067808
45.689138 4.2554866
45.84917 3.9206943
46.009202 3.6020398
46.169234 3.2991638
46.329266 3.011713
46.489298 2.7393413
46.64933 2.4817099
46.809362 2.2384891
46.969394 2.0093583
47.129426 1.7940076
47.289458 1.5921377
47.44949 1.4034615
47.609522 1.2277043
47.769554 1.0646044
47.929586 0.91391433
48.089618 0.77540078
48.24965 0.64884557
48.409682 0.53404606
48.569714 0.43081567
48.729746 0.33898431
48.889778 0.25839881
49.04981 0.18892329
49.209842 0.13043945
49.369874 0.082846928
49.529906 0.046063463
49.689938 0.020025144
49.84997 0.0046865425
50.010002 0
50.170034 0
50.330066 0
50.490098 0
50.65013 0
50.810162 0
50.970194 0
51.130226 0
51.290258 0
51.45029 0
51.610322 0
51.770354 0
51.930386 0
52.090418 0
52.25045 0
52.410482 0
52.570514 0
52.730546 0
52.890578 0
53.05061 0
53.210642 0
53.370674 0
53.530706 0
53.690738 0
53.85077 0
54.010802 0
54.170834 0
54.330866 0
54.490898 0
54.65093 0
54.810962 0
54.970994 0
55.131026 0
55.291058 0
55.45109 0
55.611122 0
55.771154 0
55.931186 0
56.091218 0
56.25125 0
56.411282 0
56.571314 0
56.731346 0
56.891378 0
57.05141 0
57.211442 0
57.371474 0
57.531506 0
57.691538 0
57.85157 0
58.011602 0
58.171634 0
58.331666 0
58.491698 0
58.65173 0
58.811762 0
58.971794 0
59.131826 0
59.291858 0
59.45189 0
59.611922 0
59.771954 0
59.931986 0
60.092018 0
60.25205 0
60.412082 0
60.572114 0
60.732146 0
60.892178 0
61.05221 0
61.212242 0
61.372274 0
61.532306 0
61.692338 0
61.85237 0
62.012402 0
62.172434 0
62.332466 0
62.492498 0
62.652531 0
62.812563 0
62.972595 0
63.132627 0
63.292659 0
63.452691 0
63.612723 0
63.772755 0
63.932787 0
64.092819 0
64.252851 0
64.412883 0
64.572915 0
64.732947 0
64.892979 0
65.053011 0
65.213043 0
65.373075 0
65.533107 0
65.693139 0
65.853171 0
66.013203 0
66.173235 0
66.333267 0
66.493299 0
66.653331 0
66.813363 0
66.973395 0
67.133427 0
67.293459 0
67.453491 0
67.613523 0
67.773555 0
67.933587 0
68.093619 0
68.253651 0
68.413683 0
68.573715 0
68.733747 0
68.893779 0
69.053811 0
69.213843 0
69.373875 0
69.533907 0
69.693939 0
69.853971 0
70.014003 0
70.174035 0
70.334067 0
70.494099 0
70.654131 0
70.814163 0
70.974195 0
71.134227 0
71.294259 0
71.454291 0
71.614323 0
71.774355 0
71.934387 0
72.094419 0
72.254451 0
72.414483 0
72.574515 0
72.734547 0
72.894579 0
73.054611 0
73.214643 0
73.374675 0
73.534707 0
73.694739 0
73.854771 0
74.014803 0
74.174835 0
74.334867 0
74.494899 0
74.654931 0
74.814963 0
74.974995 0
75.135027 0
75.295059 0
75.455091 0
75.615123 0
75.775155 0
75.935187 0
76.095219 0
76.255251 0
76.415283 0
76.575315 0
76.735347 0
76.895379 0
77.055411 0
77.215443 0
77.375475 0
77.535507 0
77.695539 0
77.855571 0
78.015603 0
78.175635 0
78.335667 0
78.495699 0
78.655731 0
78.815763 0
78.975795 0
79.135827 0
79.295859 0
79.455891 0
79.615923 0
79.775955 0
79.935987 0
80.096019 0
80.256051 0
80.416083 0
80.576115 0
80.736147 0
80.896179 0
81.056211 0
81.216243 0
81.376275 0
81.536307 0
81.696339 0
81.856371 0
82.016403 0
82.176435 0
82.336467 0
82.496499 0
82.656531 0
82.816563 0
82.976595 0
83.136627 0
83.296659 0
83.456691 0
83.616723 0
83.776755 0
83.936787 0
84.096819 0
84.256851 0
84.416883 0
84.576915 0
84.736947 0
84.896979 0
85.057011 0
85.217043 0
85.377075 0
85.537107 0
85.697139 0
85.857171 0
86.017203 0
86.177235 0
86.337267 0
86.497299 0
86.657331 0
86.817363 0
86.977395 0
87.137427 0
87.297459 0
87.457491 0
87.617524 0
87.777556 0
87.937588 0
88.09762 0
88.257652 0
88.417684 0
88.577716 0
88.737748 0
88.89778 0
89.057812 0
89.217844 0
89.377876 0
89.537908 0
89.69794 0
89.857972 0
90.018004 0
90.178036 0
90.338068 0
90.4981 0
90.658132 0
90.818164 0
90.978196 0
91.138228 0
91.29826 0
91.458292 0
91.618324 0
91.778356 0
91.938388 0
92.09842 0
92.258452 0
92.418484 0
92.578516 0
92.738548 0
92.89858 0
93.058612 0
93.218644 0
93.378676 0
93.538708 0
93.69874 0
93.858772 0
94.018804 0
94.178836 0
94.338868 0
94.4989 0
94.658932 0
94.818964 0
94.978996 0
95.139028 0
95.29906 0
95.459092 0
95.619124 0
95.779156 0
95.939188 0
96.09922 0
96.259252 0
96.419284 0
96.579316 0
96.739348 0
96.89938 0
97.059412 0
97.219444 0
97.379476 0
97.539508 0
97.69954 0
97.859572 0
98.019604 0
98.179636 0
98.339668 0
98.4997 0
98.659732 0
98.819764 0
98.979796 0
99.139828 0
99.29986 0
99.459892 0
99.619924 0
99.779956 0
99.939988 0
100.10002 0
100.26005 0
100.42008 0
100.58012 0
100.74015 0
100.90018 0
101.06021 0
101.22024 0
101.38028 0
101.54031 0
101.70034 0
101.86037 0
102.0204 0
102.18044 0
102.34047 0
102.5005 0
102.66053 0
102.82056 0
102.9806 0
103.14063 0
103.30066 0
103.46069 0
103.62072 0
103.78076 0
103.94079 0
104.10082 0
104.26085 0
104.42088 0
104.58092 0
104.74095 0
104.90098 0
105.06101 0
105.22104 0
105.38108 0
105.54111 0
105.70114 0
105.86117 0
106.0212 0
106.18124 0
106.34127 0
106.5013 0
106.66133 0
106.82136 0
106.9814 0
107.14143 0
107.30146 0
107.46149 0
107.62152 0
107.78156 0
107.94159 0
108.10162 0
108.26165 0
108.42168 0
108.58172 0
108.74175 0
108.90178 0
109.06181 0
109.22184 0
109.38188 0
109.54191 0
109.70194 0
109.86197 0
110.022 0
110.18204 0
110.34207 0
110.5021 0
110.66213 0
110.82216 0
110.9822 0
111.14223 0
111.30226 0
111.46229 0
111.62232 0
111.78236 0
111.94239 0
112.10242 0
112.26245 0
112.42248 0
112.58252 0
112.74255 0
112.90258 0
113.06261 0
113.22264 0
113.38268 0
113.54271 0
113.70274 0
113.86277 0
114.0228 0
114.18284 0
114.34287 0
114.5029 0
114.66293 0
114.82296 0
114.983 0
115.14303 0
115.30306 0
115.46309 0
115.62312 0
115.78316 0
115.94319 0
116.10322 0
116.26325 0
116.42328 0
116.58332 0
116.74335 0
116.90338 0
117.06341 0
117.22344 0
117.38348 0
117.54351 0
117.70354 0
117.86357 0
118.0236 0
118.18364 0
118.34367 0
118.5037 0
118.66373 0
118.82376 0
118.9838 0
119.14383 0
119.30386 0
119.46389 0
119.62392 0
119.78396 0
119.94399 0
120.10402 0
120.26405 0
120.42408 0
120.58412 0
120.74415 0
120.90418 0
121.06421 0
121.22424 0
121.38428 0
121.54431 0
121.70434 0
121.86437 0
122.0244 0
122.18444 0
122.34447 0
122.5045 0
122.66453 0
122.82456 0
122.9846 0
123.14463 0
123.30466 0
123.46469 0
123.62472 0
123.78476 0
123.94479 0
124.10482 0
124.26485 0
124.42488 0
124.58492 0
124.74495 0
124.90498 0
125.06501 0
125.22505 0
125.38508 0
125.54511 0
125.70514 0
125.86517 0
126.02521 0
126.18524 0
126.34527 0
126.5053 0
126.66533 0
126.82537 0
126.9854 0
127.14543 0
127.30546 0
127.46549 0
127.62553 0
127.78556 0
127.94559 0
128.10562 0
128.26565 0
128.42569 0
128.58572 0
128.74575 0
128.90578 0
129.06581 0
129.22585 0
129.38588 0
129.54591 0
129.70594 0
129.86597 0
130.02601 0
130.18604 0
130.34607 0
130.5061 0
130.66613 0
130.82617 0
130.9862 0
131.14623 0
131.30626 0
131.46629 0
131.62633 0
131.78636 0
131.94639 0
132.10642 0
132.26645 0
132.42649 0
132.58652 0
132.74655 0
132.90658 0
133.06661 0
133.22665 0
133.38668 0
133.54671 0
133.70674 0
133.86677 0
134.02681 0
134.18684 0
134.34687 0
134.5069 0
134.66693 0
134.82697 0
134.987 0
135.14703 0
135.30706 0
135.46709 0
135.62713 0
135.78716 0
135.94719 0
136.10722 0
136.26725 0
136.42729 0
136.58732 0
136.74735 0
136.90738 0
137.06741 0
137.22745 0
137.38748 0
137.54751 0
137.70754 0
137.86757 0
138.02761 0
138.18764 0
138.34767 0
138.5077 0
138.66773 0
138.82777 0
138.9878 0
139.14783 0
139.30786 0
139.46789 0
139.62793 0
139.78796 0
139.94799 0
140.10802 0
140.26805 0
140.42809 0
140.58812 0
140.74815 0
140.90818 0
141.06821 0
141.22825 0
141.38828 0
141.54831 0
141.70834 0
141.86837 0
142.02841 0
142.18844 0
142.34847 0
142.5085 0
142.66853 0
142.82857 0
142.9886 0
143.14863 0
143.30866 0
143.46869 0
143.62873 0
143.78876 0
143.94879 0
144.10882 0
144.26885 0
144.42889 0
144.58892 0
144.74895 0
144.90898 0
145.06901 0
145.22905 0
145.38908 0
145.54911 0
145.70914 0
145.86917 0
146.02921 0
146.18924 0
146.34927 0
146.5093 0
146.66933 0
146.82937 0
146.9894 0
147.14943 0
147.30946 0
147.46949 0
147.62953 0
147.78956 0
147.94959 0
148.10962 0
148.26965 0
148.42969 0
148.58972 0
148.74975 0
148.90978 0
149.06981 0
149.22985 0
149.38988 0
149.54991 0
149.70994 0
149.86997 0
150.03001 0
150.19004 0
150.35007 0
150.5101 0
150.67013 0
150.83017 0
150.9902 0
151.15023 0
151.31026 0
151.47029 0
151.63033 0
151.79036 0
151.95039 0
152.11042 0
152.27045 0
152.43049 0
152.59052 0
152.75055 0
152.91058 0
153.07061 0
153.23065 0
153.39068 0
153.55071 0
153.71074 0
153.87077 0
154.03081 0
154.19084 0
154.35087 0
154.5109 0
154.67093 0
154.83097 0
154.991 0
155.15103 0
155.31106 0
155.47109 0
155.63113 0
155.79116 0
155.95119 0
156.11122 0
156.27125 0
156.43129 0
156.59132 0
156.75135 0
156.91138 0
157.07141 0
157.23145 0
157.39148 0
157.55151 0
157.71154 0
157.87157 0
158.03161 0
158.19164 0
158.35167 0
158.5117 0
158.67173 0
158.83177 0
158.9918 0
159.15183 0
159.31186 0
159.47189 0
159.63193 0
159.79196 0
159.95199 0
160.11202 0
160.27205 0
160.43209 0
160.59212 0
160.75215 0
160.91218 0
161.07221 0
161.23225 0
161.39228 0
161.55231 0
161.71234 0
161.87237 0
162.03241 0
162.19244 0
162.35247 0
162.5125 0
162.67253 0
162.83257 0
162.9926 0
163.15263 0
163.31266 0
163.47269 0
163.63273 0
163.79276 0
163.95279 0
164.11282 0
164.27285 0
164.43289 0
164.59292 0
164.75295 0
164.91298 0
165.07301 0
165.23305 0
165.39308 0
165.55311 0
165.71314 0
165.87317 0
166.03321 0
166.19324 0
166.35327 0
166.5133 0
166.67333 0
166.83337 0
166.9934 0
167.15343 0
167.31346 0
167.47349 0
167.63353 0
167.79356 0
167.95359 0
168.11362 0
168.27365 0
168.43369 0
168.59372 0
168.75375 0
168.91378 0
169.07381 0
169.23385 0
169.39388 0
169.55391 0
169.71394 0
169.87397 0
170.03401 0
170.19404 0
170.35407 0
170.5141 0
170.67413 0
170.83417 0
170.9942 0
171.15423 0
171.31426 0
171.47429 0
171.63433 0
171.79436 0
171.95439 0
172.11442 0
172.27445 0
172.43449 0
172.59452 0
172.75455 0
172.91458 0
173.07461 0
173.23465 0
173.39468 0
173.55471 0
173.71474 0
173.87477 0
174.03481 0
174.19484 0
174.35487 0
174.5149 0
174.67493 0
174.83497 0
174.995 0
175.15503 0
175.31506 0
175.4751 0
175.63513 0
175.79516 0
175.95519 0
176.11522 0
176.27526 0
176.43529 0
176.59532 0
176.75535 0
176.91538 0
177.07542 0
177.23545 0
177.39548 0
177.55551 0
177.71554 0
177.87558 0
178.03561 0
178.19564 0
178.35567 0
178.5157 0
178.67574 0
178.83577 0
178.9958 0
179.15583 0
179.31586 0
179.4759 0
179.63593 0
179.79596 0
179.95599 0
180.11602 0
180.27606 0
180.43609 0
180.59612 0
180.75615 0
180.91618 0
181.07622 0
181.23625 0
181.39628 0
181.55631 0
181.71634 0
181.87638 0
182.03641 0
182.19644 0
182.35647 0
182.5165 0
182.67654 0
182.83657 0
182.9966 0
183.15663 0
183.31666 0
183.4767 0
183.63673 0
183.79676 0
183.95679 0
184.11682 0
184.27686 0
184.43689 0
184.59692 0
184.75695 0
184.91698 0
185.07702 0
185.23705 0
185.39708 0
185.55711 0
185.71714 0
185.87718 0
186.03721 0
186.19724 0
186.35727 0
186.5173 0
186.67734 0
186.83737 0
186.9974 0
187.15743 0
187.31746 0
187.4775 0
187.63753 0
187.79756 0
187.95759 0
188.11762 0
188.27766 0
188.43769 0
188.59772 0
188.75775 0
188.91778 0
189.07782 0
189.23785 0
189.39788 0
189.55791 0
189.71794 0
189.87798 0
190.03801 0
190.19804 0
190.35807 0
190.5181 0
190.67814 0
190.83817 0
190.9982 0
191.15823 0
191.31826 0
191.4783 0
191.63833 0
191.79836 0
191.95839 0
192.11842 0
192.27846 0
192.43849 0
192.59852 0
192.75855 0
192.91858 0
193.07862 0
193.23865 0
193.39868 0
193.55871 0
193.71874 0
193.87878 0
194.03881 0
194.19884 0
194.35887 0
194.5189 0
194.67894 0
194.83897 0
194.999 0
195.15903 0
195.31906 0
195.4791 0
195.63913 0
195.79916 0
195.95919 0
196.11922 0
196.27926 0
196.43929 0
196.59932 0
196.75935 0
196.91938 0
197.07942 0
197.23945 0
197.39948 0
197.55951 0
197.71954 0
197.87958 0
198.03961 0
198.19964 0
198.35967 0
198.5197 0
198.67974 0
198.83977 0
198.9998 0
199.15983 0
199.31986 0
199.4799 0
199.63993 0
199.79996 0
199.95999 0
200.12002 0
200.28006 0
200.44009 0
200.60012 0
200.76015 0
200.92018 0
201.08022 0
201.24025 0
201.40028 0
201.56031 0
201.72034 0
201.88038 0
202.04041 0
202.20044 0
202.36047 0
202.5205 0
202.68054 0
202.84057 0
203.0006 0
203.16063 0
203.32066 0
203.4807 0
203.64073 0
203.80076 0
203.96079 0
204.12082 0
204.28086 0
204.44089 0
204.60092 0
204.76095 0
204.92098 0
205.08102 0
205.24105 0
205.40108 0
205.56111 0
205.72114 0
205.88118 0
206.04121 0
206.20124 0
206.36127 0
206.5213 0
206.68134 0
206.84137 0
207.0014 0
207.16143 0
207.32146 0
207.4815 0
207.64153 0
207.80156 0
207.96159 0
208.12162 0
208.28166 0
208.44169 0
208.60172 0
208.76175 0
208.92178 0
209.08182 0
209.24185 0
209.40188 0
209.56191 0
209.72194 0
209.88198 0
210.04201 0
210.20204 0
210.36207 0
210.5221 0
210.68214 0
210.84217 0
211.0022 0
211.16223 0
211.32226 0
211.4823 0
211.64233 0
211.80236 0
211.96239 0
212.12242 0
212.28246 0
212.44249 0
212.60252 0
212.76255 0
212.92258 0
213.08262 0
213.24265 0
213.40268 0
213.56271 0
213.72274 0
213.88278 0
214.04281 0
214.20284 0
214.36287 0
214.5229 0
214.68294 0
214.84297 0
215.003 0
215.16303 0
215.32306 0
215.4831 0
215.64313 0
215.80316 0
215.96319 0
216.12322 0
216.28326 0
216.44329 0
216.60332 0
216.76335 0
216.92338 0
217.08342 0
217.24345 0
217.40348 0
217.56351 0
217.72354 0
217.88358 0
218.04361 0
218.20364 0
218.36367 0
218.5237 0
218.68374 0
218.84377 0
219.0038 0
219.16383 0
219.32386 0
219.4839 0
219.64393 0
219.80396 0
219.96399 0
220.12402 0
220.28406 0
220.44409 0
220.60412 0
220.76415 0
220.92418 0
221.08422 0
221.24425 0
221.40428 0
221.56431 0
221.72434 0
221.88438 0
222.04441 0
222.20444 0
222.36447 0
222.5245 0
222.68454 0
222.84457 0
223.0046 0
223.16463 0
223.32466 0
223.4847 0
223.64473 0
223.80476 0
223.96479 0
224.12482 0
224.28486 0
224.44489 0
224.60492 0
224.76495 0
224.92498 0
225.08502 0
225.24505 0
225.40508 0
225.56511 0
225.72515 0
225.88518 0
226.04521 0
226.20524 0
226.36527 0
226.52531 0
226.68534 0
226.84537 0
227.0054 0
227.16543 0
227.32547 0
227.4855 0
227.64553 0
227.80556 0
227.96559 0
228.12563 0
228.28566 0
228.44569 0
228.60572 0
228.76575 0
228.92579 0
229.08582 0
229.24585 0
229.40588 0
229.56591 0
229.72595 0
229.88598 0
230.04601 0
230.20604 0
230.36607 0
230.52611 0
230.68614 0
230.84617 0
231.0062 0
231.16623 0
231.32627 0
231.4863 0
231.64633 0
231.80636 0
231.96639 0
232.12643 0
232.28646 0
232.44649 0
232.60652 0
232.76655 0
232.92659 0
233.08662 0
233.24665 0
233.40668 0
233.56671 0
233.72675 0
233.88678 0
234.04681 0
234.20684 0
234.36687 0
234.52691 0
234.68694 0
234.84697 0
235.007 0
235.16703 0
235.32707 0
235.4871 0
235.64713 0
235.80716 0
235.96719 0
236.12723 0
236.28726 0
236.44729 0
236.60732 0
236.76735 0
236.92739 0
237.08742 0
237.24745 0
237.40748 0
237.56751 0
237.72755 0
237.88758 0
238.04761 0
238.20764 0
238.36767 0
238.52771 0
238.68774 0
238.84777 0
239.0078 0
239.16783 0
239.32787 0
239.4879 0
239.64793 0
239.80796 0
239.96799 0
240.12803 0
240.28806 0
240.44809 0
240.60812 0
240.76815 0
240.92819 0
241.08822 0
241.24825 0
241.40828 0
241.56831 0
241.72835 0
241.88838 0
242.04841 0
242.20844 0
242.36847 0
242.52851 0
242.68854 0
242.84857 0
243.0086 0
243.16863 0
243.32867 0
243.4887 0
243.64873 0
243.80876 0
243.96879 0
244.12883 0
244.28886 0
244.44889 0
244.60892 0
244.76895 0
244.92899 0
245.08902 0
245.24905 0
245.40908 0
245.56911 0
245.72915 0
245.88918 0
246.04921 0
246.20924 0
246.36927 0
246.52931 0
246.68934 0
246.84937 0
247.0094 0
247.16943 0
247.32947 0
247.4895 0
247.64953 0
247.80956 0
247.96959 0
248.12963 0
248.28966 0
248.44969 0
248.60972 0
248.76975 0
248.92979 0
249.08982 0
249.24985 0
249.40988 0
249.56991 0
249.72995 0
249.88998 0
250.05001 0
250.21004 0
250.37007 0
250.53011 0
250.69014 0
250.85017 0
251.0102 0
251.17023 0
251.33027 0
251.4903 0
251.65033 0
251.81036 0
251.97039 0
252.13043 0
252.29046 0
252.45049 0
252.61052 0
252.77055 0
252.93059 0
253.09062 0
253.25065 0
253.41068 0
253.57071 0
253.73075 0
253.89078 0
254.05081 0
254.21084 0
254.37087 0
254.53091 0
254.69094 0
254.85097 0
255.011 0
255.17103 0
255.33107 0
255.4911 0
255.65113 0
255.81116 0
255.97119 0
256.13123 0
256.29126 0
256.45129 0
256.61132 0
256.77135 0
256.93139 0
257.09142 0
257.25145 0
257.41148 0
257.57151 0
257.73155 0
257.89158 0
258.05161 0
258.21164 0
258.37167 0
258.53171 0
258.69174 0
258.85177 0
259.0118 0
259.17183 0
259.33187 0
259.4919 0
259.65193 0
259.81196 0
259.97199 0
260.13203 0
260.29206 0
260.45209 0
260.61212 0
260.77215 0
260.93219 0
261.09222 0
261.25225 0
261.41228 0
261.57231 0
261.73235 0
261.89238 0
262.05241 0
262.21244 0
262.37247 0
262.53251 0
262.69254 0
262.85257 0
263.0126 0
263.17263 0
263.33267 0
263.4927 0
263.65273 0
263.81276 0
263.97279 0
264.13283 0
264.29286 0
264.45289 0
264.61292 0
264.77295 0
264.93299 0
265.09302 0
265.25305 0
265.41308 0
265.57311 0
265.73315 0
265.89318 0
266.05321 0
266.21324 0
266.37327 0
266.53331 0
266.69334 0
266.85337 0
267.0134 0
267.17343 0
267.33347 0
267.4935 0
267.65353 0
267.81356 0
267.97359 0
268.13363 0
268.29366 0
268.45369 0
268.61372 0
268.77375 0
268.93379 0
269.09382 0
269.25385 0
269.41388 0
269.57391 0
269.73395 0
269.89398 0
270.05401 0
270.21404 0
270.37407 0
270.53411 0
270.69414 0
270.85417 0
271.0142 0
271.17423 0
271.33427 0
271.4943 0
271.65433 0
271.81436 0
271.97439 0
272.13443 0
272.29446 0
272.45449 0
272.61452 0
272.77455 0
272.93459 0
273.09462 0
273.25465 0
273.41468 0
273.57471 0
273.73475 0
273.89478 0
274.05481 0
274.21484 0
274.37487 0
274.53491 0
274.69494 0
274.85497 0
275.015 0
275.17504 0
275.33507 0
275.4951 0
275.65513 0
275.81516 0
275.9752 0
276.13523 0
276.29526 0
276.45529 0
276.61532 0
276.77536 0
276.93539 0
277.09542 0
277.25545 0
277.41548 0
277.57552 0
277.73555 0
277.89558 0
278.05561 0
278.21564 0
278.37568 0
278.53571 0
278.69574 0
278.85577 0
279.0158 0
279.17584 0
279.33587 0
279.4959 0
279.65593 0
279.81596 0
279.976 0
280.13603 0
280.29606 0
280.45609 0
280.61612 0
280.77616 0
280.93619 0
281.09622 0
281.25625 0
281.41628 0
281.57632 0
281.73635 0
281.89638 0
282.05641 0
282.21644 0
282.37648 0
282.53651 0
282.69654 0
282.85657 0
283.0166 0
283.17664 0
283.33667 0
283.4967 0
283.65673 0
283.81676 0
283.9768 0
284.13683 0
284.29686 0
284.45689 0
284.61692 0
284.77696 0
284.93699 0
285.09702 0
285.25705 0
285.41708 0
285.57712 0
285.73715 0
285.89718 0
286.05721 0
286.21724 0
286.37728 0
286.53731 0
286.69734 0
286.85737 0
287.0174 0
287.17744 0
287.33747 0
287.4975 0
287.65753 0
287.81756 0
287.9776 0
288.13763 0
288.29766 0
288.45769 0
288.61772 0
288.77776 0
288.93779 0
289.09782 0
289.25785 0
289.41788 0
289.57792 0
289.73795 0
289.89798 0
290.05801 0
290.21804 0
290.37808 0
290.53811 0
290.69814 0
290.85817 0
291.0182 0
291.17824 0
291.33827 0
291.4983 0
291.65833 0
291.81836 0
291.9784 0
292.13843 0
292.29846 0
292.45849 0
292.61852 0
292.77856 0
292.93859 0
293.09862 0
293.25865 0
293.41868 0
293.57872 0
293.73875 0
293.89878 0
294.05881 0
294.21884 0
294.37888 0
294.53891 0
294.69894 0
294.85897 0
295.019 0
295.17904 0
295.33907 0
295.4991 0
295.65913 0
295.81916 0
295.9792 0
296.13923 0
296.29926 0
296.45929 0
296.61932 0
296.77936 0
296.93939 0
297.09942 0
297.25945 0
297.41948 0
297.57952 0
297.73955 0
297.89958 0
298.05961 0
298.21964 0
298.37968 0
298.53971 0
298.69974 0
298.85977 0
299.0198 0
299.17984 0
299.33987 0
299.4999 0
299.65993 0
299.81996 0
299.98 0
300.14003 0
300.30006 0
300.46009 0
300.62012 0
300.78016 0
300.94019 0
301.10022 0
301.26025 0
301.42028 0
301.58032 0
301.74035 0
301.90038 0
302.06041 0
302.22044 0
302.38048 0
302.54051 0
302.70054 0
302.86057 0
303.0206 0
303.18064 0
303.34067 0
303.5007 0
303.66073 0
303.82076 0
303.9808 0
304.14083 0
304.30086 0
304.46089 0
304.62092 0
304.78096 0
304.94099 0
305.10102 0
305.26105 0
305.42108 0
305.58112 0
305.74115 0
305.90118 0
306.06121 0
306.22124 0
306.38128 0
306.54131 0
306.70134 0
306.86137 0
307.0214 0
307.18144 0
307.34147 0
307.5015 0
307.66153 0
307.82156 0
307.9816 0
308.14163 0
308.30166 0
308.46169 0
308.62172 0
308.78176 0
308.94179 0
309.10182 0
309.26185 0
309.42188 0
309.58192 0
309.74195 0
309.90198 0
310.06201 0
310.22204 0
310.38208 0
310.54211 0
310.70214 0
310.86217 0
311.0222 0
311.18224 0
311.34227 0
311.5023 0
311.66233 0
311.82236 0
311.9824 0
312.14243 0
312.30246 0
312.46249 0
312.62252 0
312.78256 0
312.94259 0
313.10262 0
313.26265 0
313.42268 0
313.58272 0
313.74275 0
313.90278 0
314.06281 0
314.22284 0
314.38288 0
314.54291 0
314.70294 0
314.86297 0
315.023 0
315.18304 0
315.34307 0
315.5031 0
315.66313 0
315.82316 0
315.9832 0
316.14323 0
316.30326 0
316.46329 0
316.62332 0
316.78336 0
316.94339 0
317.10342 0
317.26345 0
317.42348 0
317.58352 0
317.74355 0
317.90358 0
318.06361 0
318.22364 0
318.38368 0
318.54371 0
318.70374 0
318.86377 0
319.0238 0
319.18384 0
319.34387 0
319.5039 0
319.66393 0
319.82396 0
319.984 0
320.14403 0
320.30406 0
320.46409 0
320.62412 0
320.78416 0
320.94419 0
321.10422 0
321.26425 0
321.42428 0
321.58432 0
321.74435 0
321.90438 0
322.06441 0
322.22444 0
322.38448 0
322.54451 0
322.70454 0
322.86457 0
323.0246 0
323.18464 0
323.34467 0
323.5047 0
323.66473 0
323.82476 0
323.9848 0
324.14483 0
324.30486 0
324.46489 0
324.62492 0
324.78496 0
324.94499 0
325.10502 0
325.26505 0
325.42509 0
325.58512 0
325.74515 0
325.90518 0
326.06521 0
326.22525 0
326.38528 0
326.54531 0
326.70534 0
326.86537 0
327.02541 0
327.18544 0
327.34547 0
327.5055 0
327.66553 0
327.82557 0
327.9856 0
328.14563 0
328.30566 0
328.46569 0
328.62573 0
328.78576 0
328.94579 0
329.10582 0
329.26585 0
329.42589 0
329.58592 0
329.74595 0
329.90598 0
330.06601 0
330.22605 0
330.38608 0
330.54611 0
330.70614 0
330.86617 0
331.02621 0
331.18624 0
331.34627 0
331.5063 0
331.66633 0
331.82637 0
331.9864 0
332.14643 0
332.30646 0
332.46649 0
332.62653 0
332.78656 0
332.94659 0
333.10662 0
333.26665 0
333.42669 0
333.58672 0
333.74675 0
333.90678 0
334.06681 0
334.22685 0
334.38688 0
334.54691 0
334.70694 0
334.86697 0
335.02701 0
335.18704 0
335.34707 0
335.5071 0
335.66713 0
335.82717 0
335.9872 0
336.14723 0
336.30726 0
336.46729 0
336.62733 0
336.78736 0
336.94739 0
337.10742 0
337.26745 0
337.42749 0
337.58752 0
337.74755 0
337.90758 0
338.06761 0
338.22765 0
338.38768 0
338.54771 0
338.70774 0
338.86777 0
339.02781 0
339.18784 0
339.34787 0
339.5079 0
339.66793 0
339.82797 0
339.988 0
340.14803 0
340.30806 0
340.46809 0
340.62813 0
340.78816 0
340.94819 0
341.10822 0
341.26825 0
341.42829 0
341.58832 0
341.74835 0
341.90838 0
342.06841 0
342.22845 0
342.38848 0
342.54851 0
342.70854 0
342.86857 0
343.02861 0
343.18864 0
343.34867 0
343.5087 0
343.66873 0
343.82877 0
343.9888 0
344.14883 0
344.30886 0
344.46889 0
344.62893 0
344.78896 0
344.94899 0
345.10902 0
345.26905 0
345.42909 0
345.58912 0
345.74915 0
345.90918 0
346.06921 0
346.22925 0
346.38928 0
346.54931 0
346.70934 0
346.86937 0
347.02941 0
347.18944 0
347.34947 0
347.5095 0
347.66953 0
347.82957 0
347.9896 0
348.14963 0
348.30966 0
348.46969 0
348.62973 0
348.78976 0
348.94979 0
349.10982 0
349.26985 0
349.42989 0
349.58992 0
349.74995 0
349.90998 0
350.07001 0
350.23005 0
350.39008 0
350.55011 0
350.71014 0
350.87017 0
351.03021 0
351.19024 0
351.35027 0
351.5103 0
351.67033 0
351.83037 0
351.9904 0
352.15043 0
352.31046 0
352.47049 0
352.63053 0
352.79056 0
352.95059 0
353.11062 0
353.27065 0
353.43069 0
353.59072 0
353.75075 0
353.91078 0
354.07081 0
354.23085 0
354.39088 0
354.55091 0
354.71094 0
354.87097 0
355.03101 0
355.19104 0
355.35107 0
355.5111 0
355.67113 0
355.83117 0
355.9912 0
356.15123 0
356.31126 0
356.47129 0
356.63133 0
356.79136 0
356.95139 0
357.11142 0
357.27145 0
357.43149 0
357.59152 0
357.75155 0
357.91158 0
358.07161 0
358.23165 0
358.39168 0
358.55171 0
358.71174 0
358.87177 0
359.03181 0
359.19184 0
359.35187 0
359.5119 0
359.67193 0
359.83197 0
359.992 0
360.15203 0
360.31206 0
360.47209 0
360.63213 0
360.79216 0
360.95219 0
361.11222 0
361.27225 0
361.43229 0
361.59232 0
361.75235 0
361.91238 0
362.07241 0
362.23245 0
362.39248 0
362.55251 0
362.71254 0
362.87257 0
363.03261 0
363.19264 0
363.35267 0
363.5127 0
363.67273 0
363.83277 0
363.9928 0
364.15283 0
364.31286 0
364.47289 0
364.63293 0
364.79296 0
364.95299 0
365.11302 0
365.27305 0
365.43309 0
365.59312 0
365.75315 0
365.91318 0
366.07321 0
366.23325 0
366.39328 0
366.55331 0
366.71334 0
366.87337 0
367.03341 0
367.19344 0
367.35347 0
367.5135 0
367.67353 0
367.83357 0
367.9936 0
368.15363 0
368.31366 0
368.47369 0
368.63373 0
368.79376 0
368.95379 0
369.11382 0
369.27385 0
369.43389 0
369.59392 0
369.75395 0
369.91398 0
370.07401 0
370.23405 0
370.39408 0
370.55411 0
370.71414 0
370.87417 0
371.03421 0
371.19424 0
371.35427 0
371.5143 0
371.67433 0
371.83437 0
371.9944 0
372.15443 0
372.31446 0
372.47449 0
372.63453 0
372.79456 0
372.95459 0
373.11462 0
373.27465 0
373.43469 0
373.59472 0
373.75475 0
373.91478 0
374.07481 0
374.23485 0
374.39488 0
374.55491 0
374.71494 0
374.87497 0
375.03501 0
375.19504 0
375.35507 0
375.5151 0
375.67514 0
375.83517 0
375.9952 0
376.15523 0
376.31526 0
376.4753 0
376.63533 0
376.79536 0
376.95539 0
377.11542 0
377.27546 0
377.43549 0
377.59552 0
377.75555 0
377.91558 0
378.07562 0
378.23565 0
378.39568 0
378.55571 0
378.71574 0
378.87578 0
379.03581 0
379.19584 0
379.35587 0
379.5159 0
379.67594 0
379.83597 0
379.996 0
380.15603 0
380.31606 0
380.4761 0
380.63613 0
380.79616 0
380.95619 0
381.11622 0
381.27626 0
381.43629 0
381.59632 0
381.75635 0
381.91638 0
382.07642 0
382.23645 0
382.39648 0
382.55651 0
382.71654 0
382.87658 0
383.03661 0
383.19664 0
383.35667 0
383.5167 0
383.67674 0
383.83677 0
383.9968 0
384.15683 0
384.31686 0
384.4769 0
384.63693 0
384.79696 0
384.95699 0
385.11702 0
385.27706 0
385.43709 0
385.59712 0
385.75715 0
385.91718 0
386.07722 0
386.23725 0
386.39728 0
386.55731 0
386.71734 0
386.87738 0
387.03741 0
387.19744 0
387.35747 0
387.5175 0
387.67754 0
387.83757 0
387.9976 0
388.15763 0
388.31766 0
388.4777 0
388.63773 0
388.79776 0
388.95779 0
389.11782 0
389.27786 0
389.43789 0
389.59792 0
389.75795 0
389.91798 0
390.07802 0
390.23805 0
390.39808 0
390.55811 0
390.71814 0
390.87818 0
391.03821 0
391.19824 0
391.35827 0
391.5183 0
391.67834 0
391.83837 0
391.9984 0
392.15843 0
392.31846 0
392.4785 0
392.63853 0
392.79856 0
392.95859 0
393.11862 0
393.27866 0
393.43869 0
393.59872 0
393.75875 0
393.91878 0
394.07882 0
394.23885 0
394.39888 0
394.55891 0
394.71894 0
394.87898 0
395.03901 0
395.19904 0
395.35907 0
395.5191 0
395.67914 0
395.83917 0
395.9992 0
396.15923 0
396.31926 0
396.4793 0
396.63933 0
396.79936 0
396.95939 0
397.11942 0
397.27946 0
397.43949 0
397.59952 0
397.75955 0
397.91958 0
398.07962 0
398.23965 0
398.39968 0
398.55971 0
398.71974 0
398.87978 0
399.03981 0
399.19984 0
399.35987 0
399.5199 0
399.67994 0
399.83997 0
400 0
400.16003 0
400.32006 0
400.4801 0
400.64013 0
400.80016 0
400.96019 0
401.12022 0
401.28026 0
401.44029 0
401.60032 0
401.76035 0
401.92038 0
402.08042 0
402.24045 0
402.40048 0
402.56051 0
402.72054 0
402.88058 0
403.04061 0
403.20064 0
403.36067 0
403.5207 0
403.68074 0
403.84077 0
404.0008 0
404.16083 0
404.32086 0
404.4809 0
404.64093 0
404.80096 0
404.96099 0
405.12102 0
405.28106 0
405.44109 0
405.60112 0
405.76115 0
405.92118 0
406.08122 0
406.24125 0
406.40128 0
406.56131 0
406.72134 0
406.88138 0
407.04141 0
407.20144 0
407.36147 0
407.5215 0
407.68154 0
407.84157 0
408.0016 0
408.16163 0
408.32166 0
408.4817 0
408.64173 0
408.80176 0
408.96179 0
409.12182 0
409.28186 0
409.44189 0
409.60192 0
409.76195 0
409.92198 0
410.08202 0
410.24205 0
410.40208 0
410.56211 0
410.72214 0
410.88218 0
411.04221 0
411.20224 0
411.36227 0
411.5223 0
411.68234 0
411.84237 0
412.0024 0
412.16243 0
412.32246 0
412.4825 0
412.64253 0
412.80256 0
412.96259 0
413.12262 0
413.28266 0
413.44269 0
413.60272 0
413.76275 0
413.92278 0
414.08282 0
414.24285 0
414.40288 0
414.56291 0
414.72294 0
414.88298 0
415.04301 0
415.20304 0
415.36307 0
415.5231 0
415.68314 0
415.84317 0
416.0032 0
416.16323 0
416.32326 0
416.4833 0
416.64333 0
416.80336 0
416.96339 0
417.12342 0
417.28346 0
417.44349 0
417.60352 0
417.76355 0
417.92358 0
418.08362 0
418.24365 0
418.40368 0
418.56371 0
418.72374 0
418.88378 0
419.04381 0
419.20384 0
419.36387 0
419.5239 0
419.68394 0
419.84397 0
420.004 0
420.16403 0
420.32406 0
420.4841 0
420.64413 0
420.80416 0
420.96419 0
421.12422 0
421.28426 0
421.44429 0
421.60432 0
421.76435 0
421.92438 0
422.08442 0
422.24445 0
422.40448 0
422.56451 0
422.72454 0
422.88458 0
423.04461 0
423.20464 0
423.36467 0
423.5247 0
423.68474 0
423.84477 0
424.0048 0
424.16483 0
424.32486 0
424.4849 0
424.64493 0
424.80496 0
424.96499 0
425.12503 0
425.28506 0
425.44509 0
425.60512 0
425.76515 0
425.92519 0
426.08522 0
426.24525 0
426.40528 0
426.56531 0
426.72535 0
426.88538 0
427.04541 0
427.20544 0
427.36547 0
427.52551 0
427.68554 0
427.84557 0
428.0056 0
428.16563 0
428.32567 0
428.4857 0
428.64573 0
428.80576 0
428.96579 0
429.12583 0
429.28586 0
429.44589 0
429.60592 0
429.76595 0
429.92599 0
430.08602 0
430.24605 0
430.40608 0
430.56611 0
430.72615 0
430.88618 0
431.04621 0
431.20624 0
431.36627 0
431.52631 0
431.68634 0
431.84637 0
432.0064 0
432.16643 0
432.32647 0
432.4865 0
432.64653 0
432.80656 0
432.96659 0
433.12663 0
433.28666 0
433.44669 0
433.60672 0
433.76675 0
433.92679 0
434.08682 0
434.24685 0
434.40688 0
434.56691 0
434.72695 0
434.88698 0
435.04701 0
435.20704 0
435.36707 0
435.52711 0
435.68714 0
435.84717 0
436.0072 0
436.16723 0
436.32727 0
436.4873 0
436.64733 0
436.80736 0
436.96739 0
437.12743 0
437.28746 0
437.44749 0
437.60752 0
437.76755 0
437.92759 0
438.08762 0
438.24765 0
438.40768 0
438.56771 0
438.72775 0
438.88778 0
439.04781 0
439.20784 0
439.36787 0
439.52791 0
439.68794 0
439.84797 0
440.008 0
440.16803 0
440.32807 0
440.4881 0
440.64813 0
440.80816 0
440.96819 0
441.12823 0
441.28826 0
441.44829 0
441.60832 0
441.76835 0
441.92839 0
442.08842 0
442.24845 0
442.40848 0
442.56851 0
442.72855 0
442.88858 0
443.04861 0
443.20864 0
443.36867 0
443.52871 0
443.68874 0
443.84877 0
444.0088 0
444.16883 0
444.32887 0
444.4889 0
444.64893 0
444.80896 0
444.96899 0
445.12903 0
445.28906 0
445.44909 0
445.60912 0
445.76915 0
445.92919 0
446.08922 0
446.24925 0
446.40928 0
446.56931 0
446.72935 0
446.88938 0
447.04941 0
447.20944 0
447.36947 0
447.52951 0
447.68954 0
447.84957 0
448.0096 0
448.16963 0
448.32967 0
448.4897 0
448.64973 0
448.80976 0
448.96979 0
449.12983 0
449.28986 0
449.44989 0
449.60992 0
449.76995 0
449.92999 0
450.09002 0
450.25005 0
450.41008 0
450.57011 0
450.73015 0
450.89018 0
451.05021 0
451.21024 0
451.37027 0
451.53031 0
451.69034 0
451.85037 0
452.0104 0
452.17043 0
452.33047 0
452.4905 0
452.65053 0
452.81056 0
452.97059 0
453.13063 0
453.29066 0
453.45069 0
453.61072 0
453.77075 0
453.93079 0
454.09082 0
454.25085 0
454.41088 0
454.57091 0
454.73095 0
454.89098 0
455.05101 0
455.21104 0
455.37107 0
455.53111 0
455.69114 0
455.85117 0
456.0112 0
456.17123 0
456.33127 0
456.4913 0
456.65133 0
456.81136 0
456.97139 0
457.13143 0
457.29146 0
457.45149 0
457.61152 0
457.77155 0
457.93159 0
458.09162 0
458.25165 0
458.41168 0
458.57171 0
458.73175 0
458.89178 0
459.05181 0
459.21184 0
459.37187 0
459.53191 0
459.69194 0
459.85197 0
460.012 0
460.17203 0
460.33207 0
460.4921 0
460.65213 0
460.81216 0
460.97219 0
461.13223 0
461.29226 0
461.45229 0
461.61232 0
461.77235 0
461.93239 0
462.09242 0
462.25245 0
462.41248 0
462.57251 0
462.73255 0
462.89258 0
463.05261 0
463.21264 0
463.37267 0
463.53271 0
463.69274 0
463.85277 0
464.0128 0
464.17283 0
464.33287 0
464.4929 0
464.65293 0
464.81296 0
464.97299 0
465.13303 0
465.29306 0
465.45309 0
465.61312 0
465.77315 0
465.93319 0
466.09322 0
466.25325 0
466.41328 0
466.57331 0
466.73335 0
466.89338 0
467.05341 0
467.21344 0
467.37347 0
467.53351 0
467.69354 0
467.85357 0
468.0136 0
468.17363 0
468.33367 0
468.4937 0
468.65373 0
468.81376 0
468.97379 0
469.13383 0
469.29386 0
469.45389 0
469.61392 0
469.77395 0
469.93399 0
470.09402 0
470.25405 0
470.41408 0
470.57411 0
470.73415 0
470.89418 0
471.05421 0
471.21424 0
471.37427 0
471.53431 0
471.69434 0
471.85437 0
472.0144 0
472.17443 0
472.33447 0
472.4945 0
472.65453 0
472.81456 0
472.97459 0
473.13463 0
473.29466 0
473.45469 0
473.61472 0
473.77475 0
473.93479 0
474.09482 0
474.25485 0
474.41488 0
474.57491 0
474.73495 0
474.89498 0
475.05501 0
475.21504 0
475.37508 0
475.53511 0
475.69514 0
475.85517 0
476.0152 0
476.17524 0
476.33527 0
476.4953 0
476.65533 0
476.81536 0
476.9754 0
477.13543 0
477.29546 0
477.45549 0
477.61552 0
477.77556 0
477.93559 0
478.09562 0
478.25565 0
478.41568 0
478.57572 0
478.73575 0
478.89578 0
479.05581 0
479.21584 0
479.37588 0
479.53591 0
479.69594 0
479.85597 0
480.016 0
480.17604 0
480.33607 0
480.4961 0
480.65613 0
480.81616 0
480.9762 0
481.13623 0
481.29626 0
481.45629 0
481.61632 0
481.77636 0
481.93639 0
482.09642 0
482.25645 0
482.41648 0
482.57652 0
482.73655 0
482.89658 0
483.05661 0
483.21664 0
483.37668 0
483.53671 0
483.69674 0
483.85677 0
484.0168 0
484.17684 0
484.33687 0
484.4969 0
484.65693 0
484.81696 0
484.977 0
485.13703 0
485.29706 0
485.45709 0
485.61712 0
485.77716 0
485.93719 0
486.09722 0
486.25725 0
486.41728 0
486.57732 0
486.73735 0
486.89738 0
487.05741 0
487.21744 0
487.37748 0
487.53751 0
487.69754 0
487.85757 0
488.0176 0
488.17764 0
488.33767 0
488.4977 0
488.65773 0
488.81776 0
488.9778 0
489.13783 0
489.29786 0
489.45789 0
489.61792 0
489.77796 0
489.93799 0
490.09802 0
490.25805 0
490.41808 0
490.57812 0
490.73815 0
490.89818 0
491.05821 0
491.21824 0
491.37828 0
491.53831 0
491.69834 0
491.85837 0
492.0184 0
492.17844 0
492.33847 0
492.4985 0
492.65853 0
492.81856 0
492.9786 0
493.13863 0
493.29866 0
493.45869 0
493.61872 0
493.77876 0
493.93879 0
494.09882 0
494.25885 0
494.41888 0
494.57892 0
494.73895 0
494.89898 0
495.05901 0
495.21904 0
495.37908 0
495.53911 0
495.69914 0
495.85917 0
496.0192 0
496.17924 0
496.33927 0
496.4993 0
496.65933 0
496.81936 0
496.9794 0
497.13943 0
497.29946 0
497.45949 0
497.61952 0
497.77956 0
497.93959 0
498.09962 0
498.25965 0
498.41968 0
498.57972 0
498.73975 0
498.89978 0
499.05981 0
499.21984 0
499.37988 0
499.53991 0
499.69994 0
499.85997 0
500.02 0
500.18004 0
500.34007 0
500.5001 0
500.66013 0
500.82016 0
500.9802 0
501.14023 0
501.30026 0
501.46029 0
501.62032 0
501.78036 0
501.94039 0
502.10042 0
502.26045 0
502.42048 0
502.58052 0
502.74055 0
502.90058 0
503.06061 0
503.22064 0
503.38068 0
503.54071 0
503.70074 0
503.86077 0
504.0208 0
504.18084 0
504.34087 0
504.5009 0
504.66093 0
504.82096 0
504.981 0
505.14103 0
505.30106 0
505.46109 0
505.62112 0
505.78116 0
505.94119 0
506.10122 0
506.26125 0
506.42128 0
506.58132 0
506.74135 0
506.90138 0
507.06141 0
507.22144 0
507.38148 0
507.54151 0
507.70154 0
507.86157 0
508.0216 0
508.18164 0
508.34167 0
508.5017 0
508.66173 0
508.82176 0
508.9818 0
509.14183 0
509.30186 0
509.46189 0
509.62192 0
509.78196 0
509.94199 0
510.10202 0
510.26205 0
510.42208 0
510.58212 0
510.74215 0
510.90218 0
511.06221 0
511.22224 0
511.38228 0
511.54231 0
511.70234 0
511.86237 0
512.0224 0
512.18244 0
512.34247 0
512.5025 0
512.66253 0
512.82256 0
512.9826 0
513.14263 0
513.30266 0
513.46269 0
513.62272 0
513.78276 0
513.94279 0
514.10282 0
514.26285 0
514.42288 0
514.58292 0
514.74295 0
514.90298 0
515.06301 0
515.22304 0
515.38308 0
515.54311 0
515.70314 0
515.86317 0
516.0232 0
516.18324 0
516.34327 0
516.5033 0
516.66333 0
516.82336 0
516.9834 0
517.14343 0
517.30346 0
517.46349 0
517.62352 0
517.78356 0
517.94359 0
518.10362 0
518.26365 0
518.42368 0
518.58372 0
518.74375 0
518.90378 0
519.06381 0
519.22384 0
519.38388 0
519.54391 0
519.70394 0
519.86397 0
520.024 0
520.18404 0
520.34407 0
520.5041 0
520.66413 0
520.82416 0
520.9842 0
521.14423 0
521.30426 0
521.46429 0
521.62432 0
521.78436 0
521.94439 0
522.10442 0
522.26445 0
522.42448 0
522.58452 0
522.74455 0
522.90458 0
523.06461 0
523.22464 0
523.38468 0
523.54471 0
523.70474 0
523.86477 0
524.0248 0
524.18484 0
524.34487 0
524.5049 0
524.66493 0
524.82496 0
524.985 0
525.14503 0
525.30506 0
525.46509 0
525.62513 0
525.78516 0
525.94519 0
526.10522 0
526.26525 0
526.42529 0
526.58532 0
526.74535 0
526.90538 0
527.06541 0
527.22545 0
527.38548 0
527.54551 0
527.70554 0
527.86557 0
528.02561 0
528.18564 0
528.34567 0
528.5057 0
528.66573 0
528.82577 0
528.9858 0
529.14583 0
529.30586 0
529.46589 0
529.62593 0
529.78596 0
529.94599 0
530.10602 0
530.26605 0
530.42609 0
530.58612 0
530.74615 0
530.90618 0
531.06621 0
531.22625 0
531.38628 0
531.54631 0
531.70634 0
531.86637 0
532.02641 0
532.18644 0
532.34647 0
532.5065 0
532.66653 0
532.82657 0
532.9866 0
533.14663 0
533.30666 0
533.46669 0
533.62673 0
533.78676 0
533.94679 0
534.10682 0
534.26685 0
534.42689 0
534.58692 0
534.74695 0
534.90698 0
535.06701 0
535.22705 0
535.38708 0
535.54711 0
535.70714 0
535.86717 0
536.02721 0
536.18724 0
536.34727 0
536.5073 0
536.66733 0
536.82737 0
536.9874 0
537.14743 0
537.30746 0
537.46749 0
537.62753 0
537.78756 0
537.94759 0
538.10762 0
538.26765 0
538.42769 0
538.58772 0
538.74775 0
538.90778 0
539.06781 0
539.22785 0
539.38788 0
539.54791 0
539.70794 0
539.86797 0
540.02801 0
540.18804 0
540.34807 0
540.5081 0
540.66813 0
540.82817 0
540.9882 0
541.14823 0
541.30826 0
541.46829 0
541.62833 0
541.78836 0
541.94839 0
542.10842 0
542.26845 0
542.42849 0
542.58852 0
542.74855 0
542.90858 0
543.06861 0
543.22865 0
543.38868 0
543.54871 0
543.70874 0
543.86877 0
544.02881 0
544.18884 0
544.34887 0
544.5089 0
544.66893 0
544.82897 0
544.989 0
545.14903 0
545.30906 0
545.46909 0
545.62913 0
545.78916 0
545.94919 0
546.10922 0
546.26925 0
546.42929 0
546.58932 0
546.74935 0
546.90938 0
547.06941 0
547.22945 0
547.38948 0
547.54951 0
547.70954 0
547.86957 0
548.02961 0
548.18964 0
548.34967 0
548.5097 0
548.66973 0
548.82977 0
548.9898 0
549.14983 0
549.30986 0
549.46989 0
549.62993 0
549.78996 0
549.94999 0
550.11002 0
550.27005 0
550.43009 0
550.59012 0
550.75015 0
550.91018 0
551.07021 0
551.23025 0
551.39028 0
551.55031 0
551.71034 0
551.87037 0
552.03041 0
552.19044 0
552.35047 0
552.5105 0
552.67053 0
552.83057 0
552.9906 0
553.15063 0
553.31066 0
553.47069 0
553.63073 0
553.79076 0
553.95079 0
554.11082 0
554.27085 0
554.43089 0
554.59092 0
554.75095 0
554.91098 0
555.07101 0
555.23105 0
555.39108 0
555.55111 0
555.71114 0
555.87117 0
556.03121 0
556.19124 0
556.35127 0
556.5113 0
556.67133 0
556.83137 0
556.9914 0
557.15143 0
557.31146 0
557.47149 0
557.63153 0
557.79156 0
557.95159 0
558.11162 0
558.27165 0
558.43169 0
558.59172 0
558.75175 0
558.91178 0
559.07181 0
559.23185 0
559.39188 0
559.55191 0
559.71194 0
559.87197 0
560.03201 0
560.19204 0
560.35207 0
560.5121 0
560.67213 0
560.83217 0
560.9922 0
561.15223 0
561.31226 0
561.47229 0
561.63233 0
561.79236 0
561.95239 0
562.11242 0
562.27245 0
562.43249 0
562.59252 0
562.75255 0
562.91258 0
563.07261 0
563.23265 0
563.39268 0
563.55271 0
563.71274 0
563.87277 0
564.03281 0
564.19284 0
564.35287 0
564.5129 0
564.67293 0
564.83297 0
564.993 0
565.15303 0
565.31306 0
565.47309 0
565.63313 0
565.79316 0
565.95319 0
566.11322 0
566.27325 0
566.43329 0
566.59332 0
566.75335 0
566.91338 0
567.07341 0
567.23345 0
567.39348 0
567.55351 0
567.71354 0
567.87357 0
568.03361 0
568.19364 0
568.35367 0
568.5137 0
568.67373 0
568.83377 0
568.9938 0
569.15383 0
569.31386 0
569.47389 0
569.63393 0
569.79396 0
569.95399 0
570.11402 0
570.27405 0
570.43409 0
570.59412 0
570.75415 0
570.91418 0
571.07421 0
571.23425 0
571.39428 0
571.55431 0
571.71434 0
571.87437 0
572.03441 0
572.19444 0
572.35447 0
572.5145 0
572.67453 0
572.83457 0
572.9946 0
573.15463 0
573.31466 0
573.47469 0
573.63473 0
573.79476 0
573.95479 0
574.11482 0
574.27485 0
574.43489 0
574.59492 0
574.75495 0
574.91498 0
575.07502 0
575.23505 0
575.39508 0
575.55511 0
575.71514 0
575.87518 0
576.03521 0
576.19524 0
576.35527 0
576.5153 0
576.67534 0
576.83537 0
576.9954 0
577.15543 0
577.31546 0
577.4755 0
577.63553 0
577.79556 0
577.95559 0
578.11562 0
578.27566 0
578.43569 0
578.59572 0
578.75575 0
578.91578 0
579.07582 0
579.23585 0
579.39588 0
579.55591 0
579.71594 0
579.87598 0
580.03601 0
580.19604 0
580.35607 0
580.5161 0
580.67614 0
580.83617 0
580.9962 0
581.15623 0
581.31626 0
581.4763 0
581.63633 0
581.79636 0
581.95639 0
582.11642 0
582.27646 0
582.43649 0
582.59652 0
582.75655 0
582.91658 0
583.07662 0
583.23665 0
583.39668 0
583.55671 0
583.71674 0
583.87678 0
584.03681 0
584.19684 0
584.35687 0
584.5169 0
584.67694 0
584.83697 0
584.997 0
585.15703 0
585.31706 0
585.4771 0
585.63713 0
585.79716 0
585.95719 0
586.11722 0
586.27726 0
586.43729 0
586.59732 0
586.75735 0
586.91738 0
587.07742 0
587.23745 0
587.39748 0
587.55751 0
587.71754 0
587.87758 0
588.03761 0
588.19764 0
588.35767 0
588.5177 0
588.67774 0
588.83777 0
588.9978 0
589.15783 0
589.31786 0
589.4779 0
589.63793 0
589.79796 0
589.95799 0
590.11802 0
590.27806 0
590.43809 0
590.59812 0
590.75815 0
590.91818 0
591.07822 0
591.23825 0
591.39828 0
591.55831 0
591.71834 0
591.87838 0
592.03841 0
592.19844 0
592.35847 0
592.5185 0
592.67854 0
592.83857 0
592.9986 0
593.15863 0
593.31866 0
593.4787 0
593.63873 0
593.79876 0
593.95879 0
594.11882 0
594.27886 0
594.43889 0
594.59892 0
594.75895 0
594.91898 0
595.07902 0
595.23905 0
595.39908 0
595.55911 0
595.71914 0
595.87918 0
596.03921 0
596.19924 0
596.35927 0
596.5193 0
596.67934 0
596.83937 0
596.9994 0
597.15943 0
597.31946 0
597.4795 0
597.63953 0
597.79956 0
597.95959 0
598.11962 0
598.27966 0
598.43969 0
598.59972 0
598.75975 0
598.91978 0
599.07982 0
599.23985 0
599.39988 0
599.55991 0
599.71994 0
599.87998 0
600.04001 0
600.20004 0
600.36007 0
600.5201 0
600.68014 0
600.84017 0
601.0002 0
601.16023 0
601.32026 0
601.4803 0
601.64033 0
601.80036 0
601.96039 0
602.12042 0
602.28046 0
602.44049 0
602.60052 0
602.76055 0
602.92058 0
603.08062 0
603.24065 0
603.40068 0
603.56071 0
603.72074 0
603.88078 0
604.04081 0
604.20084 0
604.36087 0
604.5209 0
604.68094 0
604.84097 0
605.001 0
605.16103 0
605.32106 0
605.4811 0
605.64113 0
605.80116 0
605.96119 0
606.12122 0
606.28126 0
606.44129 0
606.60132 0
606.76135 0
606.92138 0
607.08142 0
607.24145 0
607.40148 0
607.56151 0
607.72154 0
607.88158 0
608.04161 0
608.20164 0
608.36167 0
608.5217 0
608.68174 0
608.84177 0
609.0018 0
609.16183 0
609.32186 0
609.4819 0
609.64193 0
609.80196 0
609.96199 0
610.12202 0
610.28206 0
610.44209 0
610.60212 0
610.76215 0
610.92218 0
611.08222 0
611.24225 0
611.40228 0
611.56231 0
611.72234 0
611.88238 0
612.04241 0
612.20244 0
612.36247 0
612.5225 0
612.68254 0
612.84257 0
613.0026 0
613.16263 0
613.32266 0
613.4827 0
613.64273 0
613.80276 0
613.96279 0
614.12282 0
614.28286 0
614.44289 0
614.60292 0
614.76295 0
614.92298 0
615.08302 0
615.24305 0
615.40308 0
615.56311 0
615.72314 0
615.88318 0
616.04321 0
616.20324 0
616.36327 0
616.5233 0
616.68334 0
616.84337 0
617.0034 0
617.16343 0
617.32346 0
617.4835 0
617.64353 0
617.80356 0
617.96359 0
618.12362 0
618.28366 0
618.44369 0
618.60372 0
618.76375 0
618.92378 0
619.08382 0
619.24385 0
619.40388 0
619.56391 0
619.72394 0
619.88398 0
620.04401 0
620.20404 0
620.36407 0
620.5241 0
620.68414 0
620.84417 0
621.0042 0
621.16423 0
621.32426 0
621.4843 0
621.64433 0
621.80436 0
621.96439 0
622.12442 0
622.28446 0
622.44449 0
622.60452 0
622.76455 0
622.92458 0
623.08462 0
623.24465 0
623.40468 0
623.56471 0
623.72474 0
623.88478 0
624.04481 0
624.20484 0
624.36487 0
624.5249 0
624.68494 0
624.84497 0
625.005 0
625.16503 0
625.32507 0
625.4851 0
625.64513 0
625.80516 0
625.96519 0
626.12523 0
626.28526 0
626.44529 0
626.60532 0
626.76535 0
626.92539 0
627.08542 0
627.24545 0
627.40548 0
627.56551 0
627.72555 0
627.88558 0
628.04561 0
628.20564 0
628.36567 0
628.52571 0
628.68574 0
628.84577 0
629.0058 0
629.16583 0
629.32587 0
629.4859 0
629.64593 0
629.80596 0
629.96599 0
630.12603 0
630.28606 0
630.44609 0
630.60612 0
630.76615 0
630.92619 0
631.08622 0
631.24625 0
631.40628 0
631.56631 0
631.72635 0
631.88638 0
632.04641 0
632.20644 0
632.36647 0
632.52651 0
632.68654 0
632.84657 0
633.0066 0
633.16663 0
633.32667 0
633.4867 0
633.64673 0
633.80676 0
633.96679 0
634.12683 0
634.28686 0
634.44689 0
634.60692 0
634.76695 0
634.92699 0
635.08702 0
635.24705 0
635.40708 0
635.56711 0
635.72715 0
635.88718 0
636.04721 0
636.20724 0
636.36727 0
636.52731 0
636.68734 0
636.84737 0
637.0074 0
637.16743 0
637.32747 0
637.4875 0
637.64753 0
637.80756 0
637.96759 0
638.12763 0
638.28766 0
638.44769 0
638.60772 0
638.76775 0
638.92779 0
639.08782 0
639.24785 0
639.40788 0
639.56791 0
639.72795 0
639.88798 0
640.04801 0
640.20804 0
640.36807 0
640.52811 0
640.68814 0
640.84817 0
641.0082 0
641.16823 0
641.32827 0
641.4883 0
641.64833 0
641.80836 0
641.96839 0
642.12843 0
642.28846 0
642.44849 0
642.60852 0
642.76855 0
642.92859 0
643.08862 0
643.24865 0
643.40868 0
643.56871 0
643.72875 0
643.88878 0
644.04881 0
644.20884 0
644.36887 0
644.52891 0
644.68894 0
644.84897 0
645.009 0
645.16903 0
645.32907 0
645.4891 0
645.64913 0
645.80916 0
645.96919 0
646.12923 0
646.28926 0
646.44929 0
646.60932 0
646.76935 0
646.92939 0
647.08942 0
647.24945 0
647.40948 0
647.56951 0
647.72955 0
647.88958 0
648.04961 0
648.20964 0
648.36967 0
648.52971 0
648.68974 0
648.84977 0
649.0098 0
649.16983 0
649.32987 0
649.4899 0
649.64993 0
649.80996 0
649.96999 0
650.13003 0
650.29006 0
650.45009 0
650.61012 0
650.77015 0
650.93019 0
651.09022 0
651.25025 0
651.41028 0
651.57031 0
651.73035 0
651.89038 0
652.05041 0
652.21044 0
652.37047 0
652.53051 0
652.69054 0
652.85057 0
653.0106 0
653.17063 0
653.33067 0
653.4907 0
653.65073 0
653.81076 0
653.97079 0
654.13083 0
654.29086 0
654.45089 0
654.61092 0
654.77095 0
654.93099 0
655.09102 0
655.25105 0
655.41108 0
655.57111 0
655.73115 0
655.89118 0
656.05121 0
656.21124 0
656.37127 0
656.53131 0
656.69134 0
656.85137 0
657.0114 0
657.17143 0
657.33147 0
657.4915 0
657.65153 0
657.81156 0
657.97159 0
658.13163 0
658.29166 0
658.45169 0
658.61172 0
658.77175 0
658.93179 0
659.09182 0
659.25185 0
659.41188 0
659.57191 0
659.73195 0
659.89198 0
660.05201 0
660.21204 0
660.37207 0
660.53211 0
660.69214 0
660.85217 0
661.0122 0
661.17223 0
661.33227 0
661.4923 0
661.65233 0
661.81236 0
661.97239 0
662.13243 0
662.29246 0
662.45249 0
662.61252 0
662.77255 0
662.93259 0
663.09262 0
663.25265 0
663.41268 0
663.57271 0
663.73275 0
663.89278 0
664.05281 0
664.21284 0
664.37287 0
664.53291 0
664.69294 0
664.85297 0
665.013 0
665.17303 0
665.33307 0
665.4931 0
665.65313 0
665.81316 0
665.97319 0
666.13323 0
666.29326 0
666.45329 0
666.61332 0
666.77335 0
666.93339 0
667.09342 0
667.25345 0
667.41348 0
667.57351 0
667.73355 0
667.89358 0
668.05361 0
668.21364 0
668.37367 0
668.53371 0
668.69374 0
668.85377 0
669.0138 0
669.17383 0
669.33387 0
669.4939 0
669.65393 0
669.81396 0
669.97399 0
670.13403 0
670.29406 0
670.45409 0
670.61412 0
670.77415 0
670.93419 0
671.09422 0
671.25425 0
671.41428 0
671.57431 0
671.73435 0
671.89438 0
672.05441 0
672.21444 0
672.37447 0
672.53451 0
672.69454 0
672.85457 0
673.0146 0
673.17463 0
673.33467 0
673.4947 0
673.65473 0
673.81476 0
673.97479 0
674.13483 0
674.29486 0
674.45489 0
674.61492 0
674.77495 0
674.93499 0
675.09502 0
675.25505 0
675.41508 0
675.57512 0
675.73515 0
675.89518 0
676.05521 0
676.21524 0
676.37528 0
676.53531 0
676.69534 0
676.85537 0
677.0154 0
677.17544 0
677.33547 0
677.4955 0
677.65553 0
677.81556 0
677.9756 0
678.13563 0
678.29566 0
678.45569 0
678.61572 0
678.77576 0
678.93579 0
679.09582 0
679.25585 0
679.41588 0
679.57592 0
679.73595 0
679.89598 0
680.05601 0
680.21604 0
680.37608 0
680.53611 0
680.69614 0
680.85617 0
681.0162 0
681.17624 0
681.33627 0
681.4963 0
681.65633 0
681.81636 0
681.9764 0
682.13643 0
682.29646 0
682.45649 0
682.61652 0
682.77656 0
682.93659 0
683.09662 0
683.25665 0
683.41668 0
683.57672 0
683.73675 0
683.89678 0
684.05681 0
684.21684 0
684.37688 0
684.53691 0
684.69694 0
684.85697 0
685.017 0
685.17704 0
685.33707 0
685.4971 0
685.65713 0
685.81716 0
685.9772 0
686.13723 0
686.29726 0
686.45729 0
686.61732 0
686.77736 0
686.93739 0
687.09742 0
687.25745 0
687.41748 0
687.57752 0
687.73755 0
687.89758 0
688.05761 0
688.21764 0
688.37768 0
688.53771 0
688.69774 0
688.85777 0
689.0178 0
689.17784 0
689.33787 0
689.4979 0
689.65793 0
689.81796 0
689.978 0
690.13803 0
690.29806 0
690.45809 0
690.61812 0
690.77816 0
690.93819 0
691.09822 0
691.25825 0
691.41828 0
691.57832 0
691.73835 0
691.89838 0
692.05841 0
692.21844 0
692.37848 0
692.53851 0
692.69854 0
692.85857 0
693.0186 0
693.17864 0
693.33867 0
693.4987 0
693.65873 0
693.81876 0
693.9788 0
694.13883 0
694.29886 0
694.45889 0
694.61892 0
694.77896 0
694.93899 0
695.09902 0
695.25905 0
695.41908 0
695.57912 0
695.73915 0
695.89918 0
696.05921 0
696.21924 0
696.37928 0
696.53931 0
696.69934 0
696.85937 0
697.0194 0
697.17944 0
697.33947 0
697.4995 0
697.65953 0
697.81956 0
697.9796 0
698.13963 0
698.29966 0
698.45969 0
698.61972 0
698.77976 0
698.93979 0
699.09982 0
699.25985 0
699.41988 0
699.57992 0
699.73995 0
699.89998 0
700.06001 0
700.22004 0
700.38008 0
700.54011 0
700.70014 0
700.86017 0
701.0202 0
701.18024 0
701.34027 0
701.5003 0
701.66033 0
701.82036 0
701.9804 0
702.14043 0
702.30046 0
702.46049 0
702.62052 0
702.78056 0
702.94059 0
703.10062 0
703.26065 0
703.42068 0
703.58072 0
703.74075 0
703.90078 0
704.06081 0
704.22084 0
704.38088 0
704.54091 0
704.70094 0
704.86097 0
705.021 0
705.18104 0
705.34107 0
705.5011 0
705.66113 0
705.82116 0
705.9812 0
706.14123 0
706.30126 0
706.46129 0
706.62132 0
706.78136 0
706.94139 0
707.10142 0
707.26145 0
707.42148 0
707.58152 0
707.74155 0
707.90158 0
708.06161 0
708.22164 0
708.38168 0
708.54171 0
708.70174 0
708.86177 0
709.0218 0
709.18184 0
709.34187 0
709.5019 0
709.66193 0
709.82196 0
709.982 0
710.14203 0
710.30206 0
710.46209 0
710.62212 0
710.78216 0
710.94219 0
711.10222 0
711.26225 0
711.42228 0
711.58232 0
711.74235 0
711.90238 0
712.06241 0
712.22244 0
712.38248 0
712.54251 0
712.70254 0
712.86257 0
713.0226 0
713.18264 0
713.34267 0
713.5027 0
713.66273 0
713.82276 0
713.9828 0
714.14283 0
714.30286 0
714.46289 0
714.62292 0
714.78296 0
714.94299 0
715.10302 0
715.26305 0
715.42308 0
715.58312 0
715.74315 0
715.90318 0
716.06321 0
716.22324 0
716.38328 0
716.54331 0
716.70334 0
716.86337 0
717.0234 0
717.18344 0
717.34347 0
717.5035 0
717.66353 0
717.82356 0
717.9836 0
718.14363 0
718.30366 0
718.46369 0
718.62372 0
718.78376 0
718.94379 0
719.10382 0
719.26385 0
719.42388 0
719.58392 0
719.74395 0
719.90398 0
720.06401 0
720.22404 0
720.38408 0
720.54411 0
720.70414 0
720.86417 0
721.0242 0
721.18424 0
721.34427 0
721.5043 0
721.66433 0
721.82436 0
721.9844 0
722.14443 0
722.30446 0
722.46449 0
722.62452 0
722.78456 0
722.94459 0
723.10462 0
723.26465 0
723.42468 0
723.58472 0
723.74475 0
723.90478 0
724.06481 0
724.22484 0
724.38488 0
724.54491 0
724.70494 0
724.86497 0
725.02501 0
725.18504 0
725.34507 0
725.5051 0
725.66513 0
725.82517 0
725.9852 0
726.14523 0
726.30526 0
726.46529 0
726.62533 0
726.78536 0
726.94539 0
727.10542 0
727.26545 0
727.42549 0
727.58552 0
727.74555 0
727.90558 0
728.06561 0
728.22565 0
728.38568 0
728.54571 0
728.70574 0
728.86577 0
729.02581 0
729.18584 0
729.34587 0
729.5059 0
729.66593 0
729.82597 0
729.986 0
730.14603 0
730.30606 0
730.46609 0
730.62613 0
730.78616 0
730.94619 0
731.10622 0
731.26625 0
731.42629 0
731.58632 0
731.74635 0
731.90638 0
732.06641 0
732.22645 0
732.38648 0
732.54651 0
732.70654 0
732.86657 0
733.02661 0
733.18664 0
733.34667 0
733.5067 0
733.66673 0
733.82677 0
733.9868 0
734.14683 0
734.30686 0
734.46689 0
734.62693 0
734.78696 0
734.94699 0
735.10702 0
735.26705 0
735.42709 0
735.58712 0
735.74715 0
735.90718 0
736.06721 0
736.22725 0
736.38728 0
736.54731 0
736.70734 0
736.86737 0
737.02741 0
737.18744 0
737.34747 0
737.5075 0
737.66753 0
737.82757 0
737.9876 0
738.14763 0
738.30766 0
738.46769 0
738.62773 0
738.78776 0
738.94779 0
739.10782 0
739.26785 0
739.42789 0
739.58792 0
739.74795 0
739.90798 0
740.06801 0
740.22805 0
740.38808 0
740.54811 0
740.70814 0
740.86817 0
741.02821 0
741.18824 0
741.34827 0
741.5083 0
741.66833 0
741.82837 0
741.9884 0
742.14843 0
742.30846 0
742.46849 0
742.62853 0
742.78856 0
742.94859 0
743.10862 0
743.26865 0
743.42869 0
743.58872 0
743.74875 0
743.90878 0
744.06881 0
744.22885 0
744.38888 0
744.54891 0
744.70894 0
744.86897 0
745.02901 0
745.18904 0
745.34907 0
745.5091 0
745.66913 0
745.82917 0
745.9892 0
746.14923 0
746.30926 0
746.46929 0
746.62933 0
746.78936 0
746.94939 0
747.10942 0
747.26945 0
747.42949 0
747.58952 0
747.74955 0
747.90958 0
748.06961 0
748.22965 0
748.38968 0
748.54971 0
748.70974 0
748.86977 0
749.02981 0
749.18984 0
749.34987 0
749.5099 0
749.66993 0
749.82997 0
749.99 0
750.15003 0.0046865425
750.31006 0.020025144
750.47009 0.046063463
750.63013 0.082846928
750.79016 0.13043945
750.95019 0.18892329
751.11022 0.25839881
751.27025 0.33898431
751.43029 0.43081567
751.59032 0.53404606
751.75035 0.64884557
751.91038 0.77540078
752.07041 0.91391433
752.23045 1.0646044
752.39048 1.2277043
752.55051 1.4034615
752.71054 1.5921377
752.87057 1.7940076
753.03061 2.0093583
753.19064 2.2384891
753.35067 2.4817099
753.5107 2.7393413
753.67073 3.011713
753.83077 3.2991638
753.9908 3.6020398
754.15083 3.9206943
754.31086 4.2554866
754.47089 4.6067808
754.63093 4.9749454
754.79096 5.3603518
754.95099 5.7633736
755.11102 6.1843856
755.27105 6.6237624
755.43109 7.0818782
755.59112 7.5591046
755.75115 8.0558107
755.91118 8.5723611
756.07121 9.1091156
756.23125 9.6664276
756.39128 10.244643
756.55131 10.8441
756.71134 11.465127
756.87137 12.108041
757.03141 12.77315
757.19144 13.460746
757.35147 14.171111
757.5115 14.90451
757.67153 15.661193
757.83157 16.441393
757.9916 17.245327
758.15163 18.073192
758.31166 18.925166
758.47169 19.801407
758.63173 20.702051
758.79176 21.627212
758.95179 22.576983
759.11182 23.551431
759.27185 24.550599
759.43189 25.574506
759.59192 26.623146
759.75195 27.696482
759.91198 28.794455
760.07201 29.916976
760.23205 31.063927
760.39208 32.235164
760.55211 33.43051
760.71214 34.649763
760.87217 35.892686
761.03221 37.159016
761.19224 38.448457
761.35227 39.760683
761.5123 41.095338
761.67233 42.452032
761.83237 43.830347
761.9924 45.229831
762.15243 46.650004
762.31246 48.090352
762.47249 49.550331
762.63253 51.029365
762.79256 52.526851
762.95259 54.04215
763.11262 55.574597
763.27265 57.123497
763.43269 58.688123
763.59272 60.267721
763.75275 61.861508
763.91278 63.468675
764.07281 65.088382
764.23285 66.719766
764.39288 68.361936
764.55291 70.013976
764.71294 71.674946
764.87297 73.343883
765.03301 75.0198
765.19304 76.701689
765.35307 78.38852
765.5131 80.079245
765.67313 81.772795
765.83317 83.468085
765.9932 85.164012
766.15323 86.859457
766.31326 88.553288
766.47329 90.244359
766.63333 91.931511
766.79336 93.613576
766.95339 95.289375
767.11342 96.95772
767.27345 98.617418
767.43349 100.26727
767.59352 101.90607
767.75355 103.53261
767.91358 105.14569
768.07361 106.74409
768.23365 108.3266
768.39368 109.89203
768.55371 111.43917
768.71374 112.96682
768.87377 114.4738
769.03381 115.95892
769.19384 117.42101
769.35387 118.85892
769.5139 120.27148
769.67393 121.65758
769.83397 123.01608
769.994 124.34589
770.15403 125.64593
770.31406 126.91511
770.47409 128.15241
770.63413 129.35679
770.79416 130.52726
770.95419 131.66283
771.11422 132.76256
771.27425 133.82553
771.43429 134.85082
771.59432 135.83758
771.75435 136.78498
771.91438 137.69219
772.07441 138.55844
772.23445 139.383
772.39448 140.16516
772.55451 140.90423
772.71454 141.59959
772.87457 142.25063
773.03461 142.85679
773.19464 143.41755
773.35467 143.9324
773.5147 144.40091
773.67473 144.82267
773.83477 145.1973
773.9948 145.52449
774.15483 145.80394
774.31486 146.03542
774.47489 146.2187
774.63493 146.35365
774.79496 146.44013
774.95499 146.47808
775.11502 146.46745
775.27506 146.40827
775.43509 146.30057
775.59512 146.14446
775.75515 145.94006
775.91518 145.68757
776.07522 145.3872
776.23525 145.03922
776.39528 144.64393
776.55531 144.20167
776.71534 143.71283
776.87538 143.17784
777.03541 142.59716
777.19544 141.97129
777.35547 141.30079
777.5155 140.58623
777.67554 139.82823
777.83557 139.02743
777.9956 138.18454
778.15563 137.30028
778.31566 136.37539
778.4757 135.41067
778.63573 134.40695
778.79576 133.36506
778.95579 132.2859
779.11582 131.17037
779.27586 130.01942
779.43589 128.83399
779.59592 127.61508
779.75595 126.36371
779.91598 125.0809
780.07602 123.7677
780.23605 122.4252
780.39608 121.05449
780.55611 119.65667
780.71614 118.23288
780.87618 116.78425
781.03621 115.31194
781.19624 113.81712
781.35627 112.30095
781.5163 110.76462
781.67634 109.20934
781.83637 107.63629
781.9964 106.04667
782.15643 104.4417
782.31646 102.82259
782.4765 101.19053
782.63653 99.546748
782.79656 97.892441
782.95659 96.228812
783.11662 94.55706
783.27666 92.878374
783.43669 91.193939
783.59672 89.504929
783.75675 87.812509
783.91678 86.117831
784.07682 84.422037
784.23685 82.726252
784.39688 81.031589
784.55691 79.339142
784.71694 77.64999
784.87698 75.965193
785.03701 74.285792
785.19704 72.612806
785.35707 70.947234
785.5171 69.290053
785.67714 67.642217
785.83717 66.004655
785.9972 64.378272
786.15723 62.763946
786.31726 61.162531
786.4773 59.574854
786.63733 58.001711
786.79736 56.443875
786.95739 54.902086
787.11742 53.377057
787.27746 51.869471
787.43749 50.379981
787.59752 48.90921
787.75755 47.457751
787.91758 46.026165
788.07762 44.614982
788.23765 43.224702
788.39768 41.855792
788.55771 40.508691
788.71774 39.183803
788.87778 37.881503
789.03781 36.602135
789.19784 35.346011
789.35787 34.113413
789.5179 32.904592
789.67794 31.71977
789.83797 30.559139
789.998 29.422859
790.15803 28.311066
790.31806 27.223862
790.4781 26.161324
790.63813 25.123503
790.79816 24.110419
790.95819 23.12207
791.11822 22.158425
791.27826 21.219431
791.43829 20.305008
791.59832 19.415056
791.75835 18.549451
791.91838 17.708045
792.07842 16.890673
792.23845 16.097148
792.39848 15.327264
792.55851 14.580798
792.71854 13.857508
792.87858 13.157138
793.03861 12.479415
793.19864 11.824053
793.35867 11.190753
793.5187 10.579203
793.67874 9.9890799
793.83877 9.4200517
793.9988 8.8717767
794.15883 8.3439053
794.31886 7.8360814
794.4789 7.3479428
794.63893 6.8791229
794.79896 6.4292513
794.95899 5.9979552
795.11902 5.5848601
795.27906 5.1895911
795.43909 4.8117738
795.59912 4.4510356
795.75915 4.107006
795.91918 3.7793186
796.07922 3.467611
796.23925 3.1715266
796.39928 2.8907151
796.55931 2.6248334
796.71934 2.3735467
796.87938 2.1365292
797.03941 1.9134647
797.19944 1.7040479
797.35947 1.5079849
797.5195 1.3249938
797.67954 1.1548055
797.83957 0.99716462
797.9996 0.85182959
798.15963 0.71857375
798.31966 0.59718566
798.4797 0.48746963
798.63973 0.38924626
798.79976 0.3023528
798.95979 0.22664361
799.11982 0.16199045
799.27986 0.10828285
799.43989 0.065428333
799.59992 0.033352647
799.75995 0.01199995
799.91998 0.0013329386
