# OCT iter         41;   J_T =   9.081251971854E-06;   pulse_id =          1                                                                                                                                                                                   
#               time [ns]              abs(E) [au]        phase(E) [rad/pi]
   2.5025025025025027E-02   3.4040332326956343E-04  -8.0936985206486262E-02
   7.5075075075075076E-02   5.0657290012533533E-04  -2.3811635737567047E-01
   1.2512512512512516E-01   9.3231487602304876E-04  -2.9860700274471824E-01
   1.7517517517517520E-01   1.5688088811135340E-03  -2.9229597034944826E-01
   2.2522522522522526E-01   2.3848793921470083E-03  -2.5964853313621378E-01
   2.7527527527527529E-01   3.3649978376486776E-03  -2.1549949373006930E-01
   3.2532532532532538E-01   4.4974851241809857E-03  -1.6553355878695428E-01
   3.7537537537537541E-01   5.7710647132652986E-03  -1.1225083319554982E-01
   4.2542542542542550E-01   7.1738393202296444E-03  -5.6885140446378206E-02
   4.7547547547547553E-01   8.6929815547696094E-03  -1.0179160115702642E-04
   5.2552552552552556E-01   1.0314681427852400E-02   5.7715040975161523E-02
   5.7557557557557559E-01   1.2024208790620447E-02   1.1633115667863896E-01
   6.2562562562562574E-01   1.3806038562505904E-02   1.7559724812291183E-01
   6.7567567567567566E-01   1.5644015507824332E-02   2.3541432224254413E-01
   7.2572572572572580E-01   1.7521545423625037E-02   2.9571424161515952E-01
   7.7577577577577583E-01   1.9421803243045509E-02   3.5644822247291374E-01
   8.2582582582582598E-01   2.1327949834743658E-02   4.1757973649169444E-01
   8.7587587587587601E-01   2.3223349717016933E-02   4.7907995850501506E-01
   9.2592592592592604E-01   2.5091782142210219E-02   5.4092474448360162E-01
   9.7597597597597607E-01   2.6917638340214961E-02   6.0309256377338227E-01
   1.0260260260260261E+00   2.8686098290160063E-02   6.6556304936612842E-01
   1.0760760760760761E+00   3.0383281292248050E-02   7.2831596596966763E-01
   1.1261261261261262E+00   3.1996365862431514E-02   7.9133047548371582E-01
   1.1761761761761762E+00   3.3513676054226914E-02   8.5458462770922805E-01
   1.2262262262262265E+00   3.4924733166710541E-02   9.1805503377525377E-01
   1.2762762762762765E+00   3.6220273828335862E-02   9.8171669799514283E-01
   1.3263263263263265E+00   3.7392237519536124E-02  -9.5445700532264044E-01
   1.3763763763763766E+00   3.8433728552445486E-02  -8.9049421783679228E-01
   1.4264264264264266E+00   3.9338959188851809E-02  -8.2642435148079874E-01
   1.4764764764764766E+00   4.0103181777662020E-02  -7.6227771708127290E-01
   1.5265265265265267E+00   4.0722618387015581E-02  -6.9808503533921651E-01
   1.5765765765765769E+00   4.1194396298339986E-02  -6.3387684122070354E-01
   1.6266266266266267E+00   4.1516496891367022E-02  -5.6968279594983218E-01
   1.6766766766766772E+00   4.1687723929293319E-02  -5.0553092338935735E-01
   1.7267267267267272E+00   4.1707695178858840E-02  -4.4144678902823559E-01
   1.7767767767767773E+00   4.1576858865062551E-02  -3.7745263962825321E-01
   1.8268268268268273E+00   4.1296533903567162E-02  -3.1356651958746756E-01
   1.8768768768768773E+00   4.0868970430378383E-02  -2.4980137627376720E-01
   1.9269269269269271E+00   4.0297425096720130E-02  -1.8616416122779958E-01
   1.9769769769769772E+00   3.9586244110106486E-02  -1.2265492770801667E-01
   2.0270270270270276E+00   3.8740946205470042E-02  -5.9265918212022171E-02
   2.0770770770770777E+00   3.7768297667649012E-02   4.0193708169698264E-03
   2.1271271271271277E+00   3.6676372161527124E-02   6.7227164883246440E-02
   2.1771771771771777E+00   3.5474589347348227E-02   1.3039444795710634E-01
   2.2272272272272278E+00   3.4173727894096707E-02   1.9357007728511699E-01
   2.2772772772772778E+00   3.2785910335878944E-02   2.5681598443581360E-01
   2.3273273273273278E+00   3.1324558994696113E-02   3.2020844917039343E-01
   2.3773773773773779E+00   2.9804323640425168E-02   3.8383939314007842E-01
   2.4274274274274279E+00   2.8240982365462471E-02   4.4781757262621352E-01
   2.4774774774774779E+00   2.6678784153198212E-02   5.1228800195954072E-01
   2.5275275275275280E+00   2.5156467247576888E-02   5.7742383466734926E-01
   2.5775775775775780E+00   2.3682827174081173E-02   6.4339792667486961E-01
   2.6276276276276280E+00   2.2268096656337791E-02   7.1038493960664184E-01
   2.6776776776776781E+00   2.0923626995474856E-02   7.7855015099842761E-01
   2.7277277277277285E+00   1.9661443265936530E-02   8.4803313422417193E-01
   2.7777777777777786E+00   1.8493633073404264E-02   9.1892576613549104E-01
   2.8278278278278286E+00   1.7431534911469884E-02   9.9124543555570788E-01
   2.8778778778778786E+00   1.6484720712110226E-02  -9.3509318855237011E-01
   2.9279279279279282E+00   1.5659826774966346E-02  -8.6030126221216163E-01
   2.9779779779779783E+00   1.4959374460961581E-02  -7.8472463290576855E-01
   3.0280280280280283E+00   1.4380809041547796E-02  -7.0882980932616901E-01
   3.0780780780780788E+00   1.3916019653567237E-02  -6.3316371810952321E-01
   3.1281281281281288E+00   1.3551536040880656E-02  -5.5829326142403057E-01
   3.1781781781781788E+00   1.3269428370661480E-02  -4.8473938970798608E-01
   3.2282282282282289E+00   1.3048735174247659E-02  -4.1292291158336192E-01
   3.2782782782782789E+00   1.2867112078238176E-02  -3.4313382535252046E-01
   3.3283283283283294E+00   1.2702387665555146E-02  -2.7552627906750249E-01
   3.3783783783783790E+00   1.2533810699822472E-02  -2.1013309794234886E-01
   3.4284284284284290E+00   1.2342905667976899E-02  -1.4689043651985162E-01
   3.4784784784784790E+00   1.2113960014718532E-02  -8.5664070861600800E-02
   3.5285285285285291E+00   1.1834222551097678E-02  -2.6271812131680169E-02
   3.5785785785785786E+00   1.1493905283087958E-02   3.1500571230341154E-02
   3.6286286286286291E+00   1.1086068995977047E-02   8.7890667749804113E-02
   3.6786786786786796E+00   1.0606452870784461E-02   1.4315802036691458E-01
   3.7287287287287292E+00   1.0053290133777966E-02   1.9759034504392942E-01
   3.7787787787787797E+00   9.4271398224600612E-03   2.5151890494255552E-01
   3.8288288288288292E+00   8.7307613959171082E-03   3.0534696883900941E-01
   3.8788788788788797E+00   7.9690672438935874E-03   3.5959991360261262E-01
   3.9289289289289293E+00   7.1492167725176487E-03   4.1501506764415874E-01
   3.9789789789789798E+00   6.2809891237675698E-03   4.7271052504375272E-01
   4.0290290290290303E+00   5.3777603863927187E-03   5.3452216602902947E-01
   4.0790790790790794E+00   4.4589312274060369E-03   6.0372181107375222E-01
   4.1291291291291303E+00   3.5561930911315750E-03   6.8662352400858895E-01
   4.1791791791791795E+00   2.7305821184515377E-03   7.9596198869182855E-01
   4.2292292292292304E+00   2.1148052786142311E-03   9.5346968159200474E-01
   4.2792792792792795E+00   1.9409091468902094E-03  -8.3825742112662605E-01
   4.3293293293293305E+00   2.3058383148197360E-03  -6.4730466667662678E-01
   4.3793793793793805E+00   3.0004311124628962E-03  -5.1436103383994081E-01
   4.4294294294294296E+00   3.8227034946898041E-03  -4.2128933465703111E-01
   4.4794794794794806E+00   4.6747235828219101E-03  -3.4967250627620938E-01
   4.5295295295295297E+00   5.5095389955386164E-03  -2.8997502955683896E-01
   4.5795795795795806E+00   6.3003687014325915E-03  -2.3746158769675574E-01
   4.6296296296296298E+00   7.0291498328231882E-03  -1.8963899877021273E-01
   4.6796796796796807E+00   7.6822313697655683E-03  -1.4510352470523880E-01
   4.7297297297297307E+00   8.2486308177597330E-03  -1.0301888446060749E-01
   4.7797797797797807E+00   8.7192858531242069E-03  -6.2865973849421483E-02
   4.8298298298298308E+00   9.0867270647624412E-03  -2.4315541870457605E-02
   4.8798798798798808E+00   9.3449423259025621E-03   1.2839631011006582E-02
   4.9299299299299308E+00   9.4893334036019305E-03   4.8721554511263372E-02
   4.9799799799799809E+00   9.5167192045139300E-03   8.3386173622682774E-02
   5.0300300300300309E+00   9.4253647042447687E-03   1.1683099338138060E-01
   5.0800800800800809E+00   9.2150278701238677E-03   1.4899344155116606E-01
   5.1301301301301310E+00   8.8870265975166795E-03   1.7973942851413563E-01
   5.1801801801801810E+00   8.4443388313485915E-03   2.0883848644744427E-01
   5.2302302302302310E+00   7.8917676742282228E-03   2.3591692798812372E-01
   5.2802802802802811E+00   7.2362415022165071E-03   2.6037064358375572E-01
   5.3303303303303311E+00   6.4874073557570164E-03   2.8119729950231342E-01
   5.3803803803803811E+00   5.6589001495512565E-03   2.9665514816027649E-01
   5.4304304304304312E+00   4.7712974691778145E-03   3.0352224232793490E-01
   5.4804804804804812E+00   3.8596895527978443E-03   2.9539657601841990E-01
   5.5305305305305312E+00   2.9948213468772148E-03   2.5895790270731572E-01
   5.5805805805805813E+00   2.3388619620209328E-03   1.7055557261876717E-01
   5.6306306306306313E+00   2.1923827023928571E-03   2.7228725921278202E-02
   5.6806806806806813E+00   2.6977158133135656E-03  -9.5647795799728111E-02
   5.7307307307307314E+00   3.6139973146795284E-03  -1.5780825511829161E-01
   5.7807807807807823E+00   4.7115636459698941E-03  -1.8075438588357262E-01
   5.8308308308308314E+00   5.8814777159338742E-03  -1.8356748774939760E-01
   5.8808808808808823E+00   7.0708953871046146E-03  -1.7572927455037438E-01
   5.9309309309309315E+00   8.2484107437066564E-03  -1.6187489539743105E-01
   5.9809809809809824E+00   9.3915754986188555E-03  -1.4443729624811724E-01
   6.0310310310310316E+00   1.0482287213784290E-02  -1.2479743575093236E-01
   6.0810810810810825E+00   1.1504958529659139E-02  -1.0379772022695721E-01
   6.1311311311311325E+00   1.2445762922211110E-02  -8.1987351661670968E-02
   6.1811811811811816E+00   1.3292339079867386E-02  -5.9748204402898873E-02
   6.2312312312312326E+00   1.4033708075651021E-02  -3.7363927527163554E-02
   6.2812812812812817E+00   1.4660297367528158E-02  -1.5060505667590689E-02
   6.3313313313313326E+00   1.5164023477436794E-02   6.9681305321220768E-03
   6.3813813813813818E+00   1.5538411659040741E-02   2.8542445998217154E-02
   6.4314314314314327E+00   1.5778744659307894E-02   4.9483711674006420E-02
   6.4814814814814827E+00   1.5882241403087635E-02   6.9602114803919035E-02
   6.5315315315315328E+00   1.5848273606941417E-02   8.8684928545189917E-02
   6.5815815815815828E+00   1.5678635999946566E-02   1.0648342265294358E-01
   6.6316316316316328E+00   1.5377895582268862E-02   1.2269731965978363E-01
   6.6816816816816820E+00   1.4953858667563321E-02   1.3695570049111880E-01
   6.7317317317317329E+00   1.4418212436549364E-02   1.4879362130951831E-01
   6.7817817817817829E+00   1.3787419544731550E-02   1.5762492672690490E-01
   6.8318318318318330E+00   1.3083962325309898E-02   1.6271518266189991E-01
   6.8818818818818839E+00   1.2338019878741278E-02   1.6316706725878066E-01
   6.9319319319319321E+00   1.1589540626815767E-02   1.5794853490899927E-01
   6.9819819819819831E+00   1.0890274479566848E-02   1.4602510001111443E-01
   7.0320320320320331E+00   1.0304396345998919E-02   1.2668822527463122E-01
   7.0820820820820840E+00   9.9049036254673165E-03   1.0013226249930719E-01
   7.1321321321321323E+00   9.7624391970235896E-03   6.8088773665809885E-02
   7.1821821821821832E+00   9.9270387721826173E-03   3.3927106196210616E-02
   7.2322322322322332E+00   1.0411902119649192E-02   1.7083256749917996E-03
   7.2822822822822832E+00   1.1191259134687671E-02  -2.5310302894804335E-02
   7.3323323323323342E+00   1.2213262290879245E-02  -4.5539602004141790E-02
   7.3823823823823833E+00   1.3416940844366588E-02  -5.8889296489992644E-02
   7.4324324324324333E+00   1.4743828004602739E-02  -6.6121472125125008E-02
   7.4824824824824834E+00   1.6142803264821023E-02  -6.8291496003314883E-02
   7.5325325325325343E+00   1.7570758209961602E-02  -6.6438762364450052E-02
   7.5825825825825843E+00   1.8991609693923123E-02  -6.1465982443202768E-02
   7.6326326326326335E+00   2.0375007225949104E-02  -5.4116343073873509E-02
   7.6826826826826835E+00   2.1695238727150085E-02  -4.4990025762085425E-02
   7.7327327327327344E+00   2.2930444451440900E-02  -3.4571649554179094E-02
   7.7827827827827845E+00   2.4062108988243951E-02  -2.3257216337251311E-02
   7.8328328328328336E+00   2.5074769241189003E-02  -1.1376988665478061E-02
   7.8828828828828836E+00   2.5955881234482180E-02   7.8612465266607583E-04
   7.9329329329329337E+00   2.6695802584136692E-02   1.2982049449335099E-02
   7.9829829829829846E+00   2.7287861138685452E-02   2.4982062151351191E-02
   8.0330330330330355E+00   2.7728491218386976E-02   3.6569611955808733E-02
   8.0830830830830838E+00   2.8017426800604431E-02   4.7532923190470026E-02
   8.1331331331331338E+00   2.8157946033374012E-02   5.7659089609667549E-02
   8.1831831831831838E+00   2.8157163448440384E-02   6.6729640863731260E-02
   8.2332332332332356E+00   2.8026364418935832E-02   7.4517881915098949E-02
   8.2832832832832857E+00   2.7781369119275343E-02   8.0788706644273262E-02
   8.3333333333333339E+00   2.7442897758777465E-02   8.5302080179187945E-02
   8.3833833833833840E+00   2.7036881449414948E-02   8.7821928295295421E-02
   8.4334334334334340E+00   2.6594620129187379E-02   8.8132595432710167E-02
   8.4834834834834858E+00   2.6152630418362362E-02   8.6064929683465310E-02
   8.5335335335335341E+00   2.5751962741152639E-02   8.1532707893701595E-02
   8.5835835835835841E+00   2.5436730217846450E-02   7.4576654194809217E-02
   8.6336336336336341E+00   2.5251640761857704E-02   6.5407416264460436E-02
   8.6836836836836859E+00   2.5238527584077079E-02   5.4432181496860722E-02
   8.7337337337337360E+00   2.5432249437714650E-02   4.2246790304159842E-02
   8.7837837837837842E+00   2.5856760477609115E-02   2.9582096614563399E-02
   8.8338338338338342E+00   2.6522364251429276E-02   1.7211002481858039E-02
   8.8838838838838861E+00   2.7424927675135515E-02   5.8421542723059230E-03
   8.9339339339339361E+00   2.8547184247322416E-02  -3.9663921824469170E-03
   8.9839839839839861E+00   2.9861567097157374E-02  -1.1851071229317575E-02
   9.0340340340340344E+00   3.1333668752369960E-02  -1.7642137747983240E-02
   9.0840840840840844E+00   3.2925521076588783E-02  -2.1332089711683246E-02
   9.1341341341341362E+00   3.4598233481774099E-02  -2.3031332680132983E-02
   9.1841841841841863E+00   3.6313872754813736E-02  -2.2925086806140194E-02
   9.2342342342342345E+00   3.8036682955032965E-02  -2.1238733997087887E-02
   9.2842842842842845E+00   3.9733823491740095E-02  -1.8213372456533969E-02
   9.3343343343343363E+00   4.1375798158639496E-02  -1.4090383906707691E-02
   9.3843843843843864E+00   4.2936707860929853E-02  -9.1027942796484615E-03
   9.4344344344344364E+00   4.4394415481218266E-02  -3.4712436364252109E-03
   9.4844844844844847E+00   4.5730675472811677E-02   2.5971793225006597E-03
   9.5345345345345365E+00   4.6931255808651477E-02   8.9084902771789896E-03
   9.5845845845845865E+00   4.7986064046744430E-02   1.5280597554385315E-02
   9.6346346346346365E+00   4.8889279617095882E-02   2.1541888422462071E-02
   9.6846846846846866E+00   4.9639488330045813E-02   2.7529997351011470E-02
   9.7347347347347366E+00   5.0239810464766978E-02   3.3091041474931991E-02
   9.7847847847847866E+00   5.0698009103508399E-02   3.8079563803463480E-02
   9.8348348348348367E+00   5.1026559613794424E-02   4.2359410071825074E-02
   9.8848848848848867E+00   5.1242653810431339E-02   4.5805756979802846E-02
   9.9349349349349350E+00   5.1368103397219728E-02   4.8308481652423706E-02
   9.9849849849849868E+00   5.1429097670161447E-02   4.9776983474170082E-02
   1.0035035035035037E+01   5.1455762239717796E-02   5.0146405705821948E-02
   1.0085085085085087E+01   5.1481462350152440E-02   4.9384926594867311E-02
   1.0135135135135137E+01   5.1541801480578714E-02   4.7501393594214528E-02
   1.0185185185185187E+01   5.1673289248322790E-02   4.4552108372053298E-02
   1.0235235235235237E+01   5.1911696471225101E-02   4.0645162554548017E-02
   1.0285285285285287E+01   5.2290178329096715E-02   3.5940580115273998E-02
   1.0335335335335337E+01   5.2837318240544641E-02   3.0644862635393247E-02
   1.0385385385385387E+01   5.3575304519502424E-02   2.4999464690743500E-02
   1.0435435435435437E+01   5.4518473744612210E-02   1.9264101490823783E-02
   1.0485485485485487E+01   5.5672421122807562E-02   1.3697177448831192E-02
   1.0535535535535537E+01   5.7033790660049627E-02   8.5364685249138834E-03
   1.0585585585585587E+01   5.8590741296409961E-02   3.9831178647279537E-03
   1.0635635635635637E+01   6.0323976596572230E-02   1.9104893220365141E-04
   1.0685685685685687E+01   6.2208156897819805E-02  -2.7375138221873803E-03
   1.0735735735735737E+01   6.4213496407632270E-02  -4.7510472002963745E-03
   1.0785785785785787E+01   6.6307375116005929E-02  -5.8437199081630437E-03
   1.0835835835835837E+01   6.8455846238515125E-02  -6.0480868651592874E-03
   1.0885885885885887E+01   7.0624973722420409E-02  -5.4270013989155177E-03
   1.0935935935935937E+01   7.2781977722598840E-02  -4.0658325379766712E-03
   1.0985985985985987E+01   7.4896193962438559E-02  -2.0656162153646273E-03
   1.1036036036036037E+01   7.6939866700194440E-02   4.6260697249226386E-04
   1.1086086086086089E+01   7.8888798575050142E-02   3.4022709961094660E-03
   1.1136136136136138E+01   8.0722878167731396E-02   6.6347299156621718E-03
   1.1186186186186188E+01   8.2426500995337701E-02   1.0041883240872924E-02
   1.1236236236236238E+01   8.3988893936993408E-02   1.3508207753208469E-02
   1.1286286286286288E+01   8.5404347762538593E-02   1.6922408025858447E-02
   1.1336336336336338E+01   8.6672357809888967E-02   2.0178871222882668E-02
   1.1386386386386388E+01   8.7797668864020642E-02   2.3179080676592224E-02
   1.1436436436436438E+01   8.8790216776178446E-02   2.5833109677469237E-02
   1.1486486486486488E+01   8.9664956268385679E-02   2.8061280830236936E-02
   1.1536536536536540E+01   9.0441561858032885E-02   2.9796034351266588E-02
   1.1586586586586588E+01   9.1143987357526379E-02   3.0983997562761292E-02
   1.1636636636636638E+01   9.1799869697373304E-02   3.1588185549276421E-02
   1.1686686686686688E+01   9.2439765865523327E-02   3.1590190480114910E-02
   1.1736736736736740E+01   9.3096218601581182E-02   3.0992140410263738E-02
   1.1786786786786790E+01   9.3802657955496915E-02   2.9818139787220269E-02
   1.1836836836836838E+01   9.4592162076487643E-02   2.8114862029347949E-02
   1.1886886886886888E+01   9.5496120637909826E-02   2.5950971342103821E-02
   1.1936936936936938E+01   9.6542865599396691E-02   2.3415125102305062E-02
   1.1986986986986990E+01   9.7756352550913805E-02   2.0612455928778948E-02
   1.2037037037037038E+01   9.9154986886343360E-02   1.7659639354906644E-02
   1.2087087087087088E+01   1.0075068829954711E-01   1.4678880796858107E-02
   1.2137137137137138E+01   1.0254827254602657E-01   1.1791350318736443E-02
   1.2187187187187190E+01   1.0454520236394309E-01   9.1107027016370211E-03
   1.2237237237237240E+01   1.0673172454760997E-01   6.7373118256015213E-03
   1.2287287287287288E+01   1.0909137411144790E-01   4.7537248549155307E-03
   1.2337337337337338E+01   1.1160179589797761E-01   3.2216388215144552E-03
   1.2387387387387390E+01   1.1423581343855899E-01   2.1804741755615032E-03
   1.2437437437437440E+01   1.1696266586946183E-01   1.6474193347480891E-03
   1.2487487487487490E+01   1.1974933488872025E-01   1.6186821154703707E-03
   1.2537537537537538E+01   1.2256189201358696E-01   2.0716192948668738E-03
   1.2587587587587588E+01   1.2536680825149724E-01   2.9674154621745796E-03
   1.2637637637637640E+01   1.2813218081832370E-01   4.2540266210987030E-03
   1.2687687687687690E+01   1.3082884288744276E-01   5.8691704446965703E-03
   1.2737737737737739E+01   1.3343133174928143E-01   7.7432153957047089E-03
   1.2787787787787789E+01   1.3591869818245256E-01   9.8018832857968662E-03
   1.2837837837837840E+01   1.3827514565754684E-01   1.1968728587603578E-02
   1.2887887887887890E+01   1.4049049267704128E-01   1.4167391759678348E-02
   1.2937937937937940E+01   1.4256045546740159E-01   1.6323644402668612E-02
   1.2987987987987989E+01   1.4448675158161028E-01   1.8367253658568491E-02
   1.3038038038038039E+01   1.4627702778561155E-01   2.0233694329561860E-02
   1.3088088088088089E+01   1.4794461784190999E-01   2.1865731682244212E-02
   1.3138138138138139E+01   1.4950813741357460E-01   2.3214887179619559E-02
   1.3188188188188189E+01   1.5099092432220126E-01   2.4242784365586346E-02
   1.3238238238238241E+01   1.5242033299766680E-01   2.4922353599115866E-02
   1.3288288288288291E+01   1.5382689256734078E-01   2.5238853358844425E-02
   1.3338338338338337E+01   1.5524333928568509E-01   2.5190644199491723E-02
   1.3388388388388387E+01   1.5670353670094411E-01   2.4789632037359302E-02
   1.3438438438438439E+01   1.5824130189015451E-01   2.4061284439733516E-02
   1.3488488488488489E+01   1.5988916379352416E-01   2.3044122130849994E-02
   1.3538538538538539E+01   1.6167709007287551E-01   2.1788603167044684E-02
   1.3588588588588589E+01   1.6363123104797742E-01   2.0355352738849520E-02
   1.3638638638638639E+01   1.6577274117872667E-01   1.8812747318563122E-02
   1.3688688688688691E+01   1.6811674753109901E-01   1.7233932702268698E-02
   1.3738738738738741E+01   1.7067153775784225E-01   1.5693430731989411E-02
   1.3788788788788787E+01   1.7343803502977992E-01   1.4263554679318838E-02
   1.3838838838838839E+01   1.7640961318783499E-01   1.3010893804554519E-02
   1.3888888888888889E+01   1.7957228316038432E-01   1.1993133116831351E-02
   1.3938938938938939E+01   1.8290525420513831E-01   1.1256442274156250E-02
   1.3988988988988989E+01   1.8638184470569952E-01   1.0833604114234383E-02
   1.4039039039039039E+01   1.8997069111844286E-01   1.0742971589513071E-02
   1.4089089089089089E+01   1.9363718343846595E-01   1.0988257741225655E-02
   1.4139139139139141E+01   1.9734504303959330E-01   1.1559090884383142E-02
   1.4189189189189191E+01   2.0105795424905004E-01   1.2432215497573940E-02
   1.4239239239239238E+01   2.0474116366573986E-01   1.3573191437337966E-02
   1.4289289289289290E+01   2.0836296947631475E-01   1.4938437831582729E-02
   1.4339339339339340E+01   2.1189603514346822E-01   1.6477477955672976E-02
   1.4389389389389390E+01   2.1531847626911910E-01   1.8135261148605988E-02
   1.4439439439439440E+01   2.1861468489244243E-01   1.9854461623598139E-02
   1.4489489489489490E+01   2.2177587095775109E-01   2.1577677632779211E-02
   1.4539539539539541E+01   2.2480031534326139E-01   2.3249475321116122E-02
   1.4589589589589592E+01   2.2769334192845889E-01   2.4818238615630817E-02
   1.4639639639639642E+01   2.3046702700017296E-01   2.6237799424492090E-02
   1.4689689689689692E+01   2.3313967226022045E-01   2.7468831488828761E-02
   1.4739739739739740E+01   2.3573507241454483E-01   2.8479996756899047E-02
   1.4789789789789790E+01   2.3828160976195861E-01   2.9248835393732759E-02
   1.4839839839839840E+01   2.4081120681261017E-01   2.9762389732485895E-02
   1.4889889889889890E+01   2.4335816476126595E-01   3.0017549023441774E-02
   1.4939939939939940E+01   2.4595791213902696E-01   3.0021096621071434E-02
   1.4989989989989992E+01   2.4864568599918793E-01   2.9789435902088476E-02
   1.5040040040040042E+01   2.5145516932562312E-01   2.9347968231075067E-02
   1.5090090090090092E+01   2.5441711418762197E-01   2.8730098835758604E-02
   1.5140140140140142E+01   2.5755799061892781E-01   2.7975857653731010E-02
   1.5190190190190190E+01   2.6089871492870531E-01   2.7130144119723667E-02
   1.5240240240240240E+01   2.6445352532656197E-01   2.6240637271350242E-02
   1.5290290290290290E+01   2.6822908347416458E-01   2.5355452168392103E-02
   1.5340340340340340E+01   2.7222388379230483E-01   2.4520664097418314E-02
   1.5390390390390390E+01   2.7642804491308715E-01   2.3777855130238803E-02
   1.5440440440440442E+01   2.8082353835276108E-01   2.3161855302676719E-02
   1.5490490490490492E+01   2.8538487951092406E-01   2.2698847562998493E-02
   1.5540540540540542E+01   2.9008026896570677E-01   2.2404980631013410E-02
   1.5590590590590592E+01   2.9487313269120918E-01   2.2285590654307321E-02
   1.5640640640640640E+01   2.9972397356359343E-01   2.2335078290377064E-02
   1.5690690690690690E+01   3.0459241789168229E-01   2.2537431291702752E-02
   1.5740740740740740E+01   3.0943932281063641E-01   2.2867331725324319E-02
   1.5790790790790791E+01   3.1422880467297976E-01   2.3291747095899939E-02
   1.5840840840840842E+01   3.1893005506434896E-01   2.3771878359013010E-02
   1.5890890890890892E+01   3.2351882867011555E-01   2.4265325041879737E-02
   1.5940940940940942E+01   3.2797851404973966E-01   2.4728326758873480E-02
   1.5990990990990992E+01   3.3230073194976056E-01   2.5117949049737170E-02
   1.6041041041041044E+01   3.3648544305205713E-01   2.5394097505017643E-02
   1.6091091091091094E+01   3.4054058446041907E-01   2.5521265740360122E-02
   1.6141141141141141E+01   3.4448128793892357E-01   2.5469948308230694E-02
   1.6191191191191191E+01   3.4832875924251883E-01   2.5217677358532663E-02
   1.6241241241241241E+01   3.5210891389786969E-01   2.4749669686248442E-02
   1.6291291291291291E+01   3.5585086898034241E-01   2.4059096256556035E-02
   1.6341341341341341E+01   3.5958538314846961E-01   2.3147006781449216E-02
   1.6391391391391391E+01   3.6334332080071063E-01   2.2021955243321897E-02
   1.6441441441441444E+01   3.6715419475919270E-01   2.0699377243655531E-02
   1.6491491491491495E+01   3.7104482036727920E-01   1.9200767051395253E-02
   1.6541541541541545E+01   3.7503809725646825E-01   1.7552693327010919E-02
   1.6591591591591591E+01   3.7915192706669704E-01   1.5785681300217212E-02
   1.6641641641641641E+01   3.8339827772887286E-01   1.3932980066847385E-02
   1.6691691691691691E+01   3.8778241645325345E-01   1.2029230723815747E-02
   1.6741741741741741E+01   3.9230235050196455E-01   1.0109056835263506E-02
   1.6791791791791791E+01   3.9694853131085944E-01   8.2056132662985549E-03
   1.6841841841841845E+01   4.0170388698918330E-01   6.3491499139947654E-03
   1.6891891891891895E+01   4.0654424501181285E-01   4.5656681154616525E-03
   1.6941941941941945E+01   4.1143918784616862E-01   2.8757632487096010E-03
   1.6991991991991995E+01   4.1635334959616144E-01   1.2937516323642646E-03
   1.7042042042042041E+01   4.2124811535128709E-01  -1.7283015544087597E-04
   1.7092092092092091E+01   4.2608363351515754E-01  -1.5232903305431368E-03
   1.7142142142142141E+01   4.3082100325221961E-01  -2.7633852568704643E-03
   1.7192192192192191E+01   4.3542446276594271E-01  -3.9044794187452847E-03
   1.7242242242242241E+01   4.3986338664540514E-01  -4.9623258438071718E-03
   1.7292292292292295E+01   4.4411390692443370E-01  -5.9555712019959267E-03
   1.7342342342342345E+01   4.4816000448442755E-01  -6.9041194566833658E-03
   1.7392392392392395E+01   4.5199397271389646E-01  -7.8275023839446175E-03
   1.7442442442442445E+01   4.5561622730486440E-01  -8.7434016903678996E-03
   1.7492492492492495E+01   4.5903451421187352E-01  -9.6664452860524049E-03
   1.7542542542542542E+01   4.6226263923536182E-01  -1.0607361776948826E-02
   1.7592592592592592E+01   4.6531889471170651E-01  -1.1572527752192922E-02
   1.7642642642642642E+01   4.6822438191909832E-01  -1.2563889817909908E-02
   1.7692692692692695E+01   4.7100141834251313E-01  -1.3579196568056947E-02
   1.7742742742742745E+01   4.7367218004060802E-01  -1.4612442910395824E-02
   1.7792792792792795E+01   4.7625767016083465E-01  -1.5654415652487597E-02
   1.7842842842842845E+01   4.7877703774751884E-01  -1.6693236197628549E-02
   1.7892892892892895E+01   4.8124720921886532E-01  -1.7714820712471949E-02
   1.7942942942942945E+01   4.8368274859766869E-01  -1.8703214311049723E-02
   1.7992992992992992E+01   4.8609583809908696E-01  -1.9640796396259968E-02
   1.8043043043043042E+01   4.8849627009436436E-01  -2.0508392221311705E-02
   1.8093093093093092E+01   4.9089136319538845E-01  -2.1285355064966111E-02
   1.8143143143143146E+01   4.9328575474498887E-01  -2.1949699877073920E-02
   1.8193193193193196E+01   4.9568107256495925E-01  -2.2478370392110043E-02
   1.8243243243243246E+01   4.9807554187344694E-01  -2.2847707085441035E-02
   1.8293293293293296E+01   5.0046362932456923E-01  -2.3034154760475347E-02
   1.8343343343343346E+01   5.0283585590261237E-01  -2.3015210145096863E-02
   1.8393393393393396E+01   5.0517891663036341E-01  -2.2770567802767250E-02
   1.8443443443443442E+01   5.0747622417454197E-01  -2.2283384191097516E-02
   1.8493493493493492E+01   5.0970894698750235E-01  -2.1541551743806338E-02
   1.8543543543543542E+01   5.1185754758925783E-01  -2.0538862311350468E-02
   1.8593593593593596E+01   5.1390375434099156E-01  -1.9275943689794444E-02
   1.8643643643643646E+01   5.1583283389228896E-01  -1.7760871921089695E-02
   1.8693693693693696E+01   5.1763598323143700E-01  -1.6009390018220229E-02
   1.8743743743743746E+01   5.1931263701680863E-01  -1.4044693995251600E-02
   1.8793793793793796E+01   5.2087248812068898E-01  -1.1896774192583764E-02
   1.8843843843843846E+01   5.2233704160352201E-01  -9.6013221196033557E-03
   1.8893893893893896E+01   5.2374055628214033E-01  -7.1982329384577895E-03
   1.8943943943943943E+01   5.2513026664850682E-01  -4.7297566520788032E-03
   1.8993993993993996E+01   5.2656581877969688E-01  -2.2383818610490101E-03
   1.9044044044044046E+01   5.2811789967918410E-01   2.3542494026440217E-04
   1.9094094094094096E+01   5.2986609458737821E-01   2.6554604073900250E-03
   1.9144144144144146E+01   5.3189607206017919E-01   4.9918105619762626E-03
   1.9194194194194196E+01   5.3429626509583394E-01   7.2224599061407315E-03
   1.9244244244244246E+01   5.3715427326610221E-01   9.3343074403185611E-03
   1.9294294294294296E+01   5.4055323743678430E-01   1.1323473157729415E-02
   1.9344344344344346E+01   5.4456842206086797E-01   1.3194860283674836E-02
   1.9394394394394393E+01   5.4926417975335273E-01   1.4961023436174505E-02
   1.9444444444444446E+01   5.5469138415490049E-01   1.6640461277933366E-02
   1.9494494494494496E+01   5.6088532710662586E-01   1.8255491032973682E-02
   1.9544544544544546E+01   5.6786401474412673E-01   1.9829869590261562E-02
   1.9594594594594597E+01   5.7562678612549856E-01   2.1386310850019113E-02
   1.9644644644644647E+01   5.8415322338779230E-01   2.2944026697361754E-02
   1.9694694694694697E+01   5.9340241187031595E-01   2.4516404140519327E-02
   1.9744744744744747E+01   6.0331271494632288E-01   2.6108931953218600E-02
   1.9794794794794797E+01   6.1380231663780471E-01   2.7717505687200519E-02
   1.9844844844844843E+01   6.2477082159218833E-01   2.9327261002524623E-02
   1.9894894894894897E+01   6.3610216155567478E-01   3.0912098179213972E-02
   1.9944944944944947E+01   6.4766892955768562E-01   3.2435051902987073E-02
   1.9994994994994997E+01   6.5933805545241542E-01   3.3849620715540561E-02
   2.0045045045045047E+01   6.7097747713867206E-01   3.5102097274188331E-02
   2.0095095095095097E+01   6.8246319766251862E-01   3.6134838364601449E-02
   2.0145145145145147E+01   6.9368591028350068E-01   3.6890293628364108E-02
   2.0195195195195197E+01   7.0455628500301160E-01   3.7315490816421069E-02
   2.0245245245245247E+01   7.1500809075315064E-01   3.7366573576000199E-02
   2.0295295295295297E+01   7.2499859485008988E-01   3.7012927406984440E-02
   2.0345345345345347E+01   7.3450610662406290E-01   3.6240430423975248E-02
   2.0395395395395397E+01   7.4352503805404979E-01   3.5053440497175965E-02
   2.0445445445445447E+01   7.5205932847455825E-01   3.3475278506848213E-02
   2.0495495495495497E+01   7.6011540362912955E-01   3.1547170324454220E-02
   2.0545545545545547E+01   7.6769592025063726E-01   2.9325831143581647E-02
   2.0595595595595597E+01   7.7479535405705502E-01   2.6880066601780071E-02
   2.0645645645645647E+01   7.8139806488214691E-01   2.4286878697506429E-02
   2.0695695695695697E+01   7.8747892860914326E-01   2.1627571072446297E-02
   2.0745745745745747E+01   7.9300610888860423E-01   1.8984247957958375E-02
   2.0795795795795797E+01   7.9794518918611235E-01   1.6436926680817334E-02
   2.0845845845845847E+01   8.0226377835470819E-01   1.4061290440630755E-02
   2.0895895895895897E+01   8.0593583844836614E-01   1.1926954848422398E-02
   2.0945945945945947E+01   8.0894528018107403E-01   1.0096049646771885E-02
   2.0995995995995997E+01   8.1128870213128434E-01   8.6219357385007890E-03
   2.1046046046046047E+01   8.1297739321246976E-01   7.5479637178321934E-03
   2.1096096096096097E+01   8.1403880570719744E-01   6.9062886206330406E-03
   2.1146146146146148E+01   8.1451764487872025E-01   6.7168398035875113E-03
   2.1196196196196198E+01   8.1447657984399702E-01   6.9865752190727062E-03
   2.1246246246246248E+01   8.1399645068653248E-01   7.7091238646699103E-03
   2.1296296296296298E+01   8.1317579726042388E-01   8.8648613195409492E-03
   2.1346346346346348E+01   8.1212958299127558E-01   1.0421404089002773E-02
   2.1396396396396398E+01   8.1098709945209868E-01   1.2334475708262698E-02
   2.1446446446446448E+01   8.0988915698909314E-01   1.4549100317689367E-02
   2.1496496496496498E+01   8.0898474164427614E-01   1.7001107691302798E-02
   2.1546546546546548E+01   8.0842732355760238E-01   1.9618964907181631E-02
   2.1596596596596598E+01   8.0837094157407119E-01   2.2325958659077653E-02
   2.1646646646646648E+01   8.0896609189684676E-01   2.5042719754581867E-02
   2.1696696696696698E+01   8.1035536043089995E-01   2.7690003003447355E-02
   2.1746746746746748E+01   8.1266871096977156E-01   3.0191527216556970E-02
   2.1796796796796798E+01   8.1601841867320113E-01   3.2476579362954665E-02
   2.1846846846846848E+01   8.2049383384639796E-01   3.4482046684197333E-02
   2.1896896896896898E+01   8.2615643487032120E-01   3.6153607949274857E-02
   2.1946946946946948E+01   8.3303588156586661E-01   3.7446003797202712E-02
   2.1996996996996998E+01   8.4112787774732989E-01   3.8322574491303302E-02
   2.2047047047047048E+01   8.5039448408516338E-01   3.8754505421276383E-02
   2.2097097097097098E+01   8.6076706839139583E-01   3.8720339540564294E-02
   2.2147147147147152E+01   8.7215144453161997E-01   3.8206219535810257E-02
   2.2197197197197198E+01   8.8443414336980430E-01   3.7207013639821332E-02
   2.2247247247247248E+01   8.9748841787470479E-01   3.5728059284875040E-02
   2.2297297297297298E+01   9.1117867437013855E-01   3.3786892973260936E-02
   2.2347347347347348E+01   9.2536255422902891E-01   3.1414178800259929E-02
   2.2397397397397398E+01   9.3989070511845674E-01   2.8653177472234555E-02
   2.2447447447447448E+01   9.5460510084816241E-01   2.5557473040716195E-02
   2.2497497497497498E+01   9.6933730297554388E-01   2.2187161388107356E-02
   2.2547547547547552E+01   9.8390811107293885E-01   1.8604133456299181E-02
   2.2597597597597602E+01   9.9812959622123421E-01   1.4867321355448333E-02
   2.2647647647647648E+01   1.0118097052848436E+00   1.1028758716153605E-02
   2.2697697697697699E+01   1.0247587354444452E+00   7.1310652313111003E-03
   2.2747747747747749E+01   1.0367963097458222E+00   3.2065888946210559E-03
   2.2797797797797799E+01   1.0477572611599864E+00  -7.2195714136684939E-04
   2.2847847847847849E+01   1.0574951329328575E+00  -4.6398381527602882E-03
   2.2897897897897899E+01   1.0658827332043905E+00  -8.5382543667237992E-03
   2.2947947947947949E+01   1.0728101091757858E+00  -1.2412522054218706E-02
   2.2997997997998002E+01   1.0781811360006699E+00  -1.6260913760446357E-02
   2.3048048048048052E+01   1.0819103878800587E+00  -2.0084316545790071E-02
   2.3098098098098099E+01   1.0839219281106314E+00  -2.3886568704280419E-02
   2.3148148148148149E+01   1.0841511275642228E+00  -2.7675088896627290E-02
   2.3198198198198199E+01   1.0825497417403065E+00  -3.1461273844737431E-02
   2.3248248248248249E+01   1.0790934772438445E+00  -3.5260141869234977E-02
   2.3298298298298299E+01   1.0737904175106276E+00  -3.9088841460221728E-02
   2.3348348348348349E+01   1.0666881843376377E+00  -4.2963902028138913E-02
   2.3398398398398399E+01   1.0578777416120013E+00  -4.6897428384302518E-02
   2.3448448448448453E+01   1.0474923411794406E+00  -5.0892759526084394E-02
   2.3498498498498503E+01   1.0357011624916428E+00  -5.4940340932448366E-02
   2.3548548548548553E+01   1.0226984531483521E+00  -5.9014619882361098E-02
   2.3598598598598599E+01   1.0086900836094523E+00  -6.3072623887392903E-02
   2.3648648648648649E+01   9.9388004153730403E-01  -6.7054545042284683E-02
   2.3698698698698699E+01   9.7845930468464259E-01  -7.0886220055547983E-02
   2.3748748748748749E+01   9.6259877531987281E-01  -7.4483005044117839E-02
   2.3798798798798799E+01   9.4644679944085364E-01  -7.7754328830081890E-02
   2.3848848848848853E+01   9.3013063230271309E-01  -8.0608239408620885E-02
   2.3898898898898903E+01   9.1376042803739876E-01  -8.2955509339534911E-02
   2.3948948948948953E+01   8.9743413735809552E-01  -8.4713219493991590E-02
   2.3998998998999003E+01   8.8124206241329350E-01  -8.5808034878349898E-02
   2.4049049049049049E+01   8.6527049109855692E-01  -8.6179485309433410E-02
   2.4099099099099099E+01   8.4960445993239231E-01  -8.5783421716369421E-02
   2.4149149149149149E+01   8.3432998205038256E-01  -8.4595505335734150E-02
   2.4199199199199199E+01   8.1953593517003342E-01  -8.2614256012398357E-02
   2.4249249249249250E+01   8.0531538705075290E-01  -7.9862999765286116E-02
   2.4299299299299303E+01   7.9176575013525075E-01  -7.6390105007536957E-02
   2.4349349349349353E+01   7.7898709177174130E-01  -7.2267159298328526E-02
   2.4399399399399403E+01   7.6707829588375820E-01  -6.7585101838441727E-02
   2.4449449449449453E+01   7.5613145555975303E-01  -6.2448654776844748E-02
   2.4499499499499500E+01   7.4622557744718987E-01  -5.6969597248529340E-02
   2.4549549549549550E+01   7.3742106706884503E-01  -5.1259486222105799E-02
   2.4599599599599600E+01   7.2975632904208898E-01  -4.5422398100186778E-02
   2.4649649649649650E+01   7.2324717078457257E-01  -3.9548216108183792E-02
   2.4699699699699703E+01   7.1788878468076589E-01  -3.3706970350046862E-02
   2.4749749749749753E+01   7.1365927683284502E-01  -2.7944754285563644E-02
   2.4799799799799803E+01   7.1052335825983437E-01  -2.2281752128858197E-02
   2.4849849849849853E+01   7.0843507970097142E-01  -1.6712846775136198E-02
   2.4899899899899903E+01   7.0733926616452847E-01  -1.1211069763451202E-02
   2.4949949949949954E+01   7.0717224415905611E-01  -5.7337773954843274E-03
   2.5000000000000000E+01   7.0786311085954212E-01  -2.3094086380372352E-04
   2.5050050050050050E+01   7.0933683652318225E-01   5.3455444014169785E-03
   2.5100100100100100E+01   7.1151985854601985E-01   1.1032921269695972E-02
   2.5150150150150154E+01   7.1434776877713502E-01   1.6850371527562438E-02
   2.5200200200200204E+01   7.1777366531619013E-01   2.2794549804143957E-02
   2.5250250250250254E+01   7.2177517711202244E-01   2.8838235918693611E-02
   2.5300300300300304E+01   7.2635830924517120E-01   3.4931837637141423E-02
   2.5350350350350354E+01   7.3155703681107676E-01   4.1006983519018901E-02
   2.5400400400400404E+01   7.3742868476092394E-01   4.6981247315280548E-02
   2.5450450450450450E+01   7.4404615854527334E-01   5.2763160362038673E-02
   2.5500500500500500E+01   7.5148869516663797E-01   5.8257002859606971E-02
   2.5550550550550550E+01   7.5983283431550264E-01   6.3367252991755857E-02
   2.5600600600600604E+01   7.6914482975876641E-01   6.8002842672690994E-02
   2.5650650650650654E+01   7.7947496084008172E-01   7.2081411684840835E-02
   2.5700700700700704E+01   7.9085345787163908E-01   7.5533567487124337E-02
   2.5750750750750754E+01   8.0328728467059551E-01   7.8306852002728758E-02
   2.5800800800800804E+01   8.1675697813125370E-01   8.0368852618876122E-02
   2.5850850850850854E+01   8.3121312839285877E-01   8.1708819075783520E-02
   2.5900900900900901E+01   8.4657273791183729E-01   8.2337326057457305E-02
   2.5950950950950951E+01   8.6271635234344379E-01   8.2283908806347394E-02
   2.6001001001001004E+01   8.7948721323235968E-01   8.1593059897649589E-02
   2.6051051051051054E+01   8.9669354042239613E-01   8.0319337030973215E-02
   2.6101101101101108E+01   9.1411441153930784E-01   7.8522458358960850E-02
   2.6151151151151154E+01   9.3150879736262793E-01   7.6263114887715464E-02
   2.6201201201201201E+01   9.4862650566326878E-01   7.3599886688696867E-02
   2.6251251251251254E+01   9.6521941459524874E-01   7.0587267985374527E-02
   2.6301301301301301E+01   9.8105156446883168E-01   6.7274544046719745E-02
   2.6351351351351354E+01   9.9590728024499064E-01   6.3705204334838825E-02
   2.6401401401401401E+01   1.0095971920287463E+00   5.9916698960246255E-02
   2.6451451451451454E+01   1.0219624794823550E+00   5.5940544833335201E-02
   2.6501501501501505E+01   1.0328777184958888E+00   5.1802939029302511E-02
   2.6551551551551558E+01   1.0422524052074646E+00   4.7526054518623476E-02
   2.6601601601601605E+01   1.0500307964550506E+00   4.3130062559076400E-02
   2.6651651651651651E+01   1.0561894180056726E+00   3.8635697061685834E-02
   2.6701701701701705E+01   1.0607316702509506E+00   3.4066936851301535E-02
   2.6751751751751751E+01   1.0636794730035055E+00   2.9453223249792035E-02
   2.6801801801801805E+01   1.0650627217538191E+00   2.4830619564794824E-02
   2.6851851851851851E+01   1.0649082106667984E+00   2.0241479496092927E-02
   2.6901901901901905E+01   1.0632302822068600E+00   1.5732495903210686E-02
   2.6951951951951955E+01   1.0600255148589730E+00   1.1351376677299220E-02
   2.7002002002002008E+01   1.0552731477857815E+00   7.1427407193323921E-03
   2.7052052052052055E+01   1.0489417683202913E+00   3.1440468777642508E-03
   2.7102102102102101E+01   1.0410013481525073E+00  -6.1760312653293852E-04
   2.7152152152152155E+01   1.0314383997007834E+00  -4.1271247751111578E-03
   2.7202202202202201E+01   1.0202712108057364E+00  -7.3812560297754964E-03
   2.7252252252252255E+01   1.0075620543376340E+00  -1.0386619744262479E-02
   2.7302302302302305E+01   9.9342401056531004E-01  -1.3156559248735487E-02
   2.7352352352352355E+01   9.7802140308190522E-01  -1.5707525466851974E-02
   2.7402402402402405E+01   9.6156444482167680E-01  -1.8055822257011755E-02
   2.7452452452452459E+01   9.4430001966207644E-01  -2.0215280450260296E-02
   2.7502502502502505E+01   9.2650114220762481E-01  -2.2195992662808899E-02
   2.7552552552552552E+01   9.0845733591119859E-01  -2.4003756890983451E-02
   2.7602602602602605E+01   8.9046709038425764E-01  -2.5639552250712214E-02
   2.7652652652652652E+01   8.7283216333083391E-01  -2.7098374803501132E-02
   2.7702702702702705E+01   8.5585237623537114E-01  -2.8367143344452974E-02
   2.7752752752752755E+01   8.3981918950143597E-01  -2.9422027531302953E-02
   2.7802802802802805E+01   8.2500687819756735E-01  -3.0226200437976410E-02
   2.7852852852852855E+01   8.1166132222239395E-01  -3.0729378901045892E-02
   2.7902902902902909E+01   7.9998775515010878E-01  -3.0870373916485831E-02
   2.7952952952952955E+01   7.9013971381330006E-01  -3.0583200237835419E-02
   2.8003003003003002E+01   7.8221151680923873E-01  -2.9806278842764138E-02
   2.8053053053053056E+01   7.7623584021465919E-01  -2.8493258193597323E-02
   2.8103103103103102E+01   7.7218666182324514E-01  -2.6623351590194768E-02
   2.8153153153153156E+01   7.6998651391161288E-01  -2.4209070428972437E-02
   2.8203203203203206E+01   7.6951609521282804E-01  -2.1299820038021871E-02
   2.8253253253253259E+01   7.7062411089201477E-01  -1.7980786172560888E-02
   2.8303303303303306E+01   7.7313571495528632E-01  -1.4367540502260828E-02
   2.8353353353353359E+01   7.7685886131809012E-01  -1.0597537574861329E-02
   2.8403403403403406E+01   7.8158884574514809E-01  -6.8200103826126790E-03
   2.8453453453453452E+01   7.8711198261797111E-01  -3.1857059024760766E-03
   2.8503503503503506E+01   7.9320949654971218E-01   1.6243694957962014E-04
   2.8553553553553552E+01   7.9966232302789397E-01   3.0970040096478823E-03
   2.8603603603603606E+01   8.0625681248494374E-01   5.5119437892946566E-03
   2.8653653653653656E+01   8.1279064040119597E-01   7.3265072608271085E-03
   2.8703703703703709E+01   8.1907784287542407E-01   8.4873801700572852E-03
   2.8753753753753756E+01   8.2495197905369166E-01   8.9691161827683084E-03
   2.8803803803803810E+01   8.3026692376823530E-01   8.7729799673722814E-03
   2.8853853853853856E+01   8.3489549937269880E-01   7.9243527816762836E-03
   2.8903903903903910E+01   8.3872677812147323E-01   6.4689558238215173E-03
   2.8953953953953956E+01   8.4166319068512607E-01   4.4682788958019977E-03
   2.9004004004004003E+01   8.4361846999102552E-01   1.9947073953359776E-03
   2.9054054054054056E+01   8.4451701495963960E-01  -8.7313371666913116E-04
   2.9104104104104106E+01   8.4429466749098103E-01  -4.0543787701020888E-03
   2.9154154154154160E+01   8.4290038362025566E-01  -7.4689910943978987E-03
   2.9204204204204206E+01   8.4029801964398254E-01  -1.1039844154955162E-02
   2.9254254254254260E+01   8.3646751281654630E-01  -1.4693952891721766E-02
   2.9304304304304306E+01   8.3140506180717400E-01  -1.8363126085018385E-02
   2.9354354354354360E+01   8.2512236201812927E-01  -2.1984346713154204E-02
   2.9404404404404406E+01   8.1764534767535191E-01  -2.5500127057541021E-02
   2.9454454454454456E+01   8.0901308766060220E-01  -2.8858956258680589E-02
   2.9504504504504506E+01   7.9927740668044134E-01  -3.2015806385724738E-02
   2.9554554554554556E+01   7.8850348993870456E-01  -3.4932539354726802E-02
   2.9604604604604610E+01   7.7677129514731169E-01  -3.7578000538185233E-02
   2.9654654654654657E+01   7.6417719624769398E-01  -3.9927612631098654E-02
   2.9704704704704710E+01   7.5083505643014803E-01  -4.1962386631607167E-02
   2.9754754754754757E+01   7.3687594889709196E-01  -4.3667416126253994E-02
   2.9804804804804810E+01   7.2244600588994057E-01  -4.5030075686470342E-02
   2.9854854854854857E+01   7.0770230174804027E-01  -4.6038262620216576E-02
   2.9904904904904907E+01   6.9280714408121413E-01  -4.6679070165800203E-02
   2.9954954954954957E+01   6.7792153293556967E-01  -4.6938240664238504E-02
   3.0005005005005007E+01   6.6319875295781971E-01  -4.6800619895868513E-02
   3.0055055055055060E+01   6.4877904006493292E-01  -4.6251640937379747E-02
   3.0105105105105107E+01   6.3478602389688243E-01  -4.5279649325537706E-02
   3.0155155155155160E+01   6.2132525721412679E-01  -4.3878693167587697E-02
   3.0205205205205207E+01   6.0848470612962657E-01  -4.2051289870946258E-02
   3.0255255255255260E+01   5.9633669997228733E-01  -3.9810673015658028E-02
   3.0305305305305307E+01   5.8494061156715926E-01  -3.7182116659645187E-02
   3.0355355355355357E+01   5.7434549612080066E-01  -3.4203100467294259E-02
   3.0405405405405407E+01   5.6459204603301216E-01  -3.0922272660611320E-02
   3.0455455455455457E+01   5.5571346597007687E-01  -2.7397345516813474E-02
   3.0505505505505511E+01   5.4773516577047754E-01  -2.3692190866610677E-02
   3.0555555555555557E+01   5.4067344138798579E-01  -1.9873479939859086E-02
   3.0605605605605611E+01   5.3453351888222977E-01  -1.6007235921351910E-02
   3.0655655655655657E+01   5.2930744994817491E-01  -1.2155647325158905E-02
   3.0705705705705711E+01   5.2497236597070618E-01  -8.3744338261224852E-03
   3.0755755755755757E+01   5.2148953053063829E-01  -4.7109699634040802E-03
   3.0805805805805807E+01   5.1880449506702553E-01  -1.2032642934930460E-03
   3.0855855855855861E+01   5.1684848235655045E-01   2.1202243507352915E-03
   3.0905905905905907E+01   5.1554092642663352E-01   5.2400568157782495E-03
   3.0955955955955961E+01   5.1479291795598803E-01   8.1447674070656215E-03
   3.1006006006006007E+01   5.1451117227768883E-01   1.0829529443820584E-02
   3.1056056056056061E+01   5.1460207533937230E-01   1.3294745426723523E-02
   3.1106106106106107E+01   5.1497537907198365E-01   1.5544724496543228E-02
   3.1156156156156161E+01   5.1554720240441199E-01   1.7586542293193150E-02
   3.1206206206206208E+01   5.1624212511499823E-01   1.9429111622648435E-02
   3.1256256256256258E+01   5.1699431016775865E-01   2.1082440320682683E-02
   3.1306306306306311E+01   5.1774772890915632E-01   2.2557022737645968E-02
   3.1356356356356358E+01   5.1845567183186470E-01   2.3863304868456142E-02
   3.1406406406406411E+01   5.1907979325242759E-01   2.5011177534947231E-02
   3.1456456456456458E+01   5.1958895672077021E-01   2.6009481409102572E-02
   3.1506506506506511E+01   5.1995812129059571E-01   2.6865544022271027E-02
   3.1556556556556558E+01   5.2016744443000396E-01   2.7584802730530177E-02
   3.1606606606606611E+01   5.2020168772831343E-01   2.8170589243185100E-02
   3.1656656656656658E+01   5.2004991307939030E-01   2.8624152976040654E-02
   3.1706706706706711E+01   5.1970536833730074E-01   2.8944978427516980E-02
   3.1756756756756761E+01   5.1916540044646498E-01   2.9131407886509988E-02
   3.1806806806806808E+01   5.1843121424978955E-01   2.9181522849516743E-02
   3.1856856856856862E+01   5.1750732228755092E-01   2.9094177918801440E-02
   3.1906906906906908E+01   5.1640060073520144E-01   2.8870033977581061E-02
   3.1956956956956962E+01   5.1511896510141419E-01   2.8512415935645154E-02
   3.2007007007007012E+01   5.1366978483204917E-01   2.8027832333669747E-02
   3.2057057057057065E+01   5.1205824401128319E-01   2.7426040317190873E-02
   3.2107107107107112E+01   5.1028590421885756E-01   2.6719612545953609E-02
   3.2157157157157165E+01   5.0834972195856809E-01   2.5923048241090266E-02
   3.2207207207207212E+01   5.0624171560470710E-01   2.5051550971225474E-02
   3.2257257257257258E+01   5.0394937675963214E-01   2.4119654043859840E-02
   3.2307307307307312E+01   5.0145679918713659E-01   2.3139898869729478E-02
   3.2357357357357358E+01   4.9874638025010182E-01   2.2121758793729421E-02
   3.2407407407407412E+01   4.9580085826667036E-01   2.1070955349862839E-02
   3.2457457457457458E+01   4.9260540061100827E-01   1.9989246702897163E-02
   3.2507507507507512E+01   4.8914945819152050E-01   1.8874693084909348E-02
   3.2557557557557558E+01   4.8542814881360391E-01   1.7722334682070653E-02
   3.2607607607607612E+01   4.8144301373186660E-01   1.6525164055204482E-02
   3.2657657657657658E+01   4.7720209248541146E-01   1.5275244094238603E-02
   3.2707707707707705E+01   4.7271936334501041E-01   1.3964815957376173E-02
   3.2757757757757759E+01   4.6801368403056426E-01   1.2587258181774870E-02
   3.2807807807807812E+01   4.6310742686355560E-01   1.1137794091369425E-02
   3.2857857857857866E+01   4.5802502637216425E-01   9.6138934370237870E-03
   3.2907907907907912E+01   4.5279164382361548E-01   8.0153679184926385E-03
   3.2957957957957966E+01   4.4743210675855888E-01   6.3442101227259400E-03
   3.3008008008008012E+01   4.4197021238935341E-01   4.6042631944155496E-03
   3.3058058058058066E+01   4.3642840546117839E-01   2.8008278795807096E-03
   3.3108108108108112E+01   4.3082776877742346E-01   9.4031136238537539E-04
   3.3158158158158159E+01   4.2518821126220968E-01  -9.7000048477615156E-04
   3.3208208208208212E+01   4.1952871313412682E-01  -2.9220042416914188E-03
   3.3258258258258259E+01   4.1386749359586583E-01  -4.9066763357290899E-03
   3.3308308308308312E+01   4.0822200027769140E-01  -6.9138538529800479E-03
   3.3358358358358359E+01   4.0260867306660036E-01  -8.9319795173911816E-03
   3.3408408408408413E+01   3.9704249606827835E-01  -1.0947907728827241E-02
   3.3458458458458459E+01   3.9153640752594465E-01  -1.2946863959548922E-02
   3.3508508508508513E+01   3.8610067740727821E-01  -1.4912625312846952E-02
   3.3558558558558559E+01   3.8074237863321753E-01  -1.6827950456073812E-02
   3.3608608608608613E+01   3.7546506815074299E-01  -1.8675240342816320E-02
   3.3658658658658659E+01   3.7026876112684770E-01  -2.0437366517973583E-02
   3.3708708708708713E+01   3.6515023280679987E-01  -2.2098570232291587E-02
   3.3758758758758766E+01   3.6010362810600255E-01  -2.3645319504377385E-02
   3.3808808808808813E+01   3.5512130934701097E-01  -2.5067015263866864E-02
   3.3858858858858866E+01   3.5019483655910305E-01  -2.6356460185706511E-02
   3.3908908908908913E+01   3.4531595793799680E-01  -2.7510039642313452E-02
   3.3958958958958966E+01   3.4047749186403414E-01  -2.8527606142321259E-02
   3.4009009009009013E+01   3.3567400390484747E-01  -2.9412099142461123E-02
   3.4059059059059059E+01   3.3090221721582724E-01  -3.0168964833864213E-02
   3.4109109109109113E+01   3.2616113590605161E-01  -3.0805461144782491E-02
   3.4159159159159159E+01   3.2145190130588619E-01  -3.1329939915221316E-02
   3.4209209209209213E+01   3.1677743466391151E-01  -3.1751191375837096E-02
   3.4259259259259260E+01   3.1214194233893905E-01  -3.2077917902040537E-02
   3.4309309309309313E+01   3.0755036885312631E-01  -3.2318377999754219E-02
   3.4359359359359360E+01   3.0300787918882904E-01  -3.2480211857468660E-02
   3.4409409409409413E+01   2.9851943631672928E-01  -3.2570431046405807E-02
   3.4459459459459460E+01   2.9408951649160481E-01  -3.2595531221659882E-02
   3.4509509509509513E+01   2.8972197759153073E-01  -3.2561671252762082E-02
   3.4559559559559560E+01   2.8542006916311863E-01  -3.2474857020782809E-02
   3.4609609609609613E+01   2.8118655085764233E-01  -3.2341073444713826E-02
   3.4659659659659667E+01   2.7702387154946834E-01  -3.2166322762416544E-02
   3.4709709709709713E+01   2.7293435615673906E-01  -3.1956547924513058E-02
   3.4759759759759767E+01   2.6892035104331546E-01  -3.1717443524211450E-02
   3.4809809809809813E+01   2.6498429048544941E-01  -3.1454179101481620E-02
   3.4859859859859867E+01   2.6112866359662623E-01  -3.1171077419434309E-02
   3.4909909909909913E+01   2.5735588028729339E-01  -3.0871300779123655E-02
   3.4959959959959967E+01   2.5366805316571633E-01  -3.0556600181129465E-02
   3.5010010010010014E+01   2.5006672700011673E-01  -3.0227175070247744E-02
   3.5060060060060060E+01   2.4655259643148994E-01  -2.9881676747525003E-02
   3.5110110110110114E+01   2.4312525499680748E-01  -2.9517368667331467E-02
   3.5160160160160160E+01   2.3978301420948209E-01  -2.9130434904124796E-02
   3.5210210210210214E+01   2.3652282147398357E-01  -2.8716407517709399E-02
   3.5260260260260260E+01   2.3334029181226282E-01  -2.8270667540320805E-02
   3.5310310310310314E+01   2.3022985305296578E-01  -2.7788965208420793E-02
   3.5360360360360360E+01   2.2718498966129461E-01  -2.7267903994817343E-02
   3.5410410410410414E+01   2.2419855883719939E-01  -2.6705339699045628E-02
   3.5460460460460467E+01   2.2126314532795160E-01  -2.6100658792883032E-02
   3.5510510510510514E+01   2.1837141923137451E-01  -2.5454916964445799E-02
   3.5560560560560567E+01   2.1551646372944247E-01  -2.4770836552743928E-02
   3.5610610610610614E+01   2.1269204631161495E-01  -2.4052677661639689E-02
   3.5660660660660668E+01   2.0989281627245729E-01  -2.3306010108012986E-02
   3.5710710710710714E+01   2.0711442154136567E-01  -2.2537420731501733E-02
   3.5760760760760768E+01   2.0435354771534545E-01  -2.1754192588010979E-02
   3.5810810810810814E+01   2.0160789026555836E-01  -2.0963989571417985E-02
   3.5860860860860868E+01   1.9887607641196881E-01  -2.0174573073321274E-02
   3.5910910910910914E+01   1.9615755569809490E-01  -1.9393567807452241E-02
   3.5960960960960961E+01   1.9345247788875505E-01  -1.8628283473611545E-02
   3.6011011011011014E+01   1.9076157388858983E-01  -1.7885589063684312E-02
   3.6061061061061061E+01   1.8808605066276216E-01  -1.7171828657939984E-02
   3.6111111111111114E+01   1.8542750552955556E-01  -1.6492762508107849E-02
   3.6161161161161161E+01   1.8278785962134492E-01  -1.5853515585040674E-02
   3.6211211211211214E+01   1.8016930561905184E-01  -1.5258517611736187E-02
   3.6261261261261261E+01   1.7757426170129756E-01  -1.4711423448234532E-02
   3.6311311311311314E+01   1.7500532238611929E-01  -1.4215009672407040E-02
   3.6361361361361368E+01   1.7246519764791149E-01  -1.3771051153735713E-02
   3.6411411411411414E+01   1.6995663413740333E-01  -1.3380189066251763E-02
   3.6461461461461468E+01   1.6748231604463029E-01  -1.3041807903398464E-02
   3.6511511511511515E+01   1.6504474748482520E-01  -1.2753942631184359E-02
   3.6561561561561568E+01   1.6264612254809807E-01  -1.2513237493911703E-02
   3.6611611611611615E+01   1.6028819266385946E-01  -1.2314974971531794E-02
   3.6661661661661668E+01   1.5797214314748759E-01  -1.2153187278190284E-02
   3.6711711711711715E+01   1.5569849138048847E-01  -1.2020854357215061E-02
   3.6761761761761768E+01   1.5346701793421591E-01  -1.1910182710887111E-02
   3.6811811811811815E+01   1.5127673924402488E-01  -1.1812949954721912E-02
   3.6861861861861861E+01   1.4912592656265788E-01  -1.1720892054987881E-02
   3.6911911911911915E+01   1.4701217141539877E-01  -1.1626104921099535E-02
   3.6961961961961961E+01   1.4493249326254423E-01  -1.1521430095712638E-02
   3.7012012012012015E+01   1.4288348113794239E-01  -1.1400795902337153E-02
   3.7062062062062061E+01   1.4086145815152726E-01  -1.1259490218822247E-02
   3.7112112112112115E+01   1.3886265621511892E-01  -1.1094348236415842E-02
   3.7162162162162168E+01   1.3688338826114566E-01  -1.0903847041042200E-02
   3.7212212212212215E+01   1.3492020645750241E-01  -1.0688107434034158E-02
   3.7262262262262269E+01   1.3297003719860473E-01  -1.0448811022890254E-02
   3.7312312312312315E+01   1.3103028658793053E-01  -1.0189046448670197E-02
   3.7362362362362369E+01   1.2909891329844050E-01  -9.9131022099252057E-03
   3.7412412412412415E+01   1.2717446870664062E-01  -9.6262247876714897E-03
   3.7462462462462469E+01   1.2525610672103510E-01  -9.3343598845984262E-03
   3.7512512512512515E+01   1.2334356755001986E-01  -9.0438920182829407E-03
   3.7562562562562569E+01   1.2143714068095697E-01  -8.7613940537211738E-03
   3.7612612612612615E+01   1.1953761258932910E-01  -8.4933941788746508E-03
   3.7662662662662669E+01   1.1764620427958455E-01  -8.2461639402916752E-03
   3.7712712712712715E+01   1.1576450286259982E-01  -8.0255277856158980E-03
   3.7762762762762769E+01   1.1389439022114081E-01  -7.8366924755034709E-03
   3.7812812812812815E+01   1.1203797063136352E-01  -7.6840939152225188E-03
   3.7862862862862862E+01   1.1019749819630972E-01  -7.5712594069146256E-03
   3.7912912912912915E+01   1.0837530425723850E-01  -7.5006848416887869E-03
   3.7962962962962962E+01   1.0657372466444044E-01  -7.4737285834747752E-03
   3.8013013013013015E+01   1.0479502692157711E-01  -7.4905262804074802E-03
   3.8063063063063069E+01   1.0304133770709917E-01  -7.5499330621711805E-03
   3.8113113113113116E+01   1.0131457200575211E-01  -7.6495010522835616E-03
   3.8163163163163169E+01   9.9616365897413586E-02  -7.7855004452134962E-03
   3.8213213213213223E+01   9.7948015780653597E-02  -7.9529913291249317E-03
   3.8263263263263269E+01   9.6310427297897086E-02  -8.1459509393684709E-03
   3.8313313313313316E+01   9.4704077357181018E-02  -8.3574572925248260E-03
   3.8363363363363369E+01   9.3128992346104680E-02  -8.5799255724370808E-03
   3.8413413413413416E+01   9.1584744905130300E-02  -8.8053887753045002E-03
   3.8463463463463469E+01   9.0070470533607949E-02  -9.0258096076574999E-03
   3.8513513513513516E+01   8.8584903961919176E-02  -9.2334070870014346E-03
   3.8563563563563569E+01   8.7126433793207295E-02  -9.4209792181151972E-03
   3.8613613613613616E+01   8.5693172567730042E-02  -9.5822028041776652E-03
   3.8663663663663669E+01   8.4283038288984036E-02  -9.7118929472642425E-03
   3.8713713713713716E+01   8.2893842695613243E-02  -9.8062078919842702E-03
   3.8763763763763762E+01   8.1523381238105833E-02  -9.8627891546728512E-03
   3.8813813813813816E+01   8.0169519838134418E-02  -9.8808318110051498E-03
   3.8863863863863862E+01   7.8830274029610667E-02  -9.8610847993599073E-03
   3.8913913913913916E+01   7.7503876918048401E-02  -9.8057855972574718E-03
   3.8963963963963970E+01   7.6188833433923894E-02  -9.7185372259818957E-03
   3.9014014014014023E+01   7.4883959471097439E-02  -9.6041379794204289E-03
   3.9064064064064070E+01   7.3588405574443905E-02  -9.4683754777656649E-03
   3.9114114114114123E+01   7.2301665773534488E-02  -9.3177966960505103E-03
   3.9164164164164170E+01   7.1023572883333802E-02  -9.1594647194205812E-03
   3.9214214214214216E+01   6.9754282074102933E-02  -9.0007114226863267E-03
   3.9264264264264270E+01   6.8494244750139474E-02  -8.8488933889884179E-03
   3.9314314314314316E+01   6.7244174798518769E-02  -8.7111564930315993E-03
   3.9364364364364370E+01   6.6005009124100816E-02  -8.5942129569124941E-03
   3.9414414414414416E+01   6.4777864137860963E-02  -8.5041335481213613E-03
   3.9464464464464470E+01   6.3563989577463884E-02  -8.4461570456757732E-03
   3.9514514514514516E+01   6.2364720771845322E-02  -8.4245191662756114E-03
   3.9564564564564570E+01   6.1181430262290316E-02  -8.4423037312043418E-03
   3.9614614614614617E+01   6.0015479589809517E-02  -8.5013197890423439E-03
   3.9664664664664663E+01   5.8868172060137787E-02  -8.6020094415731260E-03
   3.9714714714714717E+01   5.7740707390147146E-02  -8.7433919639527940E-03
   3.9764764764764770E+01   5.6634139291366070E-02  -8.9230501781441453E-03
   3.9814814814814817E+01   5.5549337213257756E-02  -9.1371646866009928E-03
   3.9864864864864870E+01   5.4486953600642103E-02  -9.3806003423796379E-03
   3.9914914914914924E+01   5.3447398067978463E-02  -9.6470471840394371E-03
   3.9964964964964970E+01   5.2430819819995318E-02  -9.9292151019822888E-03
   4.0015015015015024E+01   5.1437099431725954E-02  -1.0219077971917333E-02
   4.0065065065065070E+01   5.0465850740639889E-02  -1.0508159253184535E-02
   4.0115115115115117E+01   4.9516433120414913E-02  -1.0787847537793584E-02
   4.0165165165165170E+01   4.8587973840841313E-02  -1.1049727690215666E-02
   4.0215215215215217E+01   4.7679399626329867E-02  -1.1285911415346097E-02
   4.0265265265265271E+01   4.6789475967722718E-02  -1.1489350584197516E-02
   4.0315315315315317E+01   4.5916852277155189E-02  -1.1654117517624433E-02
   4.0365365365365371E+01   4.5060110651093221E-02  -1.1775638580376816E-02
   4.0415415415415417E+01   4.4217815852497989E-02  -1.1850870611193307E-02
   4.0465465465465471E+01   4.3388564148501035E-02  -1.1878413532489586E-02
   4.0515515515515517E+01   4.2571028833259909E-02  -1.1858556513979027E-02
   4.0565565565565564E+01   4.1764000597058933E-02  -1.1793258888456219E-02
   4.0615615615615617E+01   4.0966421329970505E-02  -1.1686070284663124E-02
   4.0665665665665671E+01   4.0177410423188842E-02  -1.1541996911008981E-02
   4.0715715715715724E+01   3.9396283105869831E-02  -1.1367322482774439E-02
   4.0765765765765771E+01   3.8622560788643137E-02  -1.1169392948317581E-02
   4.0815815815815824E+01   3.7855973746073676E-02  -1.0956374058222361E-02
   4.0865865865865871E+01   3.7096456741151106E-02  -1.0736990134710972E-02
   4.0915915915915924E+01   3.6344138370344919E-02  -1.0520251379869500E-02
   4.0965965965965971E+01   3.5599324994757674E-02  -1.0315175962564307E-02
   4.1016016016016025E+01   3.4862480137660051E-02  -1.0130512175604241E-02
   4.1066066066066071E+01   3.4134200193594283E-02  -9.9744653392913000E-03
   4.1116116116116117E+01   3.3415187234136480E-02  -9.8544339597489601E-03
   4.1166166166166171E+01   3.2706219634168227E-02  -9.7767599639063014E-03
   4.1216216216216218E+01   3.2008121199679537E-02  -9.7464985739215727E-03
   4.1266266266266271E+01   3.1321729466585971E-02  -9.7672144124573337E-03
   4.1316316316316318E+01   3.0647863864340267E-02  -9.8408115320565547E-03
   4.1366366366366371E+01   2.9987294493965325E-02  -9.9674059681884430E-03
   4.1416416416416418E+01   2.9340712345084594E-02  -1.0145249834853501E-02
   4.1466466466466471E+01   2.8708701851650639E-02  -1.0370715639700040E-02
   4.1516516516516518E+01   2.8091716738788547E-02  -1.0638348181164459E-02
   4.1566566566566571E+01   2.7490060120624663E-02  -1.0940989000133588E-02
   4.1616616616616625E+01   2.6903869751862111E-02  -1.1269974934549060E-02
   4.1666666666666671E+01   2.6333109201924314E-02  -1.1615408071865712E-02
   4.1716716716716725E+01   2.5777565507267425E-02  -1.1966489672123019E-02
   4.1766766766766771E+01   2.5236853573690154E-02  -1.2311905923757149E-02
   4.1816816816816825E+01   2.4710427265708379E-02  -1.2640249230831615E-02
   4.1866866866866872E+01   2.4197596762610109E-02  -1.2940455623358433E-02
   4.1916916916916925E+01   2.3697551413911524E-02  -1.3202237230042161E-02
   4.1966966966966972E+01   2.3209387024187168E-02  -1.3416488772830365E-02
   4.2017017017017018E+01   2.2732136267687789E-02  -1.3575648733480428E-02
   4.2067067067067072E+01   2.2264800797249729E-02  -1.3673998983921014E-02
   4.2117117117117118E+01   2.1806383578963136E-02  -1.3707890866197538E-02
   4.2167167167167172E+01   2.1355920051184564E-02  -1.3675890447693616E-02
   4.2217217217217218E+01   2.0912506860232830E-02  -1.3578840432187437E-02
   4.2267267267267272E+01   2.0475327143856276E-02  -1.3419840502138080E-02
   4.2317317317317318E+01   2.0043671591176090E-02  -1.3204151345634643E-02
   4.2367367367367372E+01   1.9616954777445125E-02  -1.2939030079486226E-02
   4.2417417417417418E+01   1.9194726529510906E-02  -1.2633506175690503E-02
   4.2467467467467472E+01   1.8776678304460316E-02  -1.2298107433646848E-02
   4.2517517517517526E+01   1.8362644747440135E-02  -1.1944545227175984E-02
   4.2567567567567572E+01   1.7952600730081932E-02  -1.1585367475127858E-02
   4.2617617617617626E+01   1.7546654259898969E-02  -1.1233586845207009E-02
   4.2667667667667672E+01   1.7145035700401191E-02  -1.0902290898970083E-02
   4.2717717717717726E+01   1.6748083762094346E-02  -1.0604240473473714E-02
   4.2767767767767772E+01   1.6356228728421782E-02  -1.0351462752667788E-02
   4.2817817817817826E+01   1.5969973380452907E-02  -1.0154846298725510E-02
   4.2867867867867872E+01   1.5589872090381785E-02  -1.0023746772739220E-02
   4.2917917917917919E+01   1.5216508574189665E-02  -9.9656140421453213E-03
   4.2967967967967972E+01   1.4850472831496450E-02  -9.9856535980113684E-03
   4.3018018018018019E+01   1.4492337854260701E-02  -1.0086537330777821E-02
   4.3068068068068072E+01   1.4142636749361543E-02  -1.0268180298677062E-02
   4.3118118118118119E+01   1.3801840982698954E-02  -1.0527600693154610E-02
   4.3168168168168172E+01   1.3470340500652114E-02  -1.0858879313316245E-02
   4.3218218218218219E+01   1.3148426503574619E-02  -1.1253232169405609E-02
   4.3268268268268272E+01   1.2836277621415043E-02  -1.1699205200961288E-02
   4.3318318318318326E+01   1.2533950162895829E-02  -1.2182993643148485E-02
   4.3368368368368373E+01   1.2241372972082437E-02  -1.2688880734874765E-02
   4.3418418418418426E+01   1.1958347232300858E-02  -1.3199781955635741E-02
   4.3468468468468473E+01   1.1684551318096155E-02  -1.3697872738187847E-02
   4.3518518518518526E+01   1.1419550529704094E-02  -1.4165270640955132E-02
   4.3568568568568573E+01   1.1162811275155164E-02  -1.4584738191637928E-02
   4.3618618618618626E+01   1.0913719018558837E-02  -1.4940370679811379E-02
   4.3668668668668673E+01   1.0671599113440632E-02  -1.5218234335723205E-02
   4.3718718718718726E+01   1.0435739505847298E-02  -1.5406924394541837E-02
   4.3768768768768773E+01   1.0205414233718334E-02  -1.5498018912943688E-02
   4.3818818818818826E+01   9.9799066677447659E-03  -1.5486411992856707E-02
   4.3868868868868873E+01   9.7585315266444424E-03  -1.5370518268188428E-02
   4.3918918918918919E+01   9.5406548414740614E-03  -1.5152348170105736E-02
   4.3968968968968973E+01   9.3257112200777186E-03  -1.4837459847191588E-02
   4.4019019019019019E+01   9.1132179537609537E-03  -1.4434798206459556E-02
   4.4069069069069073E+01   8.9027856952421987E-03  -1.3956434199192021E-02
   4.4119119119119119E+01   8.6941256051372793E-03  -1.3417218324641097E-02
   4.4169169169169173E+01   8.4870530038971305E-03  -1.2834361706878650E-02
   4.4219219219219227E+01   8.2814876726923121E-03  -1.2226956497622459E-02
   4.4269269269269280E+01   8.0774510204192178E-03  -1.1615445316027260E-02
   4.4319319319319327E+01   7.8750603788489328E-03  -1.1021047499292341E-02
   4.4369369369369373E+01   7.6745207106763327E-03  -1.0465148600271361E-02
   4.4419419419419427E+01   7.4761140240822256E-03  -9.9686592399348527E-03
   4.4469469469469473E+01   7.2801867909674956E-03  -9.5513504006917074E-03
   4.4519519519519527E+01   7.0871356722015466E-03  -9.2311746874501350E-03
   4.4569569569569573E+01   6.8973918684915184E-03  -9.0235869701789460E-03
   4.4619619619619627E+01   6.7114044440334817E-03  -8.9408829280736204E-03
   4.4669669669669673E+01   6.5296230133154503E-03  -8.9915798698597116E-03
   4.4719719719719727E+01   6.3524802373315465E-03  -9.1798700710008247E-03
   4.4769769769769773E+01   6.1803746384907010E-03  -9.5051817603321390E-03
   4.4819819819819820E+01   6.0136543046261830E-03  -9.9618856415648726E-03
   4.4869869869869873E+01   5.8526020998419101E-03  -1.0539184252287413E-02
   4.4919919919919920E+01   5.6974230199817264E-03  -1.1221216535819060E-02
   4.4969969969969974E+01   5.5482343101872231E-03  -1.1987400178697373E-02
   4.5020020020020020E+01   5.4050588911325062E-03  -1.2813019717836823E-02
   4.5070070070070074E+01   5.2678225144682225E-03  -1.3670050207565423E-02
   4.5120120120120127E+01   5.1363548899070032E-03  -1.4528186307678126E-02
   4.5170170170170181E+01   5.0103948081002842E-03  -1.5356027615678646E-02
   4.5220220220220227E+01   4.8895990448502612E-03  -1.6122355731287633E-02
   4.5270270270270274E+01   4.7735545984440358E-03  -1.6797429347433550E-02
   4.5320320320320327E+01   4.6617936093449972E-03  -1.7354222119917623E-02
   4.5370370370370374E+01   4.5538101629172337E-03  -1.7769534397948442E-02
   4.5420420420420427E+01   4.4490780964065715E-03  -1.8024922973136188E-02
   4.5470470470470474E+01   4.3470689260189993E-03  -1.8107410621290679E-02
   4.5520520520520527E+01   4.2472690731793702E-03  -1.8009956594946419E-02
   4.5570570570570574E+01   4.1491956869335062E-03  -1.7731687619353100E-02
   4.5620620620620628E+01   4.0524105127307409E-03  -1.7277904121417560E-02
   4.5670670670670674E+01   3.9565314257933642E-03  -1.6659886988017097E-02
   4.5720720720720720E+01   3.8612414111379848E-03  -1.5894535632134641E-02
   4.5770770770770774E+01   3.7662949174925154E-03  -1.5003868867080118E-02
   4.5820820820820821E+01   3.6715216295942206E-03  -1.4014416942735634E-02
   4.5870870870870874E+01   3.5768277887020783E-03  -1.2956527281191439E-02
   4.5920920920920928E+01   3.4821952451494849E-03  -1.1863599243454122E-02
   4.5970970970970974E+01   3.3876784532655630E-03  -1.0771255879534324E-02
   4.6021021021021028E+01   3.2933996239773804E-03  -9.7164541410617710E-03
   4.6071071071071081E+01   3.1995422408955289E-03  -8.7365304040904566E-03
   4.6121121121121128E+01   3.1063431289940083E-03  -7.8681761738092319E-03
   4.6171171171171174E+01   3.0140832481878096E-03  -7.1463402348306794E-03
   4.6221221221221228E+01   2.9230773736865917E-03  -6.6030588654629853E-03
   4.6271271271271274E+01   2.8336628266004771E-03  -6.2662254494600909E-03
   4.6321321321321328E+01   2.7461874363384673E-03  -6.1583249326428672E-03
   4.6371371371371374E+01   2.6609969535783505E-03  -6.2951765238478145E-03
   4.6421421421421428E+01   2.5784221891996854E-03  -6.6847483887330769E-03
   4.6471471471471475E+01   2.4987662273050358E-03  -7.3261282711450538E-03
   4.6521521521521528E+01   2.4222921416869186E-03  -8.2087502624559588E-03
   4.6571571571571575E+01   2.3492117223884246E-03  -9.3119856932706267E-03
   4.6621621621621621E+01   2.2796757756130817E-03  -1.0605200580851763E-02
   4.6671671671671675E+01   2.2137665771459845E-03  -1.2048359578327105E-02
   4.6721721721721721E+01   2.1514930190299000E-03  -1.3593215907757358E-02
   4.6771771771771775E+01   2.0927888801643485E-03  -1.5185071202059603E-02
   4.6821821821821828E+01   2.0375144735854797E-03  -1.6765025777014959E-02
   4.6871871871871882E+01   1.9854616904670425E-03  -1.8272579301756294E-02
   4.6921921921921928E+01   1.9363622011223454E-03  -1.9648395944904827E-02
   4.6971971971971982E+01   1.8898983232662786E-03  -2.0837026585540153E-02
   4.7022022022022028E+01   1.8457158652683454E-03  -2.1789388343943478E-02
   4.7072072072072082E+01   1.8034381268153311E-03  -2.2464836763183550E-02
   4.7122122122122128E+01   1.7626802060906324E-03  -2.2832720769247201E-02
   4.7172172172172175E+01   1.7230628185271359E-03  -2.2873373782350642E-02
   4.7222222222222229E+01   1.6842249594514009E-03  -2.2578554399081387E-02
   4.7272272272272275E+01   1.6458349142447308E-03  -2.1951397742903212E-02
   4.7322322322322329E+01   1.6075993055878247E-03  -2.1005968811713072E-02
   4.7372372372372375E+01   1.5692700424818958E-03  -1.9766521104922209E-02
   4.7422422422422429E+01   1.5306491822446068E-03  -1.8266559934354859E-02
   4.7472472472472475E+01   1.4915918253906185E-03  -1.6547794357225962E-02
   4.7522522522522529E+01   1.4520072325809848E-03  -1.4659039253706877E-02
   4.7572572572572575E+01   1.4119178647660120E-03  -1.2641563438513985E-02
   4.7622622622622629E+01   1.3713906832498648E-03  -1.0551373544926421E-02
   4.7672672672672675E+01   1.3304915609866521E-03  -8.4670597031682292E-03
   4.7722722722722729E+01   1.2893494691870924E-03  -6.4685404137646329E-03
   4.7772772772772782E+01   1.2481477213946740E-03  -4.6343554143272805E-03
   4.7822822822822829E+01   1.2071136080078733E-03  -3.0388116814704901E-03
   4.7872872872872883E+01   1.1665067195139875E-03  -1.7489688414636885E-03
   4.7922922922922929E+01   1.1266062369695187E-03  -8.2149020010008930E-04
   4.7972972972972983E+01   1.0876974832103874E-03  -2.9944883934664949E-04
   4.8023023023023029E+01   1.0500580847853649E-03  -2.0926043779407485E-04
   4.8073073073073076E+01   1.0139441920571138E-03  -5.5800472055879879E-04
   4.8123123123123129E+01   9.7957733173443542E-04  -1.3314764148961464E-03
   4.8173173173173176E+01   9.4713259685896833E-04  -2.4933473491887083E-03
   4.8223223223223229E+01   9.1672897480478497E-04  -3.9857945709089971E-03
   4.8273273273273276E+01   8.8842262712479267E-04  -5.7318336629967716E-03
   4.8323323323323329E+01   8.6220382405791693E-04  -7.6393912252008967E-03
   4.8373373373373376E+01   8.3799798165437177E-04  -9.6068855392713974E-03
   4.8423423423423429E+01   8.1567086899800442E-04  -1.1529818589465422E-02
   4.8473473473473476E+01   7.9503760691065721E-04  -1.3307687678961452E-02
   4.8523523523523529E+01   7.7587465661249199E-04  -1.4850459201538838E-02
   4.8573573573573576E+01   7.5793368730457070E-04  -1.6083931089024509E-02
   4.8623623623623629E+01   7.4095607686713318E-04  -1.6953517514981850E-02
   4.8673673673673683E+01   7.2468685319790067E-04  -1.7426257830961883E-02
   4.8723723723723730E+01   7.0888709092285773E-04  -1.7491110091783627E-02
   4.8773773773773783E+01   6.9334407496384983E-04  -1.7157782609571823E-02
   4.8823823823823830E+01   6.7787885866567137E-04  -1.6454459661761987E-02
   4.8873873873873883E+01   6.6235112418124758E-04  -1.5424794317279337E-02
   4.8923923923923930E+01   6.4666146505208385E-04  -1.4124496102138881E-02
   4.8973973973973976E+01   6.3075134755899757E-04  -1.2617764028521470E-02
   4.9024024024024030E+01   6.1460107764460580E-04  -1.0973733147391090E-02
   4.9074074074074076E+01   5.9822612196381404E-04  -9.2630340348562479E-03
   4.9124124124124130E+01   5.8167212474359532E-04  -7.5545197128168949E-03
   4.9174174174174176E+01   5.6500894404472931E-04  -5.9121966792688363E-03
   4.9224224224224230E+01   5.4832401462337444E-04  -4.3924041850675914E-03
   4.9274274274274276E+01   5.3171533761677957E-04  -3.0413131407912774E-03
   4.9324324324324330E+01   5.1528440222681356E-04  -1.8928544385894443E-03
   4.9374374374374376E+01   4.9912935887841306E-04  -9.6722450575216544E-04
   4.9424424424424430E+01   4.8333877969807253E-04  -2.7013981498902746E-04
   4.9474474474474484E+01   4.6798634947402089E-04   2.0699226842517456E-04
   4.9524524524524530E+01   4.5312681547027652E-04   4.8586262810073884E-04
   4.9574574574574584E+01   4.3879347569558588E-04   5.9897259206564176E-04
   4.9624624624624630E+01   4.2499739574275219E-04   5.8635443778715221E-04
   4.9674674674674684E+01   4.1172841619183310E-04   4.9152328699916272E-04
   4.9724724724724730E+01   3.9895785842196331E-04   3.5700852233370740E-04
   4.9774774774774784E+01   3.8664267804648444E-04   2.1989621223209293E-04
   4.9824824824824830E+01   3.7473067749390124E-04   1.0783602858708561E-04
   4.9874874874874884E+01   3.6316629478141054E-04   3.5923547658396221E-05
   4.9924924924924930E+01   3.5189644712388461E-04   4.7757879450209250E-06
   4.9974974974974977E+01   3.4087592608722143E-04   0.0000000000000000E+00
# pulse generated by run 1498332 (fbR0004)
