# OCT iter         41;   J_T =   9.081251971854E-06;   pulse_id =          1                                                                                                                                                                                   
#               time [ns]            Re(ampl) [au]            Im(ampl) [au]                                                                                                                                                                                    
  2.50250250250250265E-02  3.29458306573717180E-04 -8.56250356060743169E-05
  7.50750750750750762E-02  3.71321351104181676E-04 -3.44581713611674472E-04
  1.25125125125125164E-01  5.51296485580227450E-04 -7.51853185828698051E-04
  1.75175175175175196E-01  9.52567838524196993E-04 -1.24650544261548958E-03
  2.25225225225225256E-01  1.63448088488963791E-03 -1.73669857834279082E-03
  2.75275275275275289E-01  2.62284188595066341E-03 -2.10805855912093738E-03
  3.25325325325325376E-01  3.90291666709838194E-03 -2.23486329154937722E-03
  3.75375375375375409E-01  5.41592483008278714E-03 -1.99322506496095713E-03
  4.25425425425425496E-01  7.05958755756041188E-03 -1.27522316070997855E-03
  4.75475475475475529E-01  8.69298111027919963E-03 -2.77990893344662645E-06
  5.25525525525525561E-01  1.01455931734707513E-02  1.85999788078022388E-03
  5.75575575575575593E-01  1.12301016703044067E-02  4.29725651027026718E-03
  6.25625625625625736E-01  1.17580272574082743E-02  7.23570976500883135E-03
  6.75675675675675658E-01  1.15570861385544867E-02  1.05436701956709497E-02
  7.25725725725725801E-01  1.04888235285407871E-02  1.40352817933693339E-02
  7.75775775775775833E-01  8.46497064733250405E-03  1.74800089574168177E-02
  8.25825825825825977E-01  5.46096252322194730E-03  2.06169671017176377E-02
  8.75875875875876009E-01  1.52519222213624438E-03  2.31732121373884117E-02
  9.25925925925926041E-01 -3.21714191751888137E-03  2.48846846263858154E-02
  9.75975975975976073E-01 -8.56633184145093839E-03  2.55181741626777474E-02
  1.02602602602602611E+00 -1.42568299286056598E-02  2.48924694536226780E-02
  1.07607607607607614E+00 -1.99719677597807836E-02  2.28968182480917479E-02
  1.12612612612612617E+00 -2.53638372264200634E-02  1.95049529492957417E-02
  1.17617617617617620E+00 -3.00769397744964535E-02  1.47832397149263509E-02
  1.22622622622622646E+00 -3.37738068006761191E-02  8.89196046755351931E-03
  1.27627627627627649E+00 -3.61605412392255257E-02  2.07930120134193572E-03
  1.32632632632632652E+00 -3.70101583433428902E-02 -5.33175450654772235E-03
  1.37637637637637655E+00 -3.61817261239186505E-02 -1.29628000500202917E-02
  1.42642642642642659E+00 -3.36336166169950157E-02 -2.04042530694741424E-02
  1.47647647647647662E+00 -2.94296521198747114E-02 -2.72426277145828392E-02
  1.52652652652652665E+00 -2.37375224136379542E-02 -3.30886941107764940E-02
  1.57657657657657690E+00 -1.68195035379736582E-02 -3.76042894776750028E-02
  1.62662662662662671E+00 -9.01616282624119296E-03 -4.05256501739527167E-02
  1.67667667667667719E+00 -7.24325618099819647E-04 -4.16814308632026120E-02
  1.72672672672672722E+00  7.62894975864028199E-03 -4.10040359320000061E-02
  1.77677677677677726E+00  1.56143336716065163E-02 -3.85334630818080712E-02
  1.82682682682682729E+00  2.28279484965438657E-02 -3.44134927010847427E-02
  1.87687687687687732E+00  2.89167531600852366E-02 -2.88806878504969701E-02
  1.92692692692692713E+00  3.35997441543887804E-02 -2.22472394284186706E-02
  1.97697697697697716E+00  3.66835338198732985E-02 -1.48791488073462229E-02
  2.02702702702702764E+00  3.80713776906145412E-02 -7.17154890060026085E-03
  2.07707707707707767E+00  3.77652866899469697E-02  4.76896150389286781E-04
  2.12712712712712770E+00  3.58614225016476440E-02  7.68860527593670691E-03
  2.17717717717717774E+00  3.25394848827361277E-02  1.41289919289799091E-02
  2.22722722722722777E+00  2.80472161523048040E-02  1.95242757685312393E-02
  2.27727727727727780E+00  2.26814410668534361E-02  2.36742084911649824E-02
  2.32732732732732783E+00  1.67672145213119544E-02  2.64591858039604569E-02
  2.37737737737737787E+00  1.06366641703789649E-02  2.78416788823839245E-02
  2.42742742742742790E+00  4.60900232753018186E-03  2.78623434497384595E-02
  2.47747747747747793E+00 -1.02964924162696767E-03  2.66589074482086949E-02
  2.52752752752752796E+00 -6.05875478253546998E-03  2.44159647538964193E-02
  2.57757757757757799E+00 -1.03118295014855300E-02  2.13200017657056116E-02
  2.62762762762762803E+00 -1.36695418729346485E-02  1.75787301498170970E-02
  2.67767767767767806E+00 -1.60610158159720413E-02  1.34105159335821244E-02
  2.72772772772772854E+00 -1.74629849020091522E-02  9.03418560866674734E-03
  2.77777777777777857E+00 -1.78969982713026061E-02  4.65960482559450630E-03
  2.82782782782782860E+00 -1.74249424577222929E-02  4.79363864783664394E-04
  2.87787787787787863E+00 -1.61431925228664487E-02 -3.33816598238383935E-03
  2.92792792792792822E+00 -1.41757390885211224E-02 -6.65421640135990550E-03
  2.97797797797797825E+00 -1.16666549313639099E-02 -9.36333524849728566E-03
  3.02802802802802828E+00 -8.77226621091861149E-03 -1.13953944299545196E-02
  3.07807807807807876E+00 -5.65338008622633375E-03 -1.27159308192176454E-02
  3.12812812812812879E+00 -2.46789384149281041E-03 -1.33249251050206359E-02
  3.17817817817817883E+00  6.35927499654439024E-04 -1.32541814345246926E-02
  3.22822822822822886E+00  3.52526557173439906E-03 -1.25635183088334060E-02
  3.27827827827827889E+00  6.08746995670610743E-03 -1.13360170589207956E-02
  3.32832832832832937E+00  8.23355990711375184E-03 -9.67259756539144526E-03
  3.37837837837837895E+00  9.90044030966823023E-03 -7.68620142421994491E-03
  3.42842842842842899E+00  1.10518249378955512E-02 -5.49586079433297264E-03
  3.47847847847847902E+00  1.16779158100446603E-02 -3.22091750464186324E-03
  3.52852852852852905E+00  1.17939375861403160E-02 -9.75632924380665477E-04
  3.57857857857857864E+00  1.14376685924360878E-02  1.13560372762613491E-03
  3.62862862862862912E+00  1.06661438643305805E-02  3.02230058878441695E-03
  3.67867867867867959E+00  9.55172962834453798E-03  4.61099811398541209E-03
  3.72872872872872918E+00  8.17778246520311884E-03  5.84743674320071551E-03
  3.77877877877877966E+00  6.63411006125681768E-03  6.69772714637908821E-03
  3.82882882882882924E+00  5.01244448154297261E-03  7.14853795344795335E-03
  3.87887887887887972E+00  3.40212422199771347E-03  7.20635715988280669E-03
  3.92892892892892931E+00  1.88615920874232496E-03  6.89591936580788260E-03
  3.97897897897897979E+00  5.37824954994242221E-04  6.25792047653786834E-03
  4.02902902902903026E+00 -5.82100044644771279E-04  5.34616370040043917E-03
  4.07907907907907941E+00 -1.42737418016860109E-03  4.22429528330166802E-03
  4.12912912912913033E+00 -1.96756572255675716E-03  2.96229546615992597E-03
  4.17917917917917947E+00 -2.18854949796461239E-03  1.63289001484059892E-03
  4.22922922922923039E+00 -2.09225049324258082E-03  3.08040971269720127E-04
  4.27927927927927954E+00 -1.69568733773358912E-03 -9.44337211557425395E-04
  4.32932932932933046E+00 -1.02939445881434404E-03 -2.06330738918200076E-03
  4.37937937937938049E+00 -1.35323086255200619E-04 -2.99737794129497455E-03
  4.42942942942942963E+00  9.35662298362305647E-04 -3.70642659063106367E-03
  4.47947947947948055E+00  2.12656435481238526E-03 -4.16302349508535646E-03
  4.52952952952952970E+00  3.37717681255413158E-03 -4.35312493734183858E-03
  4.57957957957958062E+00  4.62701861514616675E-03 -4.27613663358436709E-03
  4.62962962962962976E+00  5.81815040803722316E-03 -3.94437234572682718E-03
  4.67967967967968068E+00  6.89775605573892531E-03 -3.38195804440669275E-03
  4.72972972972973071E+00  7.82038696437504892E-03 -2.62325334177399309E-03
  4.77977977977978075E+00  8.54978580396797624E-03 -1.71087945068014338E-03
  4.82982982982983078E+00  9.06022779302319801E-03 -6.93455901998277333E-04
  4.87987987987988081E+00  9.33734094360811132E-03  3.76843704026972215E-04
  4.92992992992993084E+00  9.37839046583299057E-03  1.44680362008403575E-03
  4.97997997997998088E+00  9.19203585200431030E-03  2.46463411341960774E-03
  5.03003003003003091E+00  8.79759107337648241E-03  3.38229080856000718E-03
  5.08008008008008094E+00  8.22383804031124460E-03  4.15755054495905562E-03
  5.13013013013013097E+00  7.50746035850501699E-03  4.75576289468310470E-03
  5.18018018018018100E+00  6.69117794830952767E-03  5.15121305739512075E-03
  5.23023023023023104E+00  5.82167288333354863E-03  5.32805047493474775E-03
  5.28028028028028107E+00  4.94740256063069556E-03  5.28075742497848954E-03
  5.33033033033033110E+00  4.11639787511712280E-03  5.01415224472307776E-03
  5.38038038038038113E+00  3.37414142927875685E-03  4.54294183517860422E-03
  5.43043043043043117E+00  2.76161415133459060E-03  3.89085682318575507E-03
  5.48048048048048120E+00  2.31358842081673139E-03  3.08941937312491892E-03
  5.53053053053053123E+00  2.05723251880075972E-03  2.17640742125644682E-03
  5.58058058058058126E+00  2.01107570698526522E-03  1.19408951848767289E-03
  5.63063063063063129E+00  2.18436636629764465E-03  1.87311215732080999E-04
  5.68068068068068133E+00  2.57683826637870221E-03 -7.98483035717401589E-04
  5.73073073073073136E+00  3.17888298500095586E-03 -1.71920899200250061E-03
  5.78078078078078228E+00  3.97211040095590481E-03 -2.53400295040140779E-03
  5.83083083083083142E+00  4.93026453049758093E-03 -3.20691000533912789E-03
  5.88088088088088234E+00  6.02044910613869742E-03 -3.70833576362376805E-03
  5.93093093093093149E+00  7.20460645168392172E-03 -4.01620787226580379E-03
  5.98098098098098241E+00  8.44118459562386535E-03 -4.11680616119587933E-03
  6.03103103103103155E+00  9.68692140019600592E-03 -4.00523395305321574E-03
  6.08108108108108247E+00  1.08986709981783274E-02 -3.68551777131018513E-03
  6.13113113113113251E+00  1.20351972479297437E-02 -3.17033782416151211E-03
  6.18118118118118165E+00  1.30588613949655444E-02 -2.48040667658517427E-03
  6.23123123123123257E+00  1.39371366797629726E-02 -1.64352776739495107E-03
  6.28128128128128171E+00  1.46438910687071572E-02 -6.93378159586664658E-04
  6.33133133133133263E+00  1.51603901929079701E-02  3.31929545286501729E-04
  6.38138138138138178E+00  1.54759853389930310E-02  1.39144337760685444E-03
  6.43143143143143270E+00  1.55884651945034577E-02  2.44305871877687451E-03
  6.48148148148148273E+00  1.55040642232571069E-02  3.44522634192154231E-03
  6.53153153153153276E+00  1.52371343196420241E-02  4.35861377569326733E-03
  6.58158158158158280E+00  1.48094992021504182E-02  5.14765579660554206E-03
  6.63163163163163283E+00  1.42495224751667728E-02  5.78193581500877768E-03
  6.68168168168168197E+00  1.35909301966738293E-02  6.23734762848745811E-03
  6.73173173173173289E+00  1.28714370232457728E-02  6.49699613837693198E-03
  6.78178178178178293E+00  1.21312314738490079E-02  6.55180590603390671E-03
  6.83183183183183296E+00  1.14113804364668180E-02  6.40081765592108963E-03
  6.88188188188188388E+00  1.07522155540010801E-02  6.05116478114025441E-03
  6.93193193193193213E+00  1.01917643542343665E-02  5.51773425314874399E-03
  6.98198198198198305E+00  9.76428675486844429E-03  4.82252863226395601E-03
  7.03203203203203309E+00  9.49897282185949154E-03  3.99375755210686512E-03
  7.08208208208208401E+00  9.41885052195017176E-03  3.06469748506350620E-03
  7.13213213213213226E+00  9.53994304260779441E-03  2.07236720186884790E-03
  7.18218218218218318E+00  9.87070459972988132E-03  1.05607267235183146E-03
  7.23223223223223322E+00  1.04117521718416154E-02  5.58789880612851566E-05
  7.28228228228228325E+00  1.11558989477104301E-02 -8.88931768024727722E-04
  7.33233233233233417E+00  1.20884840086698305E-02 -1.74135871030259922E-03
  7.38238238238238331E+00  1.31879822729680726E-02 -2.46808127684488557E-03
  7.43243243243243334E+00  1.44268692096154467E-02 -3.04070864075427954E-03
  7.48248248248248338E+00  1.57727063483760928E-02 -3.43683454571394077E-03
  7.53253253253253430E+00  1.71894061835761551E-02 -3.64085966894728144E-03
  7.58258258258258433E+00  1.86386287477597577E-02 -3.64455171036141487E-03
  7.63263263263263347E+00  2.00812570845541084E-02 -3.44732263670280165E-03
  7.68268268268268351E+00  2.14788953766379964E-02 -3.05621282430915782E-03
  7.73273273273273443E+00  2.27953319707666878E-02 -2.48558304692457488E-03
  7.78278278278278446E+00  2.39979103684762121E-02 -1.75652694505728894E-03
  7.83283283283283360E+00  2.50587546774818128E-02 -8.96028187425734431E-04
  7.88288288288288364E+00  2.59558020776985976E-02  6.41027447257707338E-05
  7.93293293293293367E+00  2.66736032959054986E-02  1.08846810879265521E-03
  7.98298298298298459E+00  2.72038623780450697E-02  2.13944788217982880E-03
  8.03303303303303551E+00  2.75456984740192271E-02  3.17863505715557928E-03
  8.08308308308308376E+00  2.77056241099696496E-02  4.16828468369136000E-03
  8.13313313313313380E+00  2.76972457854294182E-02  5.07272123420118848E-03
  8.18318318318318383E+00  2.75407031402020094E-02  5.85965220857470777E-03
  8.23323323323323564E+00  2.72618720578036329E-02  6.50134097297917855E-03
  8.28328328328328567E+00  2.68913647867070754E-02  6.97559818579571427E-03
  8.33333333333333393E+00  2.64633664775060194E-02  7.26655847536672190E-03
  8.38338338338338396E+00  2.60143524925109081E-02  7.36521709830129535E-03
  8.43343343343343399E+00  2.55817344227029717E-02  7.26971001774296636E-03
  8.48348348348348580E+00  2.52024848221660130E-02  6.98533009871001205E-03
  8.53353353353353405E+00  2.49117910403317891E-02  6.52428173706183414E-03
  8.58358358358358409E+00  2.47417869965556522E-02  5.90518588975591507E-03
  8.63363363363363412E+00  2.47204082038536832E-02  5.15235668415503761E-03
  8.68368368368368593E+00  2.48704099069118750E-02  4.29487900579273840E-03
  8.73373373373373596E+00  2.52085811804438759E-02  3.36552318831827638E-03
  8.78378378378378422E+00  2.57451797569026586E-02  2.39953780574891223E-03
  8.83383383383383425E+00  2.64836038282749188E-02  1.43336448695916907E-03
  8.88388388388388606E+00  2.74203086631247261E-02  5.03319784412483004E-04
  8.93393393393393609E+00  2.85449679974928601E-02 -3.55711220910398464E-04
  8.98398398398398612E+00  2.98408729566179837E-02 -1.11152628624672147E-03
  9.03403403403403438E+00  3.12855546666445453E-02 -1.73576112516705267E-03
  9.08408408408408441E+00  3.28516104881717216E-02 -2.20490963495964271E-03
  9.13413413413413622E+00  3.45077076896691190E-02 -2.50117373720920360E-03
  9.18418418418418625E+00  3.62197322418255294E-02 -2.61311132240235567E-03
  9.23423423423423451E+00  3.79520443478915323E-02 -2.53605600044036874E-03
  9.28428428428428454E+00  3.96687966963564023E-02 -2.27228914003041937E-03
  9.33433433433433635E+00  4.13352668273665041E-02 -1.83095318752003224E-03
  9.38438438438438638E+00  4.29191521528684630E-02 -1.22770534484533691E-03
  9.43443443443443641E+00  4.43917757240302052E-02 -4.84121871469187133E-04
  9.48448448448448467E+00  4.57291532478835347E-02  3.73125221879235013E-04
  9.53453453453453648E+00  4.69128772351978182E-02  1.31328644717797162E-03
  9.58458458458458651E+00  4.79307822500064096E-02  2.30270614728166111E-03
  9.63463463463463654E+00  4.87773654236407575E-02  3.30609797301925764E-03
  9.68468468468468657E+00  4.94539478604025876E-02  4.28787158032243980E-03
  9.73473473473473661E+00  4.99685743927654122E-02  5.21345650124541149E-03
  9.78478478478478664E+00  5.03356605147568179E-02  6.05057084931428461E-03
  9.83483483483483667E+00  5.05754055943760869E-02  6.77038662001429054E-03
  9.88488488488488670E+00  5.07130002299182592E-02  7.34854932731785881E-03
  9.93493493493493496E+00  5.07776626627810812E-02  7.76601707004724064E-03
  9.98498498498498677E+00  5.08015444117755621E-02  8.00969241265861789E-03
  1.00350350350350368E+01  5.08185487217413800E-02  8.07282933588745685E-03
  1.00850850850850868E+01  5.08631069934054603E-02  7.95520664015411660E-03
  1.01351351351351369E+01  5.09689580558823421E-02  7.66306822109087508E-03
  1.01851851851851869E+01  5.11679729860132423E-02  7.20883917447536805E-03
  1.02352352352352369E+01  5.14890643244407392E-02  6.61063427472798407E-03
  1.02852852852852870E+01  5.19572133218050361E-02  5.89158158062678353E-03
  1.03353353353353370E+01  5.25926427847127897E-02  5.07898845954482363E-03
  1.03853853853853870E+01  5.34101568045219563E-02  4.20338012482737548E-03
  1.04354354354354371E+01  5.44186627475950271E-02  3.29744207007247152E-03
  1.04854854854854871E+01  5.56208857991734168E-02  2.39489803343240909E-03
  1.05355355355355371E+01  5.70132822286463781E-02  1.52935495261216181E-03
  1.05855855855855872E+01  5.85861541839121230E-02  7.33146371276295465E-04
  1.06356356356356372E+01  6.03239657310919233E-02  3.62063232194197401E-05
  1.06856856856856872E+01  6.22058563723355759E-02 -5.34993091659669321E-04
  1.07357357357357373E+01  6.42063437622344829E-02 -9.58405748509572422E-04
  1.07857857857857873E+01  6.62962013860403376E-02 -1.21724137142395711E-03
  1.08358358358358373E+01  6.84434895167618795E-02 -1.30062561874326487E-03
  1.08858858858858873E+01  7.06147092319506509E-02 -1.20405704999274445E-03
  1.09359359359359374E+01  7.27760404543395800E-02 -9.29632723823279423E-04
  1.09859859859859874E+01  7.48946169785999483E-02 -4.86022312271488957E-04
  1.10360360360360374E+01  7.69397854460631830E-02  1.11818412853213563E-04
  1.10860860860860893E+01  7.88842922889328030E-02  8.43190778560560703E-04
  1.11361361361361375E+01  8.07053435153201604E-02  1.68243506756601867E-03
  1.11861861861861875E+01  8.23854871084254842E-02  2.59991927602872420E-03
  1.12362362362362376E+01  8.39132765099651762E-02  3.56319100269043582E-03
  1.12862862862862876E+01  8.52836854168562419E-02  4.53823957756013287E-03
  1.13363363363363376E+01  8.64982578587261824E-02  5.49081011606979488E-03
  1.13863863863863877E+01  8.75649919841173519E-02  6.38770982259561325E-03
  1.14364364364364377E+01  8.84979699145846399E-02  7.19804946899033765E-03
  1.14864864864864877E+01  8.93167583372655588E-02  7.89436905230679435E-03
  1.15365365365365395E+01  9.00456143667124759E-02  8.45360542264023997E-03
  1.15865865865865878E+01  9.07125380877024656E-02  8.85787023590086167E-03
  1.16366366366366378E+01  9.13482168691102520E-02  9.09501793778986697E-03
  1.16866866866866879E+01  9.19849070780379002E-02  9.15899465648405652E-03
  1.17367367367367397E+01  9.26552965522397243E-02  9.04996899054925398E-03
  1.17867867867867897E+01  9.33913866819931077E-02  8.77425399281267157E-03
  1.18368368368368380E+01  9.42234269976789801E-02  8.34403566133121687E-03
  1.18868868868868880E+01  9.51789286932998718E-02  7.77692675071355293E-03
  1.19369369369369380E+01  9.62817775137947279E-02  7.09536587691605904E-03
  1.19869869869869898E+01  9.75514617538983664E-02  6.32588126163111976E-03
  1.20370370370370381E+01  9.90024283289101248E-02  5.49823693650417031E-03
  1.20870870870870881E+01  1.00643579119816612E-01  4.64447788085093835E-03
  1.21371371371371382E+01  1.02477920696368602E-01  3.79789045694238362E-03
  1.21871871871871900E+01  1.04502382236206393E-01  2.99189643464234335E-03
  1.22372372372372400E+01  1.06707817807531830E-01  2.25890319878509173E-03
  1.22872872872872883E+01  1.09079208885700427E-01  1.62913915722914522E-03
  1.23373373373373383E+01  1.11596079915013802E-01  1.12951106931553024E-03
  1.23873873873873901E+01  1.14233133207565632E-01  7.82527668405548884E-04
  1.24374374374374401E+01  1.16961099391259080E-01  6.05339970086618768E-04
  1.24874874874874902E+01  1.19747786553259364E-01  6.08951464329419902E-04
  1.25375375375375384E+01  1.22559296378906807E-01  7.97649708475104530E-04
  1.25875875875875884E+01  1.25361360643054892E-01  1.16870393582242443E-03
  1.26376376376376403E+01  1.28120738292261532E-01  1.71236114924112263E-03
  1.26876876876876903E+01  1.30806603931753501E-01  2.41215652654474090E-03
  1.27377377377377385E+01  1.33391854322691905E-01  3.24553427659342959E-03
  1.27877877877877886E+01  1.35854261422988343E-01  4.18475433292935656E-03
  1.28378378378378404E+01  1.38177408716358197E-01  5.19804069321253871E-03
  1.28878878878878904E+01  1.40351361391919616E-01  6.25091097941459731E-03
  1.29379379379379404E+01  1.42373038936553148E-01  7.30761568801419591E-03
  1.29879879879879887E+01  1.44246278914629433E-01  8.33261074867247716E-03
  1.30380380380380387E+01  1.45981600906841452E-01  9.29198872514600330E-03
  1.30880880880880888E+01  1.47595697600087145E-01  1.01548017377211305E-02
  1.31381381381381388E+01  1.49110694072778577E-01  1.08942216798879315E-02
  1.31881881881881888E+01  1.50553225222162163E-01  1.14884987216618637E-02
  1.32382382382382406E+01  1.51953384598833813E-01  1.19216953525298226E-02
  1.32882882882882907E+01  1.53343595996461801E-01  1.21841882699714431E-02
  1.33383383383383372E+01  1.54757453048198240E-01  1.22729425406075867E-02
  1.33883883883883872E+01  1.56228563404786164E-01  1.21915704919773119E-02
  1.34384384384384390E+01  1.57789424713840942E-01  1.19501913108594864E-02
  1.34884884884884890E+01  1.59470351492964180E-01  1.15651067138549911E-02
  1.35385385385385391E+01  1.61298466690753234E-01  1.10583044651821026E-02
  1.35885885885885891E+01  1.63296770260202367E-01  1.04567966826964436E-02
  1.36386386386386391E+01  1.65483299617445068E-01  9.79179583283926354E-03
  1.36886886886886909E+01  1.67870402717912481E-01  9.09773003342973126E-03
  1.37387387387387410E+01  1.70464152124016471E-01  8.41110226229271549E-03
  1.37887887887887874E+01  1.73263935753750792E-01  7.76920601550016091E-03
  1.38388388388388393E+01  1.76262264662403439E-01  7.20872257493708826E-03
  1.38888888888888893E+01  1.79444838106594118E-01  6.76424100187719528E-03
  1.39389389389389393E+01  1.82790899781681782E-01  6.46675906845441302E-03
  1.39889889889889893E+01  1.86273905962928199E-01  6.34223881714274067E-03
  1.40390390390390394E+01  1.89862506882469806E-01  6.41030142215865979E-03
  1.40890890890890894E+01  1.93521818708582677E-01  6.68314998369528429E-03
  1.41391391391391412E+01  1.97214937555563130E-01  7.16480406251744119E-03
  1.41891891891891913E+01  2.00904622228169294E-01  7.85071551959979838E-03
  1.42392392392392377E+01  2.04555052230298545E-01  8.72781222650360032E-03
  1.42892892892892895E+01  2.08133554933690790E-01  9.77498642720244990E-03
  1.43393393393393396E+01  2.11612192870303500E-01  1.09640110426520269E-02
  1.43893893893893896E+01  2.14969109820145110E-01  1.22608338211392751E-02
  1.44394394394394396E+01  2.18189552201773079E-01  1.36271699413939625E-02
  1.44894894894894897E+01  2.21266508267977585E-01  1.50222920343758802E-02
  1.45395395395395415E+01  2.24200938591487098E-01  1.64049051544344383E-02
  1.45895895895895915E+01  2.27001603392498530E-01  1.77349941016311310E-02
  1.46396396396396415E+01  2.29684521405416953E-01  1.89755411270145537E-02
  1.46896896896896916E+01  2.32272117754397101E-01  2.00940313399399079E-02
  1.47397397397397398E+01  2.34792132369620599E-01  2.10636877971844792E-02
  1.47897897897897899E+01  2.37276364965103986E-01  2.18644043984074811E-02
  1.48398398398398399E+01  2.39759328216229722E-01  2.24833685164820135E-02
  1.48898898898898899E+01  2.42276869611877693E-01  2.29153836328497042E-02
  1.49399399399399400E+01  2.44864807588441868E-01  2.31629132119568933E-02
  1.49899899899899918E+01  2.47557612488845724E-01  2.32358702188933709E-02
  1.50400400400400418E+01  2.50387150949327064E-01  2.31511731896398287E-02
  1.50900900900900918E+01  2.53381506040673055E-01  2.29320820711475179E-02
  1.51401401401401419E+01  2.56563886158355958E-01  2.26073185270141107E-02
  1.51901901901901901E+01  2.59951642997446386E-01  2.22099697068237172E-02
  1.52402402402402402E+01  2.63555431109676108E-01  2.17761748302891939E-02
  1.52902902902902902E+01  2.67378555340172852E-01  2.13436024511437089E-02
  1.53403403403403402E+01  2.71416563899010754E-01  2.09497433927122688E-02
  1.53903903903903903E+01  2.75657149886349484E-01  2.06300686137097164E-02
  1.54404404404404421E+01  2.80080419442735373E-01  2.04161293526975880E-02
  1.54904904904904921E+01  2.84659568486593295E-01  2.03337041015929747E-02
  1.55405405405405421E+01  2.89361982352440872E-01  2.04011179174687848E-02
  1.55905905905905922E+01  2.94150735838319743E-01  2.06278692283644108E-02
  1.56406406406406404E+01  2.98986429461348180E-01  2.10136937900962627E-02
  1.56906906906906904E+01  3.03829256781796841E-01  2.15481730205174908E-02
  1.57407407407407405E+01  3.08641163753802406E-01  2.22109553644989320E-02
  1.57907907907907905E+01  3.13387940038593049E-01  2.29726081361451527E-02
  1.58408408408408423E+01  3.18041078450305215E-01  2.37960593694726448E-02
  1.58908908908908924E+01  3.22579254194772347E-01  2.46385321646406530E-02
  1.59409409409409424E+01  3.26989309342367973E-01  2.54538259221765394E-02
  1.59909909909909924E+01  3.31266676020519624E-01  2.61947668946050961E-02
  1.60410410410410442E+01  3.35415227533156501E-01  2.68156395564237218E-02
  1.60910910910910943E+01  3.39446601943911686E-01  2.72744219622595464E-02
  1.61411411411411407E+01  3.43379089521465342E-01  2.75346803044647336E-02
  1.61911911911911908E+01  3.47236207312824230E-01  2.75670246206947515E-02
  1.62412412412412408E+01  3.51045097266819095E-01  2.73500810102442621E-02
  1.62912912912912908E+01  3.54834878514739271E-01  2.68709870212284312E-02
  1.63413413413413409E+01  3.58635062708154151E-01  2.61254582801913153E-02
  1.63913913913913909E+01  3.62474109330525207E-01  2.51175005828723971E-02
  1.64414414414414445E+01  3.66378162538362528E-01  2.38588504392898901E-02
  1.64914914914914945E+01  3.70369979165161789E-01  2.23682197455251919E-02
  1.65415415415415445E+01  3.74468034571907360E-01  2.06704010025190836E-02
  1.65915915915915910E+01  3.78685782454944664E-01  1.87952644268783338E-02
  1.66416416416416411E+01  3.83031047353379228E-01  1.67766542802575101E-02
  1.66916916916916911E+01  3.87505542638303058E-01  1.46511752060636078E-02
  1.67417417417417411E+01  3.92104528116966777E-01  1.24568551222627756E-02
  1.67917917917917912E+01  3.96816644311413558E-01  1.02316815469139961E-02
  1.68418418418418447E+01  4.01623978568385775E-01  8.01203227148797499E-03
  1.68918918918918948E+01  4.06502425515354704E-01  5.83105499531832907E-03
  1.69419419419419448E+01  4.11422396763171327E-01  3.71708718790316221E-03
  1.69919919919919948E+01  4.16349910589347449E-01  1.69223880874051465E-03
  1.70420420420420413E+01  4.21248053257699762E-01 -2.28721685496401024E-04
  1.70920920920920913E+01  4.26078754533963433E-01 -2.03904003531761276E-03
  1.71421421421421414E+01  4.30804768458968979E-01 -3.74009575587898454E-03
  1.71921921921921914E+01  4.35391705819937525E-01 -5.34090612300968780E-03
  1.72422422422422414E+01  4.39809936446711625E-01 -6.85701931634137302E-03
  1.72922922922922950E+01  4.44036175201185601E-01 -8.30887696301862641E-03
  1.73423423423423451E+01  4.48054589484379984E-01 -9.71979739839569888E-03
  1.73923923923923951E+01  4.51857317273787196E-01 -1.11137840462454604E-02
  1.74424424424424451E+01  4.55444356350194202E-01 -1.25133869226199089E-02
  1.74924924924924952E+01  4.58822865656598744E-01 -1.39378329878596125E-02
  1.75425425425425416E+01  4.62005994052924862E-01 -1.54015938139864354E-02
  1.75925925925925917E+01  4.65011406081061340E-01 -1.69134854550592011E-02
  1.76426426426426417E+01  4.67859698826690595E-01 -1.84763101651829430E-02
  1.76926926926926953E+01  4.70572895231296529E-01 -2.00869697638609845E-02
  1.77427427427427453E+01  4.73173161120062524E-01 -2.17369211267267985E-02
  1.77927927927927954E+01  4.75681835345649340E-01 -2.34128150639969224E-02
  1.78428428428428454E+01  4.78118797246244509E-01 -2.50971630686344163E-02
  1.78928928928928954E+01  4.80502135231852590E-01 -2.67689076836684671E-02
  1.79429429429429455E+01  4.82848034218920641E-01 -2.84038226638528291E-02
  1.79929929929929919E+01  4.85170773536656497E-01 -2.99747280737643999E-02
  1.80430430430430420E+01  4.87482722860570927E-01 -3.14515628951879400E-02
  1.80930930930930920E+01  4.89794240747811527E-01 -3.28014053068099096E-02
  1.81431431431431456E+01  4.92113415245202634E-01 -3.39885623414121554E-02
  1.81931931931931956E+01  4.94445633747123248E-01 -3.49748619375984532E-02
  1.82432432432432456E+01  4.96793023069022566E-01 -3.57202693504600904E-02
  1.82932932932932957E+01  4.99153852484818916E-01 -3.61839166797002579E-02
  1.83433433433433457E+01  5.01522033495990671E-01 -3.63255818860371282E-02
  1.83933933933933957E+01  5.03886872119176044E-01 -3.61075880360462245E-02
  1.84434434434434422E+01  5.06233226332498343E-01 -3.54970232475837338E-02
  1.84934934934934923E+01  5.08542190517233816E-01 -3.44681171960696253E-02
  1.85435435435435423E+01  5.10792372642769443E-01 -3.30045614129241341E-02
  1.85935935935935959E+01  5.12961756050412165E-01 -3.11015362232095541E-02
  1.86436436436436459E+01  5.15030057452396828E-01 -2.87672112296371435E-02
  1.86936936936936959E+01  5.16981419063589742E-01 -2.60235178055059843E-02
  1.87437437437437460E+01  5.18807216643152214E-01 -2.29060455848876382E-02
  1.87937937937937960E+01  5.20508733054548922E-01 -1.94629826847189345E-02
  1.88438438438438460E+01  5.22099439803145549E-01 -1.57530945645967674E-02
  1.88938938938938961E+01  5.23606644361162998E-01 -1.18428153565076130E-02
  1.89439439439439425E+01  5.25072296234408875E-01 -7.80260709359422398E-03
  1.89939939939939961E+01  5.26552799439365393E-01 -3.70282455702069082E-03
  1.90440440440440462E+01  5.28117755233172392E-01  3.90600854845414894E-04
  1.90940940940940962E+01  5.29847656620837770E-01  4.42029033969383155E-03
  1.91441441441441462E+01  5.31830668133424833E-01  8.34097750879914807E-03
  1.91941941941941963E+01  5.34158733166742450E-01  1.21221564524827061E-02
  1.92442442442442463E+01  5.36923331828726424E-01  1.57495722473266313E-02
  1.92942942942942963E+01  5.40211240881112276E-01  1.92254448343188895E-02
  1.93443443443443464E+01  5.44100611947697654E-01  2.25674629501102474E-02
  1.93943943943943928E+01  5.48657591939930134E-01  2.58067039119779414E-02
  1.94444444444444464E+01  5.53933586981665393E-01  2.89847006074787222E-02
  1.94944944944944965E+01  5.59963155334474827E-01  3.21498807364116040E-02
  1.95445445445445465E+01  5.66762441565146324E-01  3.53535581297257720E-02
  1.95945945945945965E+01  5.74328055392141601E-01  3.86455908824227673E-02
  1.96446446446446465E+01  5.82636355486455204E-01  4.20697713305992482E-02
  1.96946946946946966E+01  5.91643201008691166E-01  4.56590091186562033E-02
  1.97447447447447466E+01  6.01284346074303033E-01  4.94304276928782468E-02
  1.97947947947947966E+01  6.11476732111156829E-01  5.33806144269289226E-02
  1.98448448448448431E+01  6.22120941284284079E-01  5.74814224644306301E-02
  1.98948948948948967E+01  6.33104985571744217E-01  6.16768771907536401E-02
  1.99449449449449467E+01  6.44309417560332220E-01  6.58818393600527491E-02
  1.99949949949949968E+01  6.55613484969586158E-01  6.99830671934763560E-02
  2.00450450450450468E+01  6.66901763521158264E-01  7.38431624441032719E-02
  2.00950950950950968E+01  6.78070465004408152E-01  7.73075717666495410E-02
  2.01451451451451469E+01  6.89032507007956596E-01  8.02143778395075502E-02
  2.01951951951951969E+01  6.99720507271264780E-01  8.24061310904034838E-02
  2.02452452452452469E+01  7.10087146264076874E-01  8.37425492387547099E-02
  2.02952952952952970E+01  7.20102786694154395E-01  8.41126573704450292E-02
  2.03453453453453470E+01  7.29750754532810575E-01  8.34449335000811837E-02
  2.03953953953953970E+01  7.39021148774610448E-01  8.17142819654639307E-02
  2.04454454454454471E+01  7.47904338837424465E-01  7.89451296392530560E-02
  2.04954954954954971E+01  7.56385354187789738E-01  7.52105232297076154E-02
  2.05455455455455471E+01  7.64440159881523473E-01  7.06276711337963520E-02
  2.05955955955955972E+01  7.72034398996840343E-01  6.53508028564665500E-02
  2.06456456456456472E+01  7.79124670475342729E-01  5.95624349590626184E-02
  2.06956956956956972E+01  7.85661919505828088E-01  5.34641117182523898E-02
  2.07457457457457473E+01  7.91596156845330801E-01  4.72674645220918371E-02
  2.07957957957957973E+01  7.96881566625981197E-01  4.11860864489749720E-02
  2.08458458458458473E+01  8.01481130017932419E-01  3.54283542540490756E-02
  2.08958958958958974E+01  8.05370148376911787E-01  3.01910549471517235E-02
  2.09459459459459474E+01  8.08538410394454843E-01  2.56535620147486203E-02
  2.09959959959959974E+01  8.10991105378584320E-01  2.19723736242963229E-02
  2.10460460460460475E+01  8.12748839922794453E-01  1.92760234149685246E-02
  2.10960960960960975E+01  8.13847209340514466E-01  1.76606071769106407E-02
  2.11461461461461475E+01  8.14336308844965440E-01  1.71863293211207795E-02
  2.11961961961961975E+01  8.14280397647228038E-01  1.78754894155964440E-02
  2.12462462462462476E+01  8.13757734933171939E-01  1.97121933509690275E-02
  2.12962962962962976E+01  8.12860463830050284E-01  2.26438422561533910E-02
  2.13463463463463476E+01  8.11694363077383629E-01  2.65842155796208700E-02
  2.13963963963963977E+01  8.10378304924651016E-01  3.14178036338867497E-02
  2.14464464464464477E+01  8.09043309624564388E-01  3.70049964225803718E-02
  2.14964964964964977E+01  8.07831125640692371E-01  4.31877836818251662E-02
  2.15465465465465478E+01  8.06892263311673519E-01  4.97957114847587257E-02
  2.15965965965965978E+01  8.06383370689629064E-01  5.66519077929659443E-02
  2.16466466466466478E+01  8.06463793864911294E-01  6.35789825639836714E-02
  2.16966966966966979E+01  8.07291158550891175E-01  7.04045133826917136E-02
  2.17467467467467479E+01  8.09015894628398735E-01  7.69656808446574220E-02
  2.17967967967967979E+01  8.11774827886575734E-01  8.31125046165257786E-02
  2.18468468468468480E+01  8.15684262248044245E-01  8.87091635673802614E-02
  2.18968968968968980E+01  8.20833288636823588E-01  9.36331519457519190E-02
  2.19469469469469480E+01  8.27278254951052339E-01  9.77725363349144505E-02
  2.19969969969969981E+01  8.35039291153026997E-01  1.01022220102199606E-01
  2.20470470470470481E+01  8.44099450615182212E-01  1.03280666310876956E-01
  2.20970970970970981E+01  8.54406467962286476E-01  1.04448712444568631E-01
  2.21471471471471517E+01  8.65876522623727274E-01  1.04431746933742867E-01
  2.21971971971971982E+01  8.78398961859147454E-01  1.03145614366542890E-01
  2.22472472472472482E+01  8.91840850084926862E-01  1.00525411409432802E-01
  2.22972972972972983E+01  9.06050509073780264E-01  9.65352351945470699E-02
  2.23473473473473483E+01  9.20859775882035492E-01  9.11763671779028673E-02
  2.23973973973973983E+01  9.36085313063386382E-01  8.44915631000623113E-02
  2.24474474474474484E+01  9.51529740590836171E-01  7.65640342227749821E-02
  2.24974974974974984E+01  9.66983488019338311E-01  6.75110423401652504E-02
  2.25475475475475520E+01  9.82228071350813692E-01  5.74733580503120275E-02
  2.25975975975976020E+01  9.97041059244647587E-01  4.66027577840115170E-02
  2.26476476476476485E+01  1.01120244005642834E+00  3.50500347008049912E-02
  2.26976976976976985E+01  1.02450158810630687E+00  2.29556493559580042E-02
  2.27477477477477485E+01  1.03674370243670744E+00  1.04442979842004537E-02
  2.27977977977977986E+01  1.04775456619531626E+00 -2.37641123130836931E-03
  2.28478478478478486E+01  1.05738278991122225E+00 -1.54140123342906311E-02
  2.28978978978978986E+01  1.06549929859155879E+00 -2.85875085335892919E-02
  2.29479479479479487E+01  1.07199454594126120E+00 -4.18237231957030928E-02
  2.29979979979980023E+01  1.07677458034330842E+00 -5.50551101550722649E-02
  2.30480480480480523E+01  1.07975745214471397E+00 -6.82197327811723125E-02
  2.30980980980980988E+01  1.08087142497612310E+00 -8.12632075982357427E-02
  2.31481481481481488E+01  1.08005603210714884E+00 -9.41415684367810784E-02
  2.31981981981981988E+01  1.07726630351693942E+00 -1.06823474241168725E-01
  2.32482482482482489E+01  1.07247965082683350E+00 -1.19290113557514774E-01
  2.32982982982982989E+01  1.06570413269229269E+00 -1.31531601906979989E-01
  2.33483483483483489E+01  1.05698631932046583E+00 -1.43539553346457210E-01
  2.33983983983983990E+01  1.04641687268230599E+00 -1.55296634747475043E-01
  2.34484484484484526E+01  1.03413231672284822E+00 -1.66764973357777929E-01
  2.34984984984985026E+01  1.02031223050756070E+00 -1.77875940653103692E-01
  2.35485485485485526E+01  1.00517207346537019E+00 -1.88523814934242001E-01
  2.35985985985985991E+01  9.88952778088890372E-01 -1.98565071153790157E-01
  2.36486486486486491E+01  9.71908854834161451E-01 -2.07823759135336017E-01
  2.36986986986986992E+01  9.54296876892122392E-01 -2.16102016829773425E-01
  2.37487487487487492E+01  9.36365837834474135E-01 -2.23193682670146970E-01
  2.37987987987987992E+01  9.18350149416129580E-01 -2.28898552287269547E-01
  2.38488488488488528E+01  9.00465219312147847E-01 -2.33035151762497561E-01
  2.38988988988989028E+01  8.82904891181476970E-01 -2.35450786736664835E-01
  2.39489489489489529E+01  8.65839755617982654E-01 -2.36028702676308211E-01
  2.39989989989990029E+01  8.49415534101262915E-01 -2.34693039934935871E-01
  2.40490490490490494E+01  8.33751306400961290E-01 -2.31412579261863510E-01
  2.40990990990990994E+01  8.18938034114979341E-01 -2.26203966846085541E-01
  2.41491491491491495E+01  8.05038290182581995E-01 -2.19134365830867817E-01
  2.41991991991991995E+01  7.92088075117190482E-01 -2.10322681354544516E-01
  2.42492492492492495E+01  7.80101048672524500E-01 -1.99938056609369447E-01
  2.42992992992993031E+01  7.69074663542900105E-01 -1.88194487123324927E-01
  2.43493493493493531E+01  7.58996957034817621E-01 -1.75341119988674021E-01
  2.43993993993994032E+01  7.49852503450942565E-01 -1.61648801679086601E-01
  2.44494494494494532E+01  7.41626386863479925E-01 -1.47394302450029380E-01
  2.44994994994994997E+01  7.34305842806358244E-01 -1.32844050137128189E-01
  2.45495495495495497E+01  7.27880041747632101E-01 -1.18239058616091117E-01
  2.45995995995995997E+01  7.22338946886599276E-01 -1.03782202654136721E-01
  2.46496496496496498E+01  7.17672085094176238E-01 -8.96283901700022645E-02
  2.46996996996997034E+01  7.13867540085819097E-01 -7.58778121867555722E-02
  2.47497497497497534E+01  7.10910861880098888E-01 -6.25724369868574937E-02
  2.47997997997998034E+01  7.08783277352937224E-01 -4.96961605927678865E-02
  2.48498498498498535E+01  7.07458807556951230E-01 -3.71792652027760212E-02
  2.48998998998999035E+01  7.06900587278421977E-01 -2.49077731561019033E-02
  2.49499499499499535E+01  7.07057517361880050E-01 -1.27377412051903043E-02
  2.50000000000000000E+01  7.07862924556227013E-01 -5.13570300611464626E-04
  2.50500500500500500E+01  7.09236814429917817E-01  1.19117045807065718E-02
  2.51001001001001001E+01  7.11092498090291070E-01  2.46570124925440289E-02
  2.51501501501501536E+01  7.13347084716532520E-01  3.77977708773331589E-02
  2.52002002002002037E+01  7.15934021664265452E-01  5.13567059405996354E-02
  2.52502502502502537E+01  7.18815038861662425E-01  6.53019616964004984E-02
  2.53003003003003037E+01  7.21988850712296126E-01  7.95518249736710120E-02
  2.53503503503503538E+01  7.25494800517068161E-01  9.39840014603684076E-02
  2.54004004004004038E+01  7.29410975395112682E-01  1.08446733843746659E-01
  2.54504504504504503E+01  7.33847651635399223E-01  1.22769337520358499E-01
  2.55005005005005003E+01  7.38937766269635810E-01  1.36770744472994393E-01
  2.55505505505505504E+01  7.44826216641463645E-01  1.50265908001427501E-01
  2.56006006006006039E+01  7.51659268252757973E-01  1.63070885183009162E-01
  2.56506506506506540E+01  7.59574560461329318E-01  1.75007718905839660E-01
  2.57007007007007040E+01  7.68691562255946703E-01  1.85909854348930037E-01
  2.57507507507507540E+01  7.79102135322872202E-01  1.95628025724330273E-01
  2.58008008008008041E+01  7.90861153251998017E-01  2.04035775301825179E-01
  2.58508508508508541E+01  8.03977715581937313E-01  2.11033404133783103E-01
  2.59009009009009006E+01  8.18408070397033449E-01  2.16549372856512184E-01
  2.59509509509509506E+01  8.34051623703009226E-01  2.20538870948300075E-01
  2.60010010010010042E+01  8.50751205566550261E-01  2.22980143659213259E-01
  2.60510510510510542E+01  8.68298108712201588E-01  2.23869827895732815E-01
  2.61011011011011078E+01  8.86441516747661029E-01  2.23218715097908610E-01
  2.61511511511511543E+01  9.04901097144077959E-01  2.21048962791987491E-01
  2.62012012012012008E+01  9.23381031047069922E-01  2.17393005290772268E-01
  2.62512512512512544E+01  9.41583735806092115E-01  2.12293633387904662E-01
  2.63013013013013008E+01  9.59221958246163742E-01  2.05804292873440903E-01
  2.63513513513513544E+01  9.76028561737645517E-01  1.97988781291560390E-01
  2.64014014014014009E+01  9.91763924064982594E-01  1.88920112946072638E-01
  2.64514514514514545E+01  1.00622120045147412E+00  1.78679056499963212E-01
  2.65015015015015045E+01  1.01922972823323654E+00  1.67353346100026640E-01
  2.65515515515515581E+01  1.03065664492362918E+00  1.55038564349369051E-01
  2.66016016016016046E+01  1.04040653506131586E+00  1.41841162240497060E-01
  2.66516516516516511E+01  1.04841879548219530E+00  1.27883212294749166E-01
  2.67017017017017046E+01  1.05466253418132250E+00  1.13307613458241530E-01
  2.67517517517517511E+01  1.05912921206531152E+00  9.82819079939322854E-02
  2.68018018018018047E+01  1.06182380486454142E+00  8.29988475380302460E-02
  2.68518518518518512E+01  1.06275582506613753E+00  6.76723978705911500E-02
  2.69019019019019048E+01  1.06193189588804948E+00  5.25288634684957026E-02
  2.69519519519519548E+01  1.05935155021672722E+00  3.77939837202663290E-02
  2.70020020020020084E+01  1.05500747554144603E+00  2.36779008650901783E-02
  2.70520520520520549E+01  1.04889060065237039E+00  1.03605593482881536E-02
  2.71021021021021014E+01  1.04099938867682917E+00 -2.01980934886813839E-03
  2.71521521521521549E+01  1.03135170308209956E+00 -1.33729924461900920E-02
  2.72022022022022014E+01  1.01999691039340634E+00 -2.36568465123437668E-02
  2.72522522522522550E+01  1.00702570038853390E+00 -3.28714480675269885E-02
  2.73023023023023050E+01  9.92575558668934099E-01 -4.10490572451870581E-02
  2.73523523523523551E+01  9.76830858883322328E-01 -4.82424918465996153E-02
  2.74024024024024051E+01  9.60017886738420367E-01 -5.45145731664202771E-02
  2.74524524524524587E+01  9.42396342431323641E-01 -5.99304672588272594E-02
  2.75025025025025052E+01  9.24249554487449498E-01 -6.45532922613908794E-02
  2.75525525525525516E+01  9.05875510280405805E-01 -6.84418807827977399E-02
  2.76026026026026052E+01  8.87579911650071995E-01 -7.16487228961971978E-02
  2.76526526526526517E+01  8.69671162053943569E-01 -7.42162733942287045E-02
  2.77027027027027053E+01  8.52456026798201316E-01 -7.61709411990916657E-02
  2.77527527527527553E+01  8.36234170098097085E-01 -7.75157004431722002E-02
  2.78028028028028054E+01  8.21290087797705959E-01 -7.82236585601329276E-02
  2.78528528528528554E+01  8.07881991967210888E-01 -7.82354717944245687E-02
  2.79029029029029090E+01  7.96228546383991764E-01 -7.74629609125928459E-02
  2.79529529529529555E+01  7.86495487185108533E-01 -7.57998415725427560E-02
  2.80030030030030019E+01  7.78784690304443084E-01 -7.31386571959221354E-02
  2.80530530530530555E+01  7.73128007344653700E-01 -6.93913819796301429E-02
  2.81031031031031020E+01  7.69487280079615754E-01 -6.45102045679725594E-02
  2.81531531531531556E+01  7.67760644185002006E-01 -5.85049130106970600E-02
  2.82032032032032056E+01  7.67793920263346030E-01 -5.14540260644483771E-02
  2.82532532532532592E+01  7.69394934504569639E-01 -4.35081032316653807E-02
  2.83033033033033057E+01  7.72348276517288101E-01 -3.48851472721055100E-02
  2.83533533533533593E+01  7.76428352860438986E-01 -2.58592978030203167E-02
  2.84034034034034057E+01  7.81409454369525691E-01 -1.67448026310541356E-02
  2.84534534534534522E+01  7.87072562854962632E-01 -7.87743497047483851E-03
  2.85035035035035058E+01  7.93209393267080398E-01  4.04783297652341228E-04
  2.85535535535535523E+01  7.99624473846303196E-01  7.78021184741375157E-03
  2.86036036036036059E+01  8.06135935990949903E-01  1.39606727050269764E-02
  2.86536536536536559E+01  8.12575350707960387E-01  1.87062702220789044E-02
  2.87037037037037095E+01  8.18786693067307780E-01  2.18372146886976932E-02
  2.87537537537537560E+01  8.24624510966221358E-01  2.32418514392192591E-02
  2.88038038038038096E+01  8.29951601769844283E-01  2.28801971853036037E-02
  2.88538538538538560E+01  8.34636793050213988E-01  2.07826504479670729E-02
  2.89039039039039096E+01  8.38553579798787529E-01  1.70441234642759488E-02
  2.89539539539539561E+01  8.41580266445591252E-01  1.18144692489567001E-02
  2.90040040040040026E+01  8.43601905701852450E-01  5.28654955539263963E-03
  2.90540540540540562E+01  8.44513837797346567E-01 -2.31653299935585637E-03
  2.91041041041041062E+01  8.44226180740156762E-01 -1.07536647983112917E-02
  2.91541541541541598E+01  8.42668350511850073E-01 -1.97764443925578792E-02
  2.92042042042042063E+01  8.39792677590664782E-01 -2.91379560487782310E-02
  2.92542542542542598E+01  8.35576428108771196E-01 -3.85996474917408433E-02
  2.93043043043043063E+01  8.30021956664854343E-01 -4.79367109096714428E-02
  2.93543543543543599E+01  8.23155188841191654E-01 -5.69424919212268010E-02
  2.94044044044044064E+01  8.15023018969744495E-01 -6.54323553342730097E-02
  2.94544544544544564E+01  8.05690403721008308E-01 -7.32471798639370980E-02
  2.95045045045045065E+01  7.95237884300163844E-01 -8.02563405819804176E-02
  2.95545545545545565E+01  7.83760002403759093E-01 -8.63597839134415957E-02
  2.96046046046046101E+01  7.71364675706105896E-01 -9.14886989613807738E-02
  2.96546546546546566E+01  7.58173191959762960E-01 -9.56043840968130026E-02
  2.97047047047047101E+01  7.44320188713244790E-01 -9.86951804210484535E-02
  2.97547547547547566E+01  7.29952891962553752E-01 -1.00771720132654702E-01
  2.98048048048048102E+01  7.15229016042780441E-01 -1.01861111503871615E-01
  2.98548548548548567E+01  7.00313040868229875E-01 -1.02000944551348324E-01
  2.99049049049049067E+01  6.85370995477022182E-01 -1.01234072568497618E-01
  2.99549549549549567E+01  6.70564280055115813E-01 -9.96049754373591889E-02
  3.00050050050050068E+01  6.56043348917566105E-01 -9.71581713796211971E-02
  3.00550550550550604E+01  6.41942181356609853E-01 -9.39386960878916544E-02
  3.01051051051051068E+01  6.28374359850247144E-01 -8.99942221345652743E-02
  3.01551551551551604E+01  6.15431282062954721E-01 -8.53780552047695152E-02
  3.02052052052052069E+01  6.03182625348169354E-01 -8.01520933709656963E-02
  3.02552552552552605E+01  5.91678757275808320E-01 -7.43888964993633661E-02
  3.03053053053053070E+01  5.80954441129384214E-01 -6.81722552994040165E-02
  3.03553553553553570E+01  5.71032995116594222E-01 -6.15960015132506547E-02
  3.04054054054054070E+01  5.61930060163681300E-01 -5.47611717203392648E-02
  3.04554554554554571E+01  5.53656299139347996E-01 -4.77719445260142636E-02
  3.05055055055055107E+01  5.46218638197716433E-01 -4.07309600555237697E-02
  3.05555555555555571E+01  5.39619997158622522E-01 -3.37346837669464522E-02
  3.06056056056056107E+01  5.33857769186370401E-01 -2.68694080316468978E-02
  3.06556556556556572E+01  5.28921544278137867E-01 -2.02083292003448177E-02
  3.07057057057057108E+01  5.24790692274241577E-01 -1.38099361042436329E-02
  3.07557557557557573E+01  5.21432418436233114E-01 -7.71773650797796459E-03
  3.08058058058058073E+01  5.18800788302300031E-01 -1.96116257952942252E-03
  3.08558558558558609E+01  5.16837016803040727E-01  3.44264090530418997E-03
  3.09059059059059074E+01  5.15471071815199577E-01  8.48651533439432129E-03
  3.09559559559559609E+01  5.14624403954597631E-01  1.31708478093009590E-02
  3.10060060060060074E+01  5.14213429085226048E-01  1.75013070076152737E-02
  3.10560560560560610E+01  5.14153290477022629E-01  2.14869689635239225E-02
  3.11061061061061075E+01  5.14361424891210173E-01  2.51389266719402454E-02
  3.11561561561561611E+01  5.14760539578103971E-01  2.84693659970680010E-02
  3.12062062062062076E+01  5.15280746991779504E-01  3.14910070153874011E-02
  3.12562562562562576E+01  5.15860765847157232E-01  3.42167649759734724E-02
  3.13063063063063112E+01  5.16448248451632730E-01  3.66594798357792184E-02
  3.13563563563563577E+01  5.16999411085026117E-01  3.88315927096262448E-02
  3.14064064064064112E+01  5.17478213042106616E-01  4.07447025971615431E-02
  3.14564564564564577E+01  5.17855346750667023E-01  4.24090059766178348E-02
  3.15065065065065113E+01  5.18107269802622006E-01  4.38326918374737917E-02
  3.15565565565565578E+01  5.18215439682167656E-01  4.50214206779273735E-02
  3.16066066066066114E+01  5.18165818450994853E-01  4.59780437208494944E-02
  3.16566566566566578E+01  5.17948616355596747E-01  4.67027077288276471E-02
  3.17067067067067114E+01  5.17558160260704558E-01  4.71934383803965449E-02
  3.17567567567567615E+01  5.16992722829266338E-01  4.74472081614892779E-02
  3.18068068068068079E+01  5.16254143199182391E-01  4.74613899732122743E-02
  3.18568568568568615E+01  5.15347111875966046E-01  4.72353988268505512E-02
  3.19069069069069080E+01  5.14278073139226133E-01  4.67722559631422174E-02
  3.19569569569569616E+01  5.13053799308841096E-01  4.60797919039937984E-02
  3.20070070070070116E+01  5.11679788951722614E-01  4.51712455852641623E-02
  3.20570570570570652E+01  5.10158711899386885E-01  4.40651101561908148E-02
  3.21071071071071117E+01  5.08489150279778923E-01  4.27842037696797711E-02
  3.21571571571571653E+01  5.06664859600548634E-01  4.13540791374903891E-02
  3.22072072072072118E+01  5.04674702105820105E-01  3.98010009019731034E-02
  3.22572572572572582E+01  5.02503301150136417E-01  3.81497925241670935E-02
  3.23073073073073118E+01  5.00132351168365297E-01  3.64218720799907511E-02
  3.23573573573573583E+01  4.97542414854928339E-01  3.46337585731829323E-02
  3.24074074074074119E+01  4.94714965641953108E-01  3.27962471610411671E-02
  3.24574574574574584E+01  4.91634401021504297E-01  3.09143404160377513E-02
  3.25075075075075119E+01  4.88289764245816826E-01  2.89879040605335106E-02
  3.25575575575575584E+01  4.84675964307437923E-01  2.70129095666779388E-02
  3.26076076076076120E+01  4.80794366374202253E-01  2.49830489342602879E-02
  3.26576576576576585E+01  4.76652722332948919E-01  2.28914692635459292E-02
  3.27077077077077050E+01  4.72264507358151675E-01  2.07323797735391828E-02
  3.27577577577577586E+01  4.67647807975684504E-01  1.85023278372785302E-02
  3.28078078078078121E+01  4.62823957874749448E-01  1.62010133428638695E-02
  3.28578578578578657E+01  4.57816133052515617E-01  1.38315978853875195E-02
  3.29079079079079122E+01  4.52648097481975376E-01  1.14005509708959406E-02
  3.29579579579579658E+01  4.47343240348760662E-01  8.91714487228966075E-03
  3.30080080080080123E+01  4.41923976899822546E-01  6.39275218785252761E-03
  3.30580580580580659E+01  4.36411510671151304E-01  3.84011029923576712E-03
  3.31081081081081123E+01  4.30825888956454905E-01  1.27269580553585927E-03
  3.31581581581581588E+01  4.25186237046829063E-01 -1.29569375824273129E-03
  3.32082082082082124E+01  4.19511036886622946E-01 -3.85111338277140591E-03
  3.32582582582582589E+01  4.13818323926351928E-01 -6.37942302319910275E-03
  3.33083083083083125E+01  4.08125708440718549E-01 -8.86609386827432247E-03
  3.33583583583583589E+01  4.02450176515681823E-01 -1.12959749886959414E-02
  3.34084084084084125E+01  3.96807680878801305E-01 -1.36531344282627663E-02
  3.34584584584584590E+01  3.91212581912623258E-01 -1.59208721991487209E-02
  3.35085085085085126E+01  3.85677035329612117E-01 -1.80819665335451157E-02
  3.35585585585585591E+01  3.80210439102607489E-01 -2.01191670971434360E-02
  3.36086086086086127E+01  3.74819046448996218E-01 -2.20158992663775366E-02
  3.36586586586586591E+01  3.69505826212296662E-01 -2.37571012873759001E-02
  3.37087087087087127E+01  3.64270612508965974E-01 -2.53300884562785607E-02
  3.37587587587587663E+01  3.59110539717412247E-01 -2.67253295391292819E-02
  3.38088088088088128E+01  3.54020714998686814E-01 -2.79370310547490848E-02
  3.38588588588588664E+01  3.48995045810829352E-01 -2.89634520068655331E-02
  3.39089089089089128E+01  3.44027119471185361E-01 -2.98069098531718521E-02
  3.39589589589589664E+01  3.39111028146079463E-01 -3.04734811882778102E-02
  3.40090090090090129E+01  3.34242045240420949E-01 -3.09724408307121522E-02
  3.40590590590590594E+01  3.29417085013166577E-01 -3.13155146816827129E-02
  3.41091091091091130E+01  3.24634911495776168E-01 -3.15160405770685270E-02
  3.41591591591591595E+01  3.19896099625772645E-01 -3.15881353895246381E-02
  3.42092092092092130E+01  3.15202785130542062E-01 -3.15459562891671000E-02
  3.42592592592592595E+01  3.10558265222795893E-01 -3.14031219615681506E-02
  3.43093093093093131E+01  3.05966526316944876E-01 -3.11723299616234358E-02
  3.43593593593593596E+01  3.01431776464566203E-01 -3.08651743544046571E-02
  3.44094094094094132E+01  2.96958049817308278E-01 -3.04921384549993700E-02
  3.44594594594594597E+01  2.92548930728144863E-01 -3.00627151149889839E-02
  3.45095095095095132E+01  2.88207419923805608E-01 -2.95855944745179351E-02
  3.45595595595595597E+01  2.83935938910281793E-01 -2.90688574976065185E-02
  3.46096096096096133E+01  2.79736445626328323E-01 -2.85201222221390036E-02
  3.46596596596596669E+01  2.75610617736170793E-01 -2.79466062222711621E-02
  3.47097097097097134E+01  2.71560051965830607E-01 -2.73550899652890318E-02
  3.47597597597597670E+01  2.67586429135590109E-01 -2.67517877481830042E-02
  3.48098098098098134E+01  2.63691604129140000E-01 -2.61421520896418201E-02
  3.48598598598598670E+01  2.59877595831628172E-01 -2.55306509226242186E-02
  3.49099099099099135E+01  2.56146471112398577E-01 -2.49205628971908913E-02
  3.49599599599599671E+01  2.52500135976867490E-01 -2.43138340980627032E-02
  3.50100100100100136E+01  2.48940063053481486E-01 -2.37110303335719454E-02
  3.50600600600600600E+01  2.45466995291593049E-01 -2.31114047523335031E-02
  3.51101101101101136E+01  2.42080669798749065E-01 -2.25130834638811832E-02
  3.51601601601601601E+01  2.38779602942583269E-01 -2.19133548770372479E-02
  3.52102102102102137E+01  2.35560969050157110E-01 -2.13090341912725752E-02
  3.52602602602602602E+01  2.32420591963948181E-01 -2.06968648389043337E-02
  3.53103103103103138E+01  2.29353053570629184E-01 -2.00739147805882416E-02
  3.53603603603603602E+01  2.26351908539778268E-01 -1.94379275593460840E-02
  3.54104104104104138E+01  2.23409981986913114E-01 -1.87875951969459741E-02
  3.54604604604604674E+01  2.20519718172456664E-01 -1.81227309630341213E-02
  3.55105105105105139E+01  2.17673544523168505E-01 -1.74443329435349966E-02
  3.55605605605605675E+01  2.14864216313982448E-01 -1.67545422564225575E-02
  3.56106106106106139E+01  2.12085112678348231E-01 -1.60565109670342751E-02
  3.56606606606606675E+01  2.09330463086017382E-01 -1.53542029092044972E-02
  3.57107107107107140E+01  2.06595493575761180E-01 -1.46521549473833564E-02
  3.57607607607607676E+01  2.03876492307681595E-01 -1.39552265536542104E-02
  3.58108108108108141E+01  2.01170802996893022E-01 -1.32683623297934622E-02
  3.58608608608608677E+01  1.98476761423385606E-01 -1.25963861445943757E-02
  3.59109109109109141E+01  1.95793593844041797E-01 -1.19438380383191690E-02
  3.59609609609609606E+01  1.93121296617579347E-01 -1.13148572259750488E-02
  3.60110110110110142E+01  1.90460514014127141E-01 -1.07131075756007992E-02
  3.60610610610610607E+01  1.87812426716975928E-01 -1.01417367642668930E-02
  3.61111111111111143E+01  1.85178657873937225E-01 -9.60335748166556147E-03
  3.61611611611611607E+01  1.82561197740409964E-01 -9.10003871087500076E-03
  3.62112112112112143E+01  1.79962342921189788E-01 -8.63329702763633404E-03
  3.62612612612612608E+01  1.77384642700952444E-01 -8.20408146085560737E-03
  3.63113113113113144E+01  1.74830843392405150E-01 -7.81274997487122272E-03
  3.63613613613613680E+01  1.72303822124666495E-01 -7.45904021737779730E-03
  3.64114114114114145E+01  1.69806503813098225E-01 -7.14204103092608289E-03
  3.64614614614614680E+01  1.67341758697908405E-01 -6.86017372698573789E-03
  3.65115115115115145E+01  1.64912282140501992E-01 -6.61119289850066027E-03
  3.65615615615615681E+01  1.62520462590687753E-01 -6.39221551887882589E-03
  3.66116116116116146E+01  1.60168247103762817E-01 -6.19978444419655612E-03
  3.66616616616616682E+01  1.57857015963354302E-01 -6.02996863637096994E-03
  3.67117117117117147E+01  1.55587478541397234E-01 -5.87849804714589766E-03
  3.67617617617617682E+01  1.53359601437893817E-01 -5.74092679201779459E-03
  3.68118118118118147E+01  1.51172577369414973E-01 -5.61281460525258832E-03
  3.68618618618618612E+01  1.49024839595736369E-01 -5.48991408277773717E-03
  3.69119119119119148E+01  1.46914122399972591E-01 -5.36835018571483937E-03
  3.69619619619619613E+01  1.44837563831934774E-01 -5.24477897795967620E-03
  3.70120120120120148E+01  1.42791843120139789E-01 -5.11651448254825565E-03
  3.70620620620620613E+01  1.40773342288039116E-01 -4.98161556415603873E-03
  3.71121121121121149E+01  1.38778319857583349E-01 -4.83892845830509021E-03
  3.71621621621621685E+01  1.36803084196275487E-01 -4.68808449564497333E-03
  3.72122122122122150E+01  1.34844154996180327E-01 -4.52945624784793516E-03
  3.72622622622622686E+01  1.32898403348906485E-01 -4.36407835741855522E-03
  3.73123123123123150E+01  1.30963163575069763E-01 -4.19354142995242898E-03
  3.73623623623623686E+01  1.29036313000114450E-01 -4.01986842754221800E-03
  3.74124124124124151E+01  1.27116318859115895E-01 -3.84538301393865922E-03
  3.74624624624624687E+01  1.25202254128230689E-01 -3.67257840233181946E-03
  3.75125125125125152E+01  1.23293786073189013E-01 -3.50399367936322708E-03
  3.75625625625625688E+01  1.21391142538815028E-01 -3.34210261476622274E-03
  3.76126126126126152E+01  1.19495061457089422E-01 -3.18921791713149298E-03
  3.76626626626626688E+01  1.17606728809553890E-01 -3.04741203479029976E-03
  3.77127127127127153E+01  1.15727709510241958E-01 -2.91845413497190996E-03
  3.77627627627627689E+01  1.13859874595003449E-01 -2.80376194702448671E-03
  3.78128128128128154E+01  1.12005326943149547E-01 -2.70436675627608010E-03
  3.78628628628628618E+01  1.10166326727897668E-01 -2.62088992668228944E-03
  3.79129129129129154E+01  1.08345217054009416E-01 -2.55352978612047050E-03
  3.79629629629629619E+01  1.06544349886909279E-01 -2.50205835819544134E-03
  3.80130130130130155E+01  1.04766012424577018E-01 -2.46582808554111216E-03
  3.80630630630630691E+01  1.03012354457318725E-01 -2.44378919471022584E-03
  3.81131131131131156E+01  1.01285317889689461E-01 -2.43451857525935934E-03
  3.81631631631631691E+01  9.95865703162570892E-02 -2.43626091635643213E-03
  3.82132132132132227E+01  9.79174451908603471E-02 -2.44698235833997043E-03
  3.82632632632632692E+01  9.62788915643517512E-02 -2.46443613090674071E-03
  3.83133133133133157E+01  9.46714364808498299E-02 -2.48623867063139242E-03
  3.83633633633633693E+01  9.30951628600650977E-02 -2.50995367662038569E-03
  3.84134134134134158E+01  9.15497050528910200E-02 -2.53318062254752384E-03
  3.84634634634634693E+01  9.00342632937853604E-02 -2.55364353245958204E-03
  3.85135135135135158E+01  8.85476370864486800E-02 -2.56927545215026275E-03
  3.85635635635635694E+01  8.70882762788269538E-02 -2.57829406872858279E-03
  3.86136136136136159E+01  8.56543473508040304E-02 -2.57926435841116745E-03
  3.86636636636636695E+01  8.42438113865874860E-02 -2.57114493629229937E-03
  3.87137137137137159E+01  8.28545094425833517E-02 -2.55331585863160767E-03
  3.87637637637637624E+01  8.14842506220275070E-02 -2.52558687440278002E-03
  3.88138138138138160E+01  8.01308981571108303E-02 -2.48818641017114692E-03
  3.88638638638638625E+01  7.87924491600624222E-02 -2.44173277458620578E-03
  3.89139139139139161E+01  7.74671043789871283E-02 -2.38719007687046656E-03
  3.89639639639639697E+01  7.61533251943348893E-02 -2.32581208786930170E-03
  3.90140140140140232E+01  7.48498761125430678E-02 -2.25907768921719933E-03
  3.90640640640640697E+01  7.35558520462917947E-02 -2.18862165137748404E-03
  3.91141141141141233E+01  7.22706906175879377E-02 -2.11616428586627794E-03
  3.91641641641641698E+01  7.09941705032881287E-02 -2.04344309054179827E-03
  3.92142142142142163E+01  6.97263974136168030E-02 -1.97214892741141585E-03
  3.92642642642642699E+01  6.84677796350382506E-02 -1.90386862463017546E-03
  3.93143143143143163E+01  6.72189951917058215E-02 -1.84003525813420982E-03
  3.93643643643643699E+01  6.59809526217395165E-02 -1.78188680908657475E-03
  3.94144144144144164E+01  6.47547471798072122E-02 -1.73043345506942135E-03
  3.94644644644644700E+01  6.35416140273881158E-02 -1.68643345506776449E-03
  3.95145145145145165E+01  6.23428797161541398E-02 -1.65037742573382511E-03
  3.95645645645645700E+01  6.11599130570354768E-02 -1.62248075346190673E-03
  3.96146146146146165E+01  5.99940763300914615E-02 -1.60268390333276117E-03
  3.96646646646646630E+01  5.88466777406633779E-02 -1.59066042526372227E-03
  3.97147147147147166E+01  5.77189260578991753E-02 -1.58583247455740262E-03
  3.97647647647647702E+01  5.66118884578341378E-02 -1.58739362213667474E-03
  3.98148148148148167E+01  5.55264526981333745E-02 -1.59433860712837128E-03
  3.98648648648648702E+01  5.44632948333953412E-02 -1.60549947654240258E-03
  3.99149149149149238E+01  5.34228536984883082E-02 -1.61958727670429123E-03
  3.99649649649649703E+01  5.24053133110684161E-02 -1.63523813726614139E-03
  4.00150150150150239E+01  5.14105941549213435E-02 -1.65106226025242705E-03
  4.00650650650650704E+01  5.04383540011894005E-02 -1.66569403770466763E-03
  4.01151151151151169E+01  4.94879985197641536E-02 -1.67784131441079689E-03
  4.01651651651651704E+01  4.85587014579601101E-02 -1.68633172151342117E-03
  4.02152152152152169E+01  4.76494336587480749E-02 -1.69015405446676543E-03
  4.02652652652652705E+01  4.67589997026423981E-02 -1.68849286121977647E-03
  4.03153153153153170E+01  4.58860805317642534E-02 -1.68075473360539910E-03
  4.03653653653653706E+01  4.50292800914532595E-02 -1.66658523160864692E-03
  4.04154154154154170E+01  4.41871738330739880E-02 -1.64587587962269411E-03
  4.04654654654654706E+01  4.33583568762356195E-02 -1.61876121203235568E-03
  4.05155155155155171E+01  4.25414897291063604E-02 -1.58560636684661389E-03
  4.05655655655655636E+01  4.17353396967525062E-02 -1.54698618863039514E-03
  4.06156156156156172E+01  4.09388164422711670E-02 -1.50365717192800551E-03
  4.06656656656656708E+01  4.01510005683717378E-02 -1.45652383158520688E-03
  4.07157157157157243E+01  3.93711645188620646E-02 -1.40660121802220700E-03
  4.07657657657657708E+01  3.85987855221804899E-02 -1.35497530794631278E-03
  4.08158158158158244E+01  3.78335506800978119E-02 -1.30276291008370637E-03
  4.08658658658658709E+01  3.70753546201348511E-02 -1.25107255558601490E-03
  4.09159159159159245E+01  3.63242903668036174E-02 -1.20096762275912687E-03
  4.09659659659659710E+01  3.55806342421990732E-02 -1.15343270511517027E-03
  4.10160160160160245E+01  3.48448256882711860E-02 -1.10934399657544374E-03
  4.10660660660660710E+01  3.41174429263966655E-02 -1.06944425775161705E-03
  4.11161161161161175E+01  3.33991753540794009E-02 -1.03432275419838285E-03
  4.11661661661661711E+01  3.26907935441506300E-02 -1.00440042421880149E-03
  4.12162162162162176E+01  3.19931176766856395E-02 -9.79920435096407914E-04
  4.12662662662662711E+01  3.13069852109840313E-02 -9.60944211297956705E-04
  4.13163163163163176E+01  3.06332186006021238E-02 -9.47352951575063259E-04
  4.13663663663663712E+01  2.99725938675241381E-02 -9.38854578865949891E-04
  4.14164164164164177E+01  2.93258108744517965E-02 -9.34995974795707358E-04
  4.14664664664664713E+01  2.86934661541875420E-02 -9.35180231539818108E-04
  4.15165165165165178E+01  2.80760291569229839E-02 -9.38688506344429190E-04
  4.15665665665665713E+01  2.74738227447602172E-02 -9.44705893415829817E-04
  4.16166166166166249E+01  2.68870086856666177E-02 -9.52350545780735196E-04
  4.16666666666666714E+01  2.63155787689869011E-02 -9.60705102368527024E-04
  4.17167167167167250E+01  2.57593519808479998E-02 -9.68849321744882615E-04
  4.17667667667667715E+01  2.52179779465769791E-02 -9.75892712256187203E-04
  4.18168168168168251E+01  2.46909465814580779E-02 -9.81005894705907957E-04
  4.18668668668668715E+01  2.41776036088601730E-02 -9.83449448985907002E-04
  4.19169169169169251E+01  2.36771713271187179E-02 -9.82599084696967988E-04
  4.19669669669669716E+01  2.31887737553665915E-02 -9.77966134858064204E-04
  4.20170170170170181E+01  2.27114650836365665E-02 -9.69212591480096458E-04
  4.20670670670670717E+01  2.22442602097141957E-02 -9.56160166362303009E-04
  4.21171171171171181E+01  2.17861660742314951E-02 -9.38793150208147294E-04
  4.21671671671671717E+01  2.13362125094195935E-02 -9.17255136520784978E-04
  4.22172172172172182E+01  2.08934813920007185E-02 -8.91839952796991435E-04
  4.22672672672672718E+01  2.04571330270351751E-02 -8.62977382162624478E-04
  4.23173173173173183E+01  2.00264288726847012E-02 -8.31214450199225380E-04
  4.23673673673673719E+01  1.96007499286122190E-02 -7.97193186332636572E-04
  4.24174174174174183E+01  1.91796103353348429E-02 -7.61625844773291291E-04
  4.24674674674674719E+01  1.87626659518680371E-02 -7.25268590111687430E-04
  4.25175175175175255E+01  1.83497178811018805E-02 -6.88894625222641354E-04
  4.25675675675675720E+01  1.79407110873165097E-02 -6.53267674982246872E-04
  4.26176176176176256E+01  1.75357283934693062E-02 -6.19116650482823922E-04
  4.26676676676676720E+01  1.71349802571619698E-02 -5.87112216446623739E-04
  4.27177177177177256E+01  1.67387908069104863E-02 -5.57845878910345175E-04
  4.27677677677677721E+01  1.63475806802941201E-02 -5.31812107538451231E-04
  4.28178178178178257E+01  1.59618472495055147E-02 -5.09393910277376391E-04
  4.28678678678678722E+01  1.55821428540689391E-02 -4.90852187377439800E-04
  4.29179179179179187E+01  1.52090516896748133E-02 -4.76319104369428794E-04
  4.29679679679679722E+01  1.48431660283555936E-02 -4.65795635106887296E-04
  4.30180180180180187E+01  1.44850624679314314E-02 -4.59153331864045264E-04
  4.30680680680680723E+01  1.41352789244848318E-02 -4.56140276018879797E-04
  4.31181181181181188E+01  1.37942930852841730E-02 -4.56391048323381973E-04
  4.31681681681681724E+01  1.34625030247697789E-02 -4.59440433106640916E-04
  4.32182182182182189E+01  1.31402106468460397E-02 -4.64740439834390804E-04
  4.32682682682682724E+01  1.28276085480571976E-02 -4.71680094821216238E-04
  4.33183183183183260E+01  1.25247707959459456E-02 -4.79607334155717207E-04
  4.33683683683683725E+01  1.22316479857592503E-02 -4.87852225681188409E-04
  4.34184184184184261E+01  1.19480667808166234E-02 -4.95750672640878532E-04
  4.34684684684684726E+01  1.16737339645934662E-02 -5.02667712429902985E-04
  4.35185185185185262E+01  1.14082448457785771E-02 -5.08019526427460288E-04
  4.35685685685685726E+01  1.11510956727159591E-02 -5.11293323510746849E-04
  4.36186186186186262E+01  1.09016995426481269E-02 -5.12064349353159691E-04
  4.36686686686686727E+01  1.06594051451613710E-02 -5.10009401182162756E-04
  4.37187187187187263E+01  1.04235175673880864E-02 -5.04916385408460465E-04
  4.37687687687687728E+01  1.01933203172480166E-02 -4.96689633231419151E-04
  4.38188188188188263E+01  9.96809769336748537E-03 -4.85350875530544067E-04
  4.38688688688688728E+01  9.74715664588745277E-03 -4.71035961520545928E-04
  4.39189189189189193E+01  9.52984732751151892E-03 -4.53987575230863202E-04
  4.39689689689689729E+01  9.31558162258813542E-03 -4.34544351225121502E-04
  4.40190190190190194E+01  9.10384905570114054E-03 -4.13126909993069384E-04
  4.40690690690690730E+01  8.89422961127766566E-03 -3.90221420837780534E-04
  4.41191191191191194E+01  8.68640313335963983E-03 -3.66361355308517144E-04
  4.41691691691691730E+01  8.48015511212965936E-03 -3.42108119138555776E-04
  4.42192192192192266E+01  8.27537879481725011E-03 -3.18031248847875985E-04
  4.42692692692692802E+01  8.07207367890187301E-03 -2.94688835300958483E-04
  4.43193193193193267E+01  7.87034055267925477E-03 -2.72608795471985296E-04
  4.43693693693693731E+01  7.67037334154159652E-03 -2.52271559966556940E-04
  4.44194194194194267E+01  7.47244809827192751E-03 -2.34094681082642960E-04
  4.44694694694694732E+01  7.27690954346268612E-03 -2.18419796811731665E-04
  4.45195195195195268E+01  7.08415561913896402E-03 -2.05502311455399515E-04
  4.45695695695695733E+01  6.89462056567799030E-03 -1.95504073776035971E-04
  4.46196196196196269E+01  6.70875706927687599E-03 -1.88489248552550873E-04
  4.46696696696696733E+01  6.52701805371815741E-03 -1.84423486725469356E-04
  4.47197197197197269E+01  6.34983870433361922E-03 -1.83176403050740795E-04
  4.47697697697697734E+01  6.17761931159656590E-03 -1.84527269226613202E-04
  4.48198198198198199E+01  6.01070950421730369E-03 -1.88173726807957462E-04
  4.48698698698698735E+01  5.84939440483949434E-03 -1.93743221059103983E-04
  4.49199199199199199E+01  5.69388318411703613E-03 -2.00806758469278176E-04
  4.49699699699699735E+01  5.54430041103374637E-03 -2.08894501961452976E-04
  4.50200200200200200E+01  5.40068050029314864E-03 -2.17512644147191506E-04
  4.50700700700700736E+01  5.26296544457079910E-03 -2.26160945328747563E-04
  4.51201201201201272E+01  5.13100589504685879E-03 -2.34350293505183161E-04
  4.51701701701701808E+01  5.00456552379918620E-03 -2.41619641252241105E-04
  4.52202202202202272E+01  4.88332847299292969E-03 -2.47551700170140117E-04
  4.52702702702702737E+01  4.76690957519917101E-03 -2.51786826900575239E-04
  4.53203203203203273E+01  4.65486692307933228E-03 -2.54034612901094014E-04
  4.53703703703703738E+01  4.54671628059619051E-03 -2.54082788968141291E-04
  4.54204204204204274E+01  4.44194676598244284E-03 -2.51803169366153631E-04
  4.54704704704704739E+01  4.34003720134867876E-03 -2.47154483005075577E-04
  4.55205205205205274E+01  4.24047251567605081E-03 -2.40182063822369399E-04
  4.55705705705705739E+01  4.14275960592172272E-03 -2.31014493075434738E-04
  4.56206206206206275E+01  4.04644210246826556E-03 -2.19857397107367909E-04
  4.56706706706706740E+01  3.95111354644287621E-03 -2.06984700898571233E-04
  4.57207207207207205E+01  3.85642856307313658E-03 -1.92727717260695295E-04
  4.57707707707707740E+01  3.76211170253075173E-03 -1.77462512128963724E-04
  4.58208208208208205E+01  3.66796371307656025E-03 -1.61596027586738276E-04
  4.58708708708708741E+01  3.57386510666084277E-03 -1.45551466579632382E-04
  4.59209209209209277E+01  3.47977697102197416E-03 -1.29753448072939676E-04
  4.59709709709709742E+01  3.38573907209050503E-03 -1.14613430449846620E-04
  4.60210210210210278E+01  3.29186537419917701E-03 -1.00515876173188129E-04
  4.60710710710710813E+01  3.19833718187066641E-03 -8.78055940039423237E-05
  4.61211211211211278E+01  3.10539417487770263E-03 -7.67766480377818681E-05
  4.61711711711711743E+01  3.01332366712470621E-03 -6.76631668819077669E-05
  4.62212212212212279E+01  2.92244846900865203E-03 -6.06323226298406475E-05
  4.62712712712712744E+01  2.83311377150113593E-03 -5.57796789881064036E-05
  4.63213213213213280E+01  2.74567349733399486E-03 -5.31270321112738939E-05
  4.63713713713713744E+01  2.66047657932927395E-03 -5.26227877793176215E-05
  4.64214214214214280E+01  2.57785362704458700E-03 -5.41448362299156574E-05
  4.64714714714714745E+01  2.49810442962178011E-03 -5.75058033965569149E-05
  4.65215215215215281E+01  2.42148671449574646E-03 -6.24604770938806051E-05
  4.65715715715715746E+01  2.34820653846130271E-03 -6.87151317744132215E-05
  4.66216216216216210E+01  2.27841063023285573E-03 -7.59384089840419764E-05
  4.66716716716716746E+01  2.21218093359701762E-03 -8.37733556596379159E-05
  4.67217217217217211E+01  2.14953151990091408E-03 -9.18501817464671835E-05
  4.67717717717717747E+01  2.09040795103337127E-03 -9.97992745264701035E-05
  4.68218218218218283E+01  2.03468908291955415E-03 -1.07264001036219702E-04
  4.68718718718718819E+01  1.98219120889168857E-03 -1.13912842580424434E-04
  4.69219219219219283E+01  1.93267435623167209E-03 -1.19450436164403195E-04
  4.69719719719719819E+01  1.88585047160393375E-03 -1.23627145222689384E-04
  4.70220220220220284E+01  1.84139316543123141E-03 -1.26246843946399741E-04
  4.70720720720720820E+01  1.79894863422138990E-03 -1.27172672709927742E-04
  4.71221221221221285E+01  1.75814734527520258E-03 -1.26330602964888216E-04
  4.71721721721721750E+01  1.71861605098990768E-03 -1.23710734661681336E-04
  4.72222222222222285E+01  1.67998970007469418E-03 -1.19366333955653098E-04
  4.72722722722722750E+01  1.64192282950512505E-03 -1.13410700098554108E-04
  4.73223223223223286E+01  1.60410005233505167E-03 -1.06012024908217931E-04
  4.73723723723723751E+01  1.56624530039265689E-03 -9.73864735425159693E-05
  4.74224224224224287E+01  1.52812953490684975E-03 -8.77897696286925727E-05
  4.74724724724724751E+01  1.48957669959471923E-03 -7.75076099271621499E-05
  4.75225225225225287E+01  1.45046775706112645E-03 -6.68452630599585153E-05
  4.75725725725725752E+01  1.41080453536944960E-03 -5.60590744340803320E-05
  4.76226226226226288E+01  1.37063731177201951E-03 -4.54506950761209889E-05
  4.76726726726726753E+01  1.33002088557569753E-03 -3.53869720255288025E-05
  4.77227227227227289E+01  1.28908325080391551E-03 -2.61997364461233233E-05
  4.77727727727727824E+01  1.24801543757061136E-03 -1.81714613653457274E-05
  4.78228228228228289E+01  1.20705860047442604E-03 -1.15237866391955952E-05
  4.78728728728728825E+01  1.16648911110784400E-03 -6.40939452028760286E-06
  4.79229229229229290E+01  1.12660248511116607E-03 -2.90752815366806088E-06
  4.79729729729729826E+01  1.08769700190235489E-03 -1.02324720344117841E-06
  4.80230230230230291E+01  1.05005785787344185E-03 -6.90319742619060614E-07
  4.80730730730730755E+01  1.01394263408587397E-03 -1.77746711718288581E-06
  4.81231231231231291E+01  9.79568761853284991E-04 -4.09751744086406328E-06
  4.81731731731731756E+01  9.47103540320058906E-04 -7.41889115862245882E-06
  4.82232232232232292E+01  9.16657106921159944E-04 -1.14787445986614041E-05
  4.82732732732732757E+01  8.88278593203971237E-04 -1.59970385663171789E-05
  4.83233233233233292E+01  8.61955524268374993E-04 -2.06907806359768064E-05
  4.83733733733733757E+01  8.37616349473935262E-04 -2.52877114575284974E-05
  4.84234234234234293E+01  8.15135834031655731E-04 -2.95387645218407466E-05
  4.84734734734734758E+01  7.94342903607936812E-04 -3.32287208591721802E-05
  4.85235235235235294E+01  7.75030423646822929E-04 -3.61845988699402354E-05
  4.85735735735735759E+01  7.56966316531098617E-04 -3.82814575015551353E-05
  4.86236236236236294E+01  7.39905375771652521E-04 -3.94454401742792409E-05
  4.86736736736736830E+01  7.23601127967790267E-04 -3.96540389067398736E-05
  4.87237237237237295E+01  7.07817119244774011E-04 -3.89337049495844736E-05
  4.87737737737737831E+01  6.92337060464088606E-04 -3.73550665294756107E-05
  4.88238238238238296E+01  6.76973350485306452E-04 -3.50261296544682527E-05
  4.88738738738738832E+01  6.61573603760373663E-04 -3.20839291807379918E-05
  4.89239239239239296E+01  6.46024931359849412E-04 -2.86851607073989103E-05
  4.89739739739739761E+01  6.30255856444960553E-04 -2.49963570209857012E-05
  4.90240240240240297E+01  6.14235879264325279E-04 -2.11841749023191080E-05
  4.90740740740740762E+01  5.97972836075828578E-04 -1.74063297479479232E-05
  4.91241241241241298E+01  5.81508314395310570E-04 -1.38036586763578766E-05
  4.91741741741741762E+01  5.64911487651747297E-04 -1.04937109560802669E-05
  4.92242242242242298E+01  5.48271810510684199E-04 -7.56616230535386118E-06
  4.92742742742742763E+01  5.31691067721040298E-04 -5.08023253267100842E-06
  4.93243243243243299E+01  5.15275291565503338E-04 -3.06416062407737913E-06
  4.93743743743743764E+01  4.99127054588524273E-04 -1.51666481463509373E-06
  4.94244244244244300E+01  4.83338605638240066E-04 -4.10194714391535735E-07
  4.94744744744744835E+01  4.67986250525075933E-04  3.04324664256547002E-07
  4.95245245245245300E+01  4.53126287613113432E-04  6.91644556121304675E-07
  4.95745745745745836E+01  4.38792698833934483E-04  8.25689436051087412E-07
  4.96246246246246301E+01  4.24996674674576157E-04  7.82881647489897041E-07
  4.96746746746746837E+01  4.11727925319333929E-04  6.35776747240658311E-07
  4.97247247247247302E+01  3.98957607491207263E-04  4.47461206294209528E-07
  4.97747747747747837E+01  3.86642585786151007E-04  2.67102145793981317E-07
  4.98248248248248302E+01  3.74730655990024384E-04  1.26950085535181329E-07
  4.98748748748748838E+01  3.63166292468633729E-04  4.09859141581168508E-08
  4.99249249249249303E+01  3.51896447084277348E-04  5.27970660966693465E-09
  4.99749749749749768E+01  3.40875926087221427E-04  0.00000000000000000E+00
# pulse generated by run 1498332 (fbR0004)
