# OCT iter         41;   J_T =   9.081251971854E-06;   pulse_id =          2                                                                                                                                                                                   
#               time [ns]            Re(ampl) [au]            Im(ampl) [au]                                                                                                                                                                                    
  2.50250250250250265E-02  3.40875926087221427E-04  0.00000000000000000E+00
  7.50750750750750762E-02  3.51937182433637616E-04 -1.33084762005961643E-08
  1.25125125125125164E-01  3.63284483943415574E-04 -7.95975619988665460E-08
  1.75175175175175196E-01  3.74819107534449421E-04 -2.72354346022062630E-07
  2.25225225225225256E-01  3.86304662004594717E-04 -6.67919682230234804E-07
  2.75275275275275289E-01  3.97307512937777982E-04 -1.25556482521729961E-06
  3.25325325325325376E-01  4.07182593672116423E-04 -1.79141315239243478E-06
  3.75375375375375409E-01  4.15139608085936230E-04 -1.61797513772640585E-06
  4.25425425425425496E-01  4.20414232399501638E-04  5.11171010663064328E-07
  4.75475475475475529E-01  4.22550545094486257E-04  6.54913235418478442E-06
  5.25525525525525561E-01  4.21776760041904476E-04  1.91588078416286596E-05
  5.75575575575575593E-01  4.19430005917804428E-04  4.15502356633362037E-05
  6.25625625625625736E-01  4.18361974809354563E-04  7.71184871056482051E-05
  6.75675675675675658E-01  4.23240620111408261E-04  1.28876090033948359E-04
  7.25725725725725801E-01  4.40657911911180688E-04  1.98708605857617163E-04
  7.75775775775775833E-01  4.78962509686646336E-04  2.86518603698204962E-04
  8.25825825825825977E-01  5.47759307237663030E-04  3.89356109925420427E-04
  8.75875875875876009E-01  6.57052896880006335E-04  5.00657317691546844E-04
  9.25925925925926041E-01  8.16054927253102402E-04  6.09724122890897184E-04
  9.75975975975976073E-01  1.03172111541468972E-03  7.01573282991648818E-04
  1.02602602602602611E+00  1.30712777368580590E-03  7.57266056038451477E-04
  1.07607607607607614E+00  1.63983684684685586E-03  7.54798548182093786E-04
  1.12612612612612617E+00  2.02043058094782905E-03  6.70591004051251092E-04
  1.17617617617617620E+00  2.43142023382117130E-03  4.81561189389826554E-04
  1.22622622622622646E+00  2.84674448402584849E-03  1.67702219220491980E-04
  1.27627627627627649E+00  3.23206650594656288E-03 -2.84991295753033401E-04
  1.32632632632632652E+00  3.54604547735244517E-03 -8.81489792229988916E-04
  1.37637637637637655E+00  3.74268935543045850E-03 -1.61491308072208954E-03
  1.42642642642642659E+00  3.77478527976443353E-03 -2.46432450616324624E-03
  1.47647647647647662E+00  3.59825450081636663E-03 -3.39355487636133551E-03
  1.52652652652652665E+00  3.17710528731038810E-03 -4.35144218955982494E-03
  1.57657657657657690E+00  2.48848824505553366E-03 -5.27376146672846758E-03
  1.62662662662662671E+00  1.52723208491779600E-03 -6.08692806054190409E-03
  1.67667667667667719E+00  3.09193752370102613E-04 -6.71330657967738990E-03
  1.72672672672672722E+00 -1.12717534809695730E-03 -7.07768577682925566E-03
  1.77677677677677726E+00 -2.72145706104128578E-03 -7.11424189822660018E-03
  1.82682682682682729E+00 -4.39420940626079198E-03 -6.77316617435607532E-03
  1.87687687687687732E+00 -6.05200498307107825E-03 -6.02612060094736071E-03
  1.92692692692692713E+00 -7.59401968586367708E-03 -4.86982704354543827E-03
  1.97697697697697716E+00 -8.91938849596338353E-03 -3.32736957905705464E-03
  2.02702702702702764E+00 -9.93445105573572025E-03 -1.44714578419605504E-03
  2.07707707707707767E+00 -1.05590844989401685E-02  7.00237323185606136E-04
  2.12712712712712770E+00 -1.07315484349003627E-02  3.02654429629852081E-03
  2.17717717717717774E+00 -1.04115917110822170E-02  5.43125005062806889E-03
  2.22722722722722777E+00 -9.58191111723638925E-03  7.80694774116479605E-03
  2.27727727727727780E+00 -8.24832204518707174E-03  1.00443235084201575E-02
  2.32732732732732783E+00 -6.43913226870805079E-03  1.20364811981500883E-02
  2.37737737737737787E+00 -4.20417212412802378E-03  1.36826998777115679E-02
  2.42742742742742790E+00 -1.61374408498475021E-03  1.48919319761133696E-02
  2.47747747747747793E+00  1.24224866255659102E-03  1.56024593903960201E-02
  2.52752752752752796E+00  4.26849315242106269E-03  1.57708855555253429E-02
  2.57757757757757799E+00  7.36169282821721657E-03  1.53546228364924934E-02
  2.62762762762762803E+00  1.04061662414605318E-02  1.43295692504158637E-02
  2.67767767767767806E+00  1.32766411144900516E-02  1.26945197128717369E-02
  2.72772772772772854E+00  1.58428865081889358E-02  1.04753193897019498E-02
  2.77777777777777857E+00  1.79761962998948727E-02  7.72794134625800957E-03
  2.82782782782782860E+00  1.95573721736804762E-02  4.53967549986035359E-03
  2.87787787787787863E+00  2.04855103073748948E-02  1.02777941033709713E-03
  2.92792792792792822E+00  2.06866392284104708E-02 -2.66475645546295024E-03
  2.97797797797797825E+00  2.01211393758476305E-02 -6.37628217566946123E-03
  3.02802802802802828E+00  1.87889265502578576E-02 -9.93593225636444158E-03
  3.07807807807807876E+00  1.67316012211928232E-02 -1.31745944921371812E-02
  3.12812812812812879E+00  1.40311235927168508E-02 -1.59362912403477330E-02
  3.17817817817817883E+00  1.08050157772862348E-02 -1.80887516841529671E-02
  3.22822822822822886E+00  7.19854746296020621E-03 -1.95320250663152187E-02
  3.27827827827827889E+00  3.37475684885812531E-03 -2.02042283666001750E-02
  3.32832832832832937E+00 -4.96569563068230478E-04 -2.00839003242570951E-02
  3.37837837837837895E+00 -4.24973016230513478E-03 -1.91888872305241605E-02
  3.42842842842842899E+00 -7.73260488254001125E-03 -1.75721421604178793E-02
  3.47847847847847902E+00 -1.08139132000811752E-02 -1.53152056550556210E-02
  3.52852852852852905E+00 -1.33877053235200699E-02 -1.25203916974055123E-02
  3.57857857857857864E+00 -1.53749961252989172E-02 -9.30278969707038980E-03
  3.62862862862862912E+00 -1.67228801733588610E-02 -5.78310113516730846E-03
  3.67867867867867959E+00 -1.74018159319945555E-02 -2.08207845133307140E-03
  3.72872872872872918E+00 -1.74019818367582325E-02  1.68303009895729707E-03
  3.77877877877877966E+00 -1.67296540228337176E-02  5.40003804434218034E-03
  3.82882882882882924E+00 -1.54044312395569503E-02  8.96177791779376350E-03
  3.87887887887887972E+00 -1.34578622378184881E-02  1.22651537513739726E-02
  3.92892892892892931E+00 -1.09336645490409386E-02  1.52101420249052387E-02
  3.97897897897897979E+00 -7.88932691561709636E-03  1.76995845895865610E-02
  4.02902902902903026E+00 -4.39853127538003975E-03  1.96404427619442899E-02
  4.07907907907907941E+00 -5.53577607996012127E-04  2.09468734350136132E-02
  4.12912912912913033E+00  3.53310815659225834E-03  2.15450991689195397E-02
  4.17917917917917947E+00  7.72923617577442063E-03  2.13796420915668313E-02
  4.22922922922923039E+00  1.18853092186878943E-02  2.04201458973043599E-02
  4.27927927927927954E+00  1.58399435096896156E-02  1.86677820627446089E-02
  4.32932932932933046E+00  1.94276995273963519E-02  1.61601673132128545E-02
  4.37937937937938049E+00  2.24888434424360892E-02  1.29738251676125571E-02
  4.42942942942942963E+00  2.48801036342685827E-02  9.22349238580976588E-03
  4.47947947947948055E+00  2.64852581165735956E-02  5.05796226821675961E-03
  4.52952952952952970E+00  2.72243265900615136E-02  6.52611884605018024E-04
  4.57957957957958062E+00  2.70602578369095077E-02 -3.80079021029626311E-03
  4.62962962962962976E+00  2.60022836712055089E-02 -8.10602439271838025E-03
  4.67967967967968068E+00  2.41055134485297258E-02 -1.20748943625472276E-02
  4.72972972972973071E+00  2.14668080505922079E-02 -1.55389473854925571E-02
  4.77977977977978075E+00  1.82174298151322744E-02 -1.83592575330397620E-02
  4.82982982982983078E+00  1.45133472942249736E-02 -2.04333563255527755E-02
  4.87987987987988081E+00  1.05243255374799262E-02 -2.16987824483793404E-02
  4.92992992992993084E+00  6.42301921487448135E-03 -2.21331696907452677E-02
  4.97997997997998088E+00  2.37519870169082808E-03 -2.17512319603764409E-02
  5.03003003003003091E+00 -1.46800345791766934E-03 -2.05993707328320924E-02
  5.08008008008008094E+00 -4.97529463657900902E-03 -1.87488709499051553E-02
  5.13013013013013097E+00 -8.03775321446704299E-03 -1.62887343087673893E-02
  5.18018018018018100E+00 -1.05689702999679086E-02 -1.33191175755544289E-02
  5.23023023023023104E+00 -1.25034123235112371E-02 -9.94611739020195493E-03
  5.28028028028028107E+00 -1.37938217000195193E-02 -6.27831368881335856E-03
  5.33033033033033110E+00 -1.44085294896273142E-02 -2.42510832249850927E-03
  5.38038038038038113E+00 -1.43294566283233872E-02  1.50346336732262872E-03
  5.43043043043043117E+00 -1.35513498009765167E-02  5.39605353835573200E-03
  5.48048048048048120E+00 -1.20824763892418471E-02  9.13922325561757933E-03
  5.53053053053053123E+00 -9.94664615482521164E-03  1.26173485486637850E-02
  5.58058058058058126E+00 -7.18609628677872609E-03  1.57138648290546731E-02
  5.63063063063063129E+00 -3.86452711253848285E-03  1.83142488994436983E-02
  5.68068068068068133E+00 -6.94503484062698251E-05  2.03108021871505028E-02
  5.73073073073073136E+00  4.08696786128628139E-03  2.16089378159404176E-02
  5.78078078078078228E+00  8.46922236731121117E-03  2.21343472672802626E-02
  5.83083083083083142E+00  1.29223122644295269E-02  2.18401836715873612E-02
  5.88088088088088234E+00  1.72781217521726475E-02  2.07132881668053957E-02
  5.93093093093093149E+00  2.13639687662791657E-02  1.87785230340214160E-02
  5.98098098098098241E+00  2.50126106553138911E-02  1.61004571265308156E-02
  6.03103103103103155E+00  2.80727468159364668E-02  1.27819497075086046E-02
  6.08108108108108247E+00  3.04189390092381544E-02  8.95955423198858958E-03
  6.13113113113113251E+00  3.19598997405177374E-02  4.79605859493015090E-03
  6.18118118118118165E+00  3.26442736354447191E-02  4.70834976131949466E-04
  6.23123123123123257E+00  3.24633304380201812E-02 -3.83106107924935466E-03
  6.28128128128128171E+00  3.14503577559199290E-02 -7.92996397594097555E-03
  6.33133133133133263E+00  2.96769329231754524E-02 -1.16617725381710675E-02
  6.38138138138138178E+00  2.72466099529664052E-02 -1.48863034130876665E-02
  6.43143143143143270E+00  2.42868294332385763E-02 -1.74931670917087383E-02
  6.48148148148148273E+00  2.09400100970743956E-02 -1.94048511870827736E-02
  6.53153153153153276E+00  1.73547934273454961E-02 -2.05770597000622425E-02
  6.58158158158158280E+00  1.36782909869521407E-02 -2.09966903765321754E-02
  6.63163163163163283E+00  1.00499522268280173E-02 -2.06780873940014716E-02
  6.68168168168168197E+00  6.59736820598577980E-03 -1.96583494131843256E-02
  6.73173173173173289E+00  3.43400317849000590E-03 -1.79924876747615814E-02
  6.78178178178178293E+00  6.58552089646788439E-04 -1.57491196971793687E-02
  6.83183183183183296E+00 -1.64459793388902604E-03 -1.30071745877371088E-02
  6.88188188188188388E+00 -3.40443865021731757E-03 -9.85381420700015553E-03
  6.93193193193193213E+00 -4.56257635171649929E-03 -6.38348714749836874E-03
  6.98198198198198305E+00 -5.07314584468623181E-03 -2.69777747832861299E-03
  7.03203203203203309E+00 -4.90370779694350879E-03  1.09447116926940260E-03
  7.08208208208208401E+00 -4.03717256366440194E-03  4.87735470708442007E-03
  7.13213213213213226E+00 -2.47452343522401282E-03  8.52899455296884761E-03
  7.18218218218218318E+00 -2.37879407257766224E-04  1.19239320170677985E-02
  7.23223223223223322E+00  2.62671893680592374E-03  1.49370271238862401E-02
  7.28228228228228325E+00  6.04747053845392131E-03  1.74487857232675722E-02
  7.33233233233233417E+00  9.92653294967599242E-03  1.93517639447473577E-02
  7.38238238238238331E+00  1.41417461777812795E-02  2.05574657847407763E-02
  7.43243243243243334E+00  1.85505629383708980E-02  2.10029954398826685E-02
  7.48248248248248338E+00  2.29960974354205434E-02  2.06566761643857469E-02
  7.53253253253253430E+00  2.73149141200018583E-02  1.95219111726587340E-02
  7.58258258258258433E+00  3.13459293737960373E-02  1.76387314410742964E-02
  7.63263263263263347E+00  3.49396295101076990E-02  1.50827263833535358E-02
  7.68268268268268351E+00  3.79667426986224563E-02  1.19613504533731194E-02
  7.73273273273273443E+00  4.03255496696280635E-02  8.40789945196329658E-03
  7.78278278278278446E+00  4.19471708936957413E-02  4.57371231459594886E-03
  7.83283283283283360E+00  4.27984035818661165E-02  6.19341360712659427E-04
  7.88288288288288364E+00  4.28819658674311766E-02 -3.29447810339411834E-03
  7.93293293293293367E+00  4.22342971943684212E-02 -7.01524879900492296E-03
  7.98298298298298459E+00  4.09213224883341192E-02 -1.04058360919940113E-02
  8.03303303303303551E+00  3.90327784329835281E-02 -1.33498130263870855E-02
  8.08308308308308376E+00  3.66757995421113508E-02 -1.57547947818169956E-02
  8.13313313313313380E+00  3.39684604668552687E-02 -1.75537937703356094E-02
  8.18318318318318383E+00  3.10338751415553012E-02 -1.87048605318997294E-02
  8.23323323323323564E+00  2.79952828354636425E-02 -1.91894488461145651E-02
  8.28328328328328567E+00  2.49723361737113694E-02 -1.90100341986370082E-02
  8.33333333333333393E+00  2.20785823332891006E-02 -1.81875145869167913E-02
  8.38338338338338396E+00  1.94199312732291317E-02 -1.67588375834635955E-02
  8.43343343343343399E+00  1.70937637334243227E-02 -1.47751464309517563E-02
  8.48348348348348580E+00  1.51882665242832546E-02 -1.23005490868834961E-02
  8.53353353353353405E+00  1.37816003043166723E-02 -9.41142076773548129E-03
  8.58358358358358409E+00  1.29405991936852836E-02 -6.19598541643988712E-03
  8.63363363363363412E+00  1.27188537984462210E-02 -2.75381187911710908E-03
  8.68368368368368593E+00  1.31542123224448818E-02  8.05175902026909860E-04
  8.73373373373373596E+00  1.42659168666260782E-02  4.36253308839606394E-03
  8.78378378378378422E+00  1.60517428391812184E-02  7.79421693955681134E-03
  8.83383383383383425E+00  1.84856031002125290E-02  1.09746755976800649E-02
  8.88388388388388606E+00  2.15160987289553969E-02  1.37819854044363005E-02
  8.93393393393393609E+00  2.50664403519305877E-02  1.61037289678951298E-02
  8.98398398398398612E+00  2.90360350876020003E-02  1.78431492711746513E-02
  9.03403403403403438E+00  3.33038523889982174E-02  1.89250164602016470E-02
  9.08408408408408441E+00  3.77334733290479035E-02  1.93006194207218061E-02
  9.13413413413413622E+00  4.21795220089582340E-02  1.89513486676039546E-02
  9.18418418418418625E+00  4.64950040458694813E-02  1.78904636467887360E-02
  9.23423423423423451E+00  5.05389599142719234E-02  1.61628191006947391E-02
  9.28428428428428454E+00  5.41837963116415730E-02  1.38425367481571169E-02
  9.33433433433433635E+00  5.73216921556234313E-02  1.10288212968724340E-02
  9.38438438438438638E+00  5.98695815813036977E-02  7.84030518596717275E-03
  9.43443443443443641E+00  6.17723785532750813E-02  4.40844038806508312E-03
  9.48448448448448467E+00  6.30043030172725282E-02  8.70521936371447254E-04
  9.53453453453453648E+00  6.35683695104726776E-02 -2.63707948134777291E-03
  9.58458458458458651E+00  6.34942786281802729E-02 -5.98497487367934643E-03
  9.63463463463463654E+00  6.28350866988089535E-02 -9.05573433016618884E-03
  9.68468468468468657E+00  6.16631038995348185E-02 -1.17475788001359209E-02
  9.73473473473473661E+00  6.00654797987553099E-02 -1.39767528208613098E-02
  9.78478478478478664E+00  5.81398819047058771E-02 -1.56786997862954462E-02
  9.83483483483483667E+00  5.59905701933675962E-02 -1.68082780985516385E-02
  9.88488488488488670E+00  5.37250383810284060E-02 -1.73393208541085461E-02
  9.93493493493493496E+00  5.14512538554583038E-02 -1.72638482318430743E-02
  9.98498498498498677E+00  4.92754053487653373E-02 -1.65911943321897376E-02
  1.00350350350350368E+01  4.72999795389388925E-02 -1.53472209341853957E-02
  1.00850850850850868E+01  4.56219472304172854E-02 -1.35736775484139628E-02
  1.01351351351351369E+01  4.43308508819005298E-02 -1.13276512624898504E-02
  1.01851851851851869E+01  4.35066438496559058E-02 -8.68095180937823382E-03
  1.02352352352352369E+01  4.32172261157981602E-02 -5.71921407248957969E-03
  1.02852852852852870E+01  4.35157343426735843E-02 -2.54048283224304157E-03
  1.03353353353353370E+01  4.44377560606170272E-02  7.46923659409057337E-04
  1.03853853853853870E+01  4.59987293378040854E-02  4.02739821012658428E-03
  1.04354354354354371E+01  4.81918444612851743E-02  7.18189456489645110E-03
  1.04854854854854871E+01  5.09867727490626935E-02  1.00925335493400135E-02
  1.05355355355355371E+01  5.43295065017275966E-02  1.26477325446528333E-02
  1.05855855855855872E+01  5.81435076155372155E-02  1.47475227173432116E-02
  1.06356356356356372E+01  6.23322415185400894E-02  1.63086526447014657E-02
  1.06856856856856872E+01  6.67830338315715949E-02  1.72690584024661545E-02
  1.07357357357357373E+01  7.13720480765862725E-02  1.75913124598413018E-02
  1.07857857857857873E+01  7.59700623629934596E-02  1.72647433875991879E-02
  1.08358358358358373E+01  8.04486371033028558E-02  1.63060354378570631E-02
  1.08858858858858873E+01  8.46862254056918728E-02  1.47582564954959333E-02
  1.09359359359359374E+01  8.85737875095744809E-02  1.26884068965790516E-02
  1.09859859859859874E+01  9.20195282634542477E-02  1.01837120397957025E-02
  1.10360360360360374E+01  9.49524735759541272E-02  7.34698272539025671E-03
  1.10860860860860893E+01  9.73247243308846544E-02  4.29142732596050902E-03
  1.11361361361361375E+01  9.91123577820703233E-02  1.13531375139403921E-03
  1.11861861861861875E+01  1.00315069733110343E-01 -2.00315220630869345E-03
  1.12362362362362376E+01  1.00954750606784230E-01 -5.01043491011141269E-03
  1.12862862862862876E+01  1.01073253644472200E-01 -7.78156119877534014E-03
  1.13363363363363376E+01  1.00729638323528325E-01 -1.02232006993928023E-02
  1.13863863863863877E+01  9.99971571593640390E-02 -1.22559385851300062E-02
  1.14364364364364377E+01  9.89602056825807930E-02 -1.38158269496744968E-02
  1.14864864864864877E+01  9.77113844465384573E-02 -1.48553534618117242E-02
  1.15365365365365395E+01  9.63487420494891500E-02 -1.53439841625299181E-02
  1.15865865865865878E+01  9.49731934980271586E-02 -1.52684217703062727E-02
  1.16366366366366378E+01  9.36860512834289394E-02 -1.46326775824625315E-02
  1.16866866866866879E+01  9.25865762647509610E-02 -1.34579940958269272E-02
  1.17367367367367397E+01  9.17694560668309151E-02 -1.17825893662994920E-02
  1.17867867867867897E+01  9.13221491790697365E-02 -9.66113585527762601E-03
  1.18368368368368380E+01  9.13220873338417838E-02 -7.16384744443879836E-03
  1.18868868868868880E+01  9.18337972323644142E-02 -4.37503650191944145E-03
  1.19369369369369380E+01  9.29060731711186805E-02 -1.39102193991489254E-03
  1.19869869869869898E+01  9.45693921030634627E-02  1.68268224099926006E-03
  1.20370370370370381E+01  9.68338011299843537E-02  4.73489640614014121E-03
  1.20870870870870881E+01  9.96875164590726448E-02  7.65293551397846529E-03
  1.21371371371371382E+01  1.03096448810691910E-01  1.03272255463204444E-02
  1.21871871871871900E+01  1.07004814241466656E-01  1.26561251896549400E-02
  1.22372372372372400E+01  1.11336907055946496E-01  1.45506477401571091E-02
  1.22872872872872883E+01  1.16000012436437844E-01  1.59387549337250099E-02
  1.23373373373373383E+01  1.20888332638208751E-01  1.67689064073301974E-02
  1.23873873873873901E+01  1.25887704952952789E-01  1.70125955969915379E-02
  1.24374374374374401E+01  1.30880814132248668E-01  1.66656802407020542E-02
  1.24874874874874902E+01  1.35752556073987091E-01  1.57484144335194587E-02
  1.25375375375375384E+01  1.40395199000009463E-01  1.43041976831447606E-02
  1.25875875875875884E+01  1.44713014199112117E-01  1.23971616629288857E-02
  1.26376376376376403E+01  1.48626107026165633E-01  1.01088048536675003E-02
  1.26876876876876903E+01  1.52073262309746021E-01  7.53394868849530629E-03
  1.27377377377377385E+01  1.55013715510933514E-01  4.77631946590602319E-03
  1.27877877877877886E+01  1.57427859143318888E-01  1.94405603281484979E-03
  1.28378378378378404E+01  1.59316980541104436E-01 -8.54593219025366591E-04
  1.28878878878878904E+01  1.60702191488434371E-01 -3.51518198416337149E-03
  1.29379379379379404E+01  1.61622745500091314E-01 -5.94046021265670892E-03
  1.29879879879879887E+01  1.62133942270519360E-01 -8.04320288334287210E-03
  1.30380380380380387E+01  1.62304793521301532E-01 -9.74849363612075720E-03
  1.30880880880880888E+01  1.62215577219683327E-01 -1.09955316435063327E-02
  1.31381381381381388E+01  1.61955348308727598E-01 -1.17390517257823131E-02
  1.31881881881881888E+01  1.61619415727085630E-01 -1.19504410919952907E-02
  1.32382382382382406E+01  1.61306749303118779E-01 -1.16186044509564851E-02
  1.32882882882882907E+01  1.61117255483686994E-01 -1.07505802584312721E-02
  1.33383383383383372E+01  1.61148863301230155E-01 -9.37185540487930555E-03
  1.33883883883883872E+01  1.61494392116654589E-01 -7.52627593234016061E-03
  1.34384384384384390E+01  1.62238226063305541E-01 -5.27541894713991991E-03
  1.34884884884884890E+01  1.63452887910369243E-01 -2.69728466073235586E-03
  1.35385385385385391E+01  1.65195675382147439E-01  1.15807881393027002E-04
  1.35885885885885891E+01  1.67505582795824448E-01  3.06018277906174073E-03
  1.36386386386386391E+01  1.70400768167670996E-01  6.02460855489766241E-03
  1.36886886886886909E+01  1.73876831592293113E-01  8.89482586760826331E-03
  1.37387387387387410E+01  1.77906140126664641E-01  1.15585928214328969E-02
  1.37887887887887874E+01  1.82438368382505184E-01  1.39109557051291192E-02
  1.38388388388388393E+01  1.87402328745023050E-01  1.58593954078458249E-02
  1.38888888888888893E+01  1.92709051458870712E-01  1.73284779106473406E-02
  1.39389389389389393E+01  1.98255956823970070E-01  1.82636564589346538E-02
  1.39889889889889893E+01  2.03931854739953095E-01  1.86339329898965456E-02
  1.40390390390390394E+01  2.09622425201858087E-01  1.84331810763358230E-02
  1.40890890890890894E+01  2.15215788398840813E-01  1.76800509415189107E-02
  1.41391391391391412E+01  2.20607771315103091E-01  1.64165042565248033E-02
  1.41891891891891913E+01  2.25706519763139213E-01  1.47051461040260140E-02
  1.42392392392392377E+01  2.30436184946873457E-01  1.26256180854661237E-02
  1.42892892892892895E+01  2.34739520694843468E-01  1.02703775900521519E-02
  1.43393393393393396E+01  2.38579346064328901E-01  7.74020640846609462E-03
  1.43893893893893896E+01  2.41938940903931365E-01  5.13976631256129243E-03
  1.44394394394394396E+01  2.44821532844546136E-01  2.57345591758073719E-03
  1.44894894894894897E+01  2.47249090316960352E-01  1.41734146794120908E-04
  1.45395395395395415E+01  2.49260650663839761E-01 -2.06202279804185108E-03
  1.45895895895895915E+01  2.50910385536507186E-01 -3.95415408932101465E-03
  1.46396396396396415E+01  2.52265545230767607E-01 -5.46292509593778765E-03
  1.46896896896896916E+01  2.53404343319855674E-01 -6.53043404698091037E-03
  1.47397397397397398E+01  2.54413760638484254E-01 -7.11432020529447970E-03
  1.47897897897897899E+01  2.55387181789347162E-01 -7.18932922863976462E-03
  1.48398398398398399E+01  2.56421743547777081E-01 -6.74871423689107127E-03
  1.48898898898898899E+01  2.57615282661139811E-01 -5.80536353304247996E-03
  1.49399399399399400E+01  2.59062822459753928E-01 -4.39246771725225818E-03
  1.49899899899899918E+01  2.60852626635704909E-01 -2.56348927267186465E-03
  1.50400400400400418E+01  2.63061959923893252E-01 -3.91191547869622813E-04
  1.50900900900900918E+01  2.65752809184755356E-01  2.03447085940842813E-03
  1.51401401401401419E+01  2.68967912430586431E-01  4.60970330055487931E-03
  1.51901901901901901E+01  2.72727497387655948E-01  7.22143246476357643E-03
  1.52402402402402402E+01  2.77027130510034580E-01  9.75289126716112273E-03
  1.52902902902902902E+01  2.81837015598827900E-01  1.20898878239018553E-02
  1.53403403403403402E+01  2.87102961833439085E-01  1.41272937673823703E-02
  1.53903903903903903E+01  2.92749077323963103E-01  1.57752112472294322E-02
  1.54404404404404421E+01  2.98682057483038554E-01  1.69642670113899600E-02
  1.54904904904904921E+01  3.04796753758578676E-01  1.76495421819394538E-02
  1.55405405405405421E+01  3.10982554705143244E-01  1.78127732166308630E-02
  1.55905905905905922E+01  3.17130011852607974E-01  1.74626380535779432E-02
  1.56406406406406404E+01  3.23137113990216496E-01  1.66331479193410903E-02
  1.56906906906906904E+01  3.28914661752324089E-01  1.53803707997273807E-02
  1.57407407407407405E+01  3.34390314471322447E-01  1.37778872694762668E-02
  1.57907907907907905E+01  3.39511056412500012E-01  1.19114972513298251E-02
  1.58408408408408423E+01  3.44244033735121413E-01  9.87373961655779731E-03
  1.58908908908908924E+01  3.48575915489468036E-01  7.75874923749284538E-03
  1.59409409409409424E+01  3.52511100022811996E-01  5.65786516618607682E-03
  1.59909909909909924E+01  3.56069195813973616E-01  3.65623848272497633E-03
  1.60410410410410442E+01  3.59282236409003697E-01  1.83049797599008708E-03
  1.60910910910910943E+01  3.62192039425357382E-01  2.47349848439690526E-04
  1.61411411411411407E+01  3.64848000408360906E-01 -1.03715342256154985E-03
  1.61911911911911908E+01  3.67305447252852912E-01 -1.97801466526353886E-03
  1.62412412412412408E+01  3.69624502309340852E-01 -2.54169859549577227E-03
  1.62912912912912908E+01  3.71869242596399918E-01 -2.70679457509026816E-03
  1.63413413413413409E+01  3.74106845696710266E-01 -2.46504154492593452E-03
  1.63913913913913909E+01  3.76406382282670871E-01 -1.82264330588600607E-03
  1.64414414414414445E+01  3.78836973961990453E-01 -8.01628570571979613E-04
  1.64914914914914945E+01  3.81465169087380707E-01  5.59121849299779798E-04
  1.65415415415415445E+01  3.84351575696486258E-01  2.20361739588157768E-03
  1.65915915915915910E+01  3.87546994554325674E-01  4.05967369143407121E-03
  1.66416416416416411E+01  3.91088475662147550E-01  6.04128001187621919E-03
  1.66916916916916911E+01  3.94995840011848176E-01  8.05249327465410759E-03
  1.67417417417417411E+01  3.99269235866393235E-01  9.99268607394549965E-03
  1.67917917917917912E+01  4.03888222110970030E-01  1.17627277123884041E-02
  1.68418418418418447E+01  4.08812695839248619E-01  1.32714739042718577E-02
  1.68918918918918948E+01  4.13985731728397810E-01  1.44418239941650189E-02
  1.69419419419419448E+01  4.19338116584237364E-01  1.52156020604627667E-02
  1.69919919919919948E+01  4.24794092142649515E-01  1.55566390287300294E-02
  1.70420420420420413E+01  4.30277611675331850E-01  1.54516641061899027E-02
  1.70920920920920913E+01  4.35718311716556450E-01  1.49089221206645459E-02
  1.71421421421421414E+01  4.41056423793381391E-01  1.39547696391046552E-02
  1.71921921921921914E+01  4.46246005512586696E-01  1.26288101219965716E-02
  1.72422422422422414E+01  4.51256135573899320E-01  1.09783517376909126E-02
  1.72922922922922950E+01  4.56070051922130071E-01  9.05306752145884457E-03
  1.73423423423423451E+01  4.60682559892899413E-01  6.90068340213512068E-03
  1.73923923923923951E+01  4.65096335577344255E-01  4.56431824128216562E-03
  1.74424424424424451E+01  4.69317941716773435E-01  2.08178162942695717E-03
  1.74924924924924952E+01  4.73354418519760678E-01 -5.13246509806435970E-04
  1.75425425425425416E+01  4.77211194317446741E-01 -3.18860655142699182E-03
  1.75925925925925917E+01  4.80891795334889627E-01 -5.91037050179988276E-03
  1.76426426426426417E+01  4.84399463807484110E-01 -8.63978364518413165E-03
  1.76926926926926953E+01  4.87740385966176249E-01 -1.13313277053795243E-02
  1.77427427427427453E+01  4.90927864420722004E-01 -1.39325951879551730E-02
  1.77927927927927954E+01  4.93986518475228620E-01 -1.63863107634255947E-02
  1.78428428428428454E+01  4.96955517703917549E-01 -1.86343933228748614E-02
  1.78928928928928954E+01  4.99889973895587980E-01 -2.06235078232482848E-02
  1.79429429429429455E+01  5.02859920131626281E-01 -2.23112011378086839E-02
  1.79929929929929919E+01  5.05946739895632436E-01 -2.36715291291037556E-02
  1.80430430430430420E+01  5.09237389752897340E-01 -2.46991096992402667E-02
  1.80930930930930920E+01  5.12817188133476654E-01 -2.54107812963117602E-02
  1.81431431431431456E+01  5.16762228714379268E-01 -2.58444638572342851E-02
  1.81931931931931956E+01  5.21132556026040139E-01 -2.60553256347849684E-02
  1.82432432432432456E+01  5.25967092625966193E-01 -2.61098488078894686E-02
  1.82932932932932957E+01  5.31280960473619612E-01 -2.60787541645354608E-02
  1.83433433433433457E+01  5.37065367729212984E-01 -2.60299100542060284E-02
  1.83933933933933957E+01  5.43289739375286573E-01 -2.60222761936691714E-02
  1.84434434434434422E+01  5.49905366421531538E-01 -2.61016346716888871E-02
  1.84934934934934923E+01  5.56849627335326058E-01 -2.62984056571343543E-02
  1.85435435435435423E+01  5.64049851075998920E-01 -2.66273391189796038E-02
  1.85935935935935959E+01  5.71426144661154600E-01 -2.70884381378474863E-02
  1.86436436436436459E+01  5.78892943424287099E-01 -2.76682159818707231E-02
  1.86936936936936959E+01  5.86359554341457700E-01 -2.83403933251344005E-02
  1.87437437437437460E+01  5.93730419144029464E-01 -2.90654212251151810E-02
  1.87937937937937960E+01  6.00906092800107317E-01 -2.97887185677618883E-02
  1.88438438438438460E+01  6.07785917210563187E-01 -3.04381239868363150E-02
  1.88938938938938961E+01  6.14273036471019940E-01 -3.09216225470439823E-02
  1.89439439439439425E+01  6.20281797147595682E-01 -3.11267496980768207E-02
  1.89939939939939961E+01  6.25746833053901663E-01 -3.09230682185921077E-02
  1.90440440440440462E+01  6.30632433541624904E-01 -3.01687044576085354E-02
  1.90940940940940962E+01  6.34940334627854486E-01 -2.87211674746529165E-02
  1.91441441441441462E+01  6.38714009911358405E-01 -2.64517102461550545E-02
  1.91941941941941963E+01  6.42037940159544407E-01 -2.32615486901035298E-02
  1.92442442442442463E+01  6.45031156088710200E-01 -1.90975702042557351E-02
  1.92942942942942963E+01  6.47835414154672606E-01 -1.39649277727073324E-02
  1.93443443443443464E+01  6.50599440422586439E-01 -7.93421404714907998E-03
  1.93943943943943928E+01  6.53461509147467035E-01 -1.14169809857026178E-03
  1.94444444444444464E+01  6.56533010249171545E-01  6.21777789868850107E-03
  1.94944944944944965E+01  6.59885509265448866E-01  1.39044448726847146E-02
  1.95445445445445465E+01  6.63543150446306296E-01  2.16519705332795034E-02
  1.95945945945945965E+01  6.67481253900137239E-01  2.91880690995430757E-02
  1.96446446446446465E+01  6.71630846313667651E-01  3.62547373810090182E-02
  1.96946946946946966E+01  6.75887897960621764E-01  4.26258429253699792E-02
  1.97447447447447466E+01  6.80125429896116129E-01  4.81205090247812522E-02
  1.97947947947947966E+01  6.84206520048501798E-01  5.26116293513928177E-02
  1.98448448448448431E+01  6.87996560540381719E-01  5.60296659733289446E-02
  1.98948948948948967E+01  6.91373756437090092E-01  5.83624372510186257E-02
  1.99449449449449467E+01  6.94237573539491226E-01  5.96517815179450628E-02
  1.99949949949949968E+01  6.96515388064558372E-01  5.99878161363100598E-02
  2.00450450450450468E+01  6.98167782608675180E-01  5.95011537090484807E-02
  2.00950950950950968E+01  6.99192730591213674E-01  5.83531141141770057E-02
  2.01451451451451469E+01  6.99628440548906938E-01  5.67238915493444781E-02
  2.01951951951951969E+01  6.99554141654356254E-01  5.47989005455818828E-02
  2.02452452452452469E+01  6.99087859510735377E-01  5.27540730584905165E-02
  2.02952952952952970E+01  6.98380443254572825E-01  5.07415008848999885E-02
  2.03453453453453470E+01  6.97605768805783177E-01  4.88772354252880389E-02
  2.03953953953953970E+01  6.96947968020503739E-01  4.72330383932191497E-02
  2.04454454454454471E+01  6.96587393547472233E-01  4.58333398906994247E-02
  2.04954954954954971E+01  6.96687485349453905E-01  4.46577168936320990E-02
  2.05455455455455471E+01  6.97384538992639191E-01  4.36481329232908943E-02
  2.05955955955955972E+01  6.98781585105574088E-01  4.27193253340051385E-02
  2.06456456456456472E+01  7.00946406124982935E-01  4.17703810918217677E-02
  2.06956956956956972E+01  7.03912543588345763E-01  4.06958272303048971E-02
  2.07457457457457473E+01  7.07681428474950414E-01  3.93953698316851578E-02
  2.07957957957957973E+01  7.12223816432444590E-01  3.77824212463205439E-02
  2.08458458458458473E+01  7.17479582863651322E-01  3.57923176980901661E-02
  2.08958958958958974E+01  7.23356355723519084E-01  3.33912508924997103E-02
  2.09459459459459474E+01  7.29728888745557303E-01  3.05862404846980462E-02
  2.09959959959959974E+01  7.36441858881301092E-01  2.74351240066942406E-02
  2.10460460460460475E+01  7.43318416356468337E-01  2.40540456814473357E-02
  2.10960960960960975E+01  7.50175221917656398E-01  2.06189896689094945E-02
  2.11461461461461475E+01  7.56842281964761887E-01  1.73581575020072022E-02
  2.11961961961961975E+01  7.63183483012476960E-01  1.45336932614228038E-02
  2.12462462462462476E+01  7.69112337110687494E-01  1.24141034512660915E-02
  2.12962962962962976E+01  7.74597846985736971E-01  1.12418377790846832E-02
  2.13463463463463476E+01  7.79657749364818797E-01  1.12027414693827952E-02
  2.13963963963963977E+01  7.84340099086087927E-01  1.24044620811760882E-02
  2.14464464464464477E+01  7.88697997133368189E-01  1.48689857661290503E-02
  2.14964964964964977E+01  7.92764826796103828E-01  1.85407026464514124E-02
  2.15465465465465478E+01  7.96537572434820595E-01  2.33069057510121788E-02
  2.15965965965965978E+01  7.99973372657810988E-01  2.90239124941818402E-02
  2.16466466466466478E+01  8.03000078217407598E-01  3.55403867955991978E-02
  2.16966966966966979E+01  8.05536693654747338E-01  4.27106035159836375E-02
  2.17467467467467479E+01  8.07515927225097463E-01  5.03940798105879870E-02
  2.17967967967967979E+01  8.08900078787873955E-01  5.84430507839819174E-02
  2.18468468468468480E+01  8.09683705240044627E-01  6.66839843690213568E-02
  2.18968968968968980E+01  8.09881311124063696E-01  7.49020138617245007E-02
  2.19469469469469480E+01  8.09504101825375244E-01  8.28367326422484451E-02
  2.19969969969969981E+01  8.08534521076479051E-01  9.01942095364089563E-02
  2.20470470470470481E+01  8.06909063459830156E-01  9.66744374707527165E-02
  2.20970970970970981E+01  8.04517851069694645E-01  1.02007619118783671E-01
  2.21471471471471517E+01  8.01224151494913439E-01  1.05988800424869217E-01
  2.21971971971971982E+01  7.96900086011729680E-01  1.08499928020576827E-01
  2.22472472472472482E+01  7.91468646097880479E-01  1.09511841064717841E-01
  2.22972972972972983E+01  7.84939113534247501E-01  1.09065037695845787E-01
  2.23473473473473483E+01  7.77424384975579641E-01  1.07235152021552982E-01
  2.23973973973973983E+01  7.69134259735911985E-01  1.04094373163971327E-01
  2.24474474474474484E+01  7.60346576597492940E-01  9.96815078435610291E-02
  2.24974974974974984E+01  7.51365364771920619E-01  9.39903779309856774E-02
  2.25475475475475520E+01  7.42479251649244221E-01  8.69797688441081990E-02
  2.25975975975976020E+01  7.33932786123690395E-01  7.86005150325361501E-02
  2.26476476476476485E+01  7.25918353187094856E-01  6.88292673537052313E-02
  2.26976976976976985E+01  7.18588809984848420E-01  5.76962078237551954E-02
  2.27477477477477485E+01  7.12083576206307245E-01  4.52962929082535229E-02
  2.27977977977977986E+01  7.06556277624523554E-01  3.17797084849694711E-02
  2.28478478478478486E+01  7.02191779806560890E-01  1.73249259733587076E-02
  2.28978978978978986E+01  6.99204604219912262E-01  2.10427080848871271E-03
  2.29479479479479487E+01  6.97817761592964048E-01 -1.37451330000450626E-02
  2.29979979979980023E+01  6.98228419117317034E-01 -3.01338927684834113E-02
  2.30480480480480523E+01  7.00571893850379324E-01 -4.70109906023809740E-02
  2.30980980980980988E+01  7.04896433745293094E-01 -6.43349884357480861E-02
  2.31481481481481488E+01  7.11157770986101334E-01 -8.20353093659857147E-02
  2.31981981981981988E+01  7.19235727934167457E-01 -9.99769405831144042E-02
  2.32482482482482489E+01  7.28967569847831065E-01 -1.17941129240543036E-01
  2.32982982982982989E+01  7.40187004512777857E-01 -1.35629487873321991E-01
  2.33483483483483489E+01  7.52755810596506647E-01 -1.52691144637003590E-01
  2.33983983983983990E+01  7.66577779606775755E-01 -1.68764871518016141E-01
  2.34484484484484526E+01  7.81591075759190734E-01 -1.83523227177148723E-01
  2.34984984984985026E+01  7.97742970345951652E-01 -1.96705424552914093E-01
  2.35485485485485526E+01  8.14957335382711312E-01 -2.08130004673372226E-01
  2.35985985985985991E+01  8.33107912987615551E-01 -2.17685875140294777E-01
  2.36486486486486491E+01  8.52008221414954803E-01 -2.25308111341113670E-01
  2.36986986986986992E+01  8.71422782207851854E-01 -2.30950237773006578E-01
  2.37487487487487492E+01  8.91096395744118586E-01 -2.34565543616945454E-01
  2.37987987987987992E+01  9.10791358703745058E-01 -2.36106015111548745E-01
  2.38488488488488528E+01  9.30319342235537583E-01 -2.35540130771705908E-01
  2.38988988988989028E+01  9.49556386602477320E-01 -2.32882790434168541E-01
  2.39489489489489529E+01  9.68435585324586734E-01 -2.28225084007048384E-01
  2.39989989989990029E+01  9.86920326317946461E-01 -2.21750682557274537E-01
  2.40490490490490494E+01  1.00496831449835100E+00 -2.13729861038988694E-01
  2.40990990990990994E+01  1.02250017397765625E+00 -2.04490044947985283E-01
  2.41491491491491495E+01  1.03938478065520057E+00 -1.94370346795926852E-01
  2.41991991991991995E+01  1.05544718094577217E+00 -1.83673535156556850E-01
  2.42492492492492495E+01  1.07049639774695171E+00 -1.72629941942934323E-01
  2.42992992992993031E+01  1.08436290676729041E+00 -1.61383525549080670E-01
  2.43493493493493531E+01  1.09693202362836306E+00 -1.50002301249706427E-01
  2.43993993993994032E+01  1.10816128764914001E+00 -1.38506725878117076E-01
  2.44494494494494532E+01  1.11807642159537912E+00 -1.26903744326655410E-01
  2.44994994994994997E+01  1.12674891816272038E+00 -1.15213321986563144E-01
  2.45495495495495497E+01  1.13426523398232382E+00 -1.03478574743418136E-01
  2.45995995995995997E+01  1.14070010989550119E+00 -9.17580896346820163E-02
  2.46496496496496498E+01  1.14610375782641305E+00 -8.01064646533126284E-02
  2.46996996996997034E+01  1.15050594883813750E+00 -6.85534180753468447E-02
  2.47497497497497534E+01  1.15393244995027122E+00 -5.70914372351988900E-02
  2.47997997997998034E+01  1.15642411824334523E+00 -4.56773496809045887E-02
  2.48498498498498535E+01  1.15804841470507935E+00 -3.42466739922368604E-02
  2.48998998998999035E+01  1.15889718580434886E+00 -2.27341210567647486E-02
  2.49499499499499535E+01  1.15907123929948552E+00 -1.10915146175272761E-02
  2.50000000000000000E+01  1.15865837265601024E+00  7.03628044156775004E-04
  2.50500500500500500E+01  1.15771432712572464E+00  1.26507656590602331E-02
  2.51001001001001001E+01  1.15625449445602246E+00  2.47368671185770918E-02
  2.51501501501501536E+01  1.15425903628440762E+00  3.69481537980828195E-02
  2.52002002002002037E+01  1.15168789905207469E+00  4.92765312650417509E-02
  2.52502502502502537E+01  1.14849790968201360E+00  6.17174647237397345E-02
  2.53003003003003037E+01  1.14465367452482769E+00  7.42607363985999108E-02
  2.53503503503503538E+01  1.14012752501400816E+00  8.68792846491519694E-02
  2.54004004004004038E+01  1.13488954325105595E+00  9.95223224821668168E-02
  2.54504504504504503E+01  1.12889397441846273E+00  1.12116683392376612E-01
  2.55005005005005003E+01  1.12207053489776287E+00  1.24575951295654311E-01
  2.55505505505505504E+01  1.11432713390758975E+00  1.36812576887352766E-01
  2.56006006006006039E+01  1.10556519639060968E+00  1.48746085572914244E-01
  2.56506506506506540E+01  1.09570256012752143E+00  1.60301843510896241E-01
  2.57007007007007040E+01  1.08469475904481438E+00  1.71399244958648944E-01
  2.57507507507507540E+01  1.07254546555560970E+00  1.81933700380120023E-01
  2.58008008008008041E+01  1.05930116304847788E+00  1.91760863801631154E-01
  2.58508508508508541E+01  1.04503196814176968E+00  2.00692075988959495E-01
  2.59009009009009006E+01  1.02980690562688704E+00  2.08506448805773265E-01
  2.59509509509509506E+01  1.01367496281983449E+00  2.14978625605223406E-01
  2.60010010010010042E+01  9.96661434369322641E-01  2.19914599222334584E-01
  2.60510510510510542E+01  9.78783001716747258E-01  2.23183878494587734E-01
  2.61011011011011078E+01  9.60077090382742804E-01  2.24736650359652124E-01
  2.61511511511511543E+01  9.40634566567627672E-01  2.24599512477476004E-01
  2.62012012012012008E+01  9.20622532085495937E-01  2.22851093327054411E-01
  2.62512512512512544E+01  9.00286970288676325E-01  2.19586435045406009E-01
  2.63013013013013008E+01  8.79932253612462190E-01  2.14883343474675692E-01
  2.63513513513513544E+01  8.59883241697398271E-01  2.08783186339569743E-01
  2.64014014014014009E+01  8.40442432099294701E-01  2.01293030807079998E-01
  2.64514514514514545E+01  8.21856690007730872E-01  1.92407696088481406E-01
  2.65015015015015045E+01  8.04304628081426776E-01  1.82142480745154572E-01
  2.65515515515515581E+01  7.87908021852930629E-01  1.70563036757254594E-01
  2.66016016016016046E+01  7.72761632294249656E-01  1.57799771742360206E-01
  2.66516516516516511E+01  7.58968864483654859E-01  1.44039956441303851E-01
  2.67017017017017046E+01  7.46668439389679084E-01  1.29499230740477922E-01
  2.67517517517517511E+01  7.36040553585926238E-01  1.14382228137127839E-01
  2.68018018018018047E+01  7.27288624191191113E-01  9.88465325292731678E-02
  2.68518518518518512E+01  7.20601821852623670E-01  8.29834239185389816E-02
  2.69019019019019048E+01  7.16110809234541512E-01  6.68231152671544260E-02
  2.69519519519519548E+01  7.13851789709419760E-01  5.03635409480973489E-02
  2.70020020020020084E+01  7.13751188106214629E-01  3.36133779066555768E-02
  2.70520520520520549E+01  7.15636084995334487E-01  1.66348873808320891E-02
  2.71021021021021014E+01  7.19266538340031403E-01 -4.27819356934532838E-04
  2.71521521521521549E+01  7.24378411245790499E-01 -1.73443665570819604E-02
  2.72022022022022014E+01  7.30722021650326625E-01 -3.38184289623529033E-02
  2.72522522522522550E+01  7.38084072198371688E-01 -4.95250204913625786E-02
  2.73023023023023050E+01  7.46287138145383389E-01 -6.41513195292214428E-02
  2.73523523523523551E+01  7.55169930490276253E-01 -7.74270244420042775E-02
  2.74024024024024051E+01  7.64559177163660841E-01 -8.91350347930116443E-02
  2.74524524524524587E+01  7.74247285053165313E-01 -9.91016048463961852E-02
  2.75025025025025052E+01  7.83987608967111949E-01 -1.07173764330540655E-01
  2.75525525525525516E+01  7.93512015047164065E-01 -1.13197322028537967E-01
  2.76026026026026052E+01  8.02566229790729335E-01 -1.17008916107707917E-01
  2.76526526526526517E+01  8.10950785326926882E-01 -1.18450186581810377E-01
  2.77027027027027053E+01  8.18552232182123807E-01 -1.17403226970260954E-01
  2.77527527527527553E+01  8.25351994733674599E-01 -1.13837447092930394E-01
  2.78028028028028054E+01  8.31407844076523572E-01 -1.07852354527408753E-01
  2.78528528528528554E+01  8.36812612331567340E-01 -9.97007362248905765E-02
  2.79029029029029090E+01  8.41642855307260795E-01 -8.97823141905290528E-02
  2.79529529529529555E+01  8.45913738971735274E-01 -7.86070541635527642E-02
  2.80030030030030019E+01  8.49554312835851588E-01 -6.67366167121265924E-02
  2.80530530530530555E+01  8.52410479713577307E-01 -5.47187678380553419E-02
  2.81031031031031020E+01  8.54273918475374705E-01 -4.30309539121971549E-02
  2.81531531531531556E+01  8.54927105731419501E-01 -3.20454951592219622E-02
  2.82032032032032056E+01  8.54190081827519321E-01 -2.20214333007836306E-02
  2.82532532532532592E+01  8.51955080967740530E-01 -1.31195740632707742E-02
  2.83033033033033057E+01  8.48200245558809685E-01 -5.43057560851028902E-03
  2.83533533533533593E+01  8.42981424276284308E-01  9.96725663261985003E-04
  2.84034034034034057E+01  8.36408636352355517E-01  6.13742620370388760E-03
  2.84534534534534522E+01  8.28618421705830888E-01  9.98787207870428101E-03
  2.85035035035035058E+01  8.19753415450833134E-01  1.25757072192787846E-02
  2.85535535535535523E+01  8.09956283789912468E-01  1.39744666203554992E-02
  2.86036036036036059E+01  7.99378474503334768E-01  1.43124941789578956E-02
  2.86536536536536559E+01  7.88197766737265604E-01  1.37682194820118817E-02
  2.87037037037037095E+01  7.76634825446023913E-01  1.25492897244950871E-02
  2.87537537537537560E+01  7.64959186803917168E-01  1.08594755115982607E-02
  2.88038038038038096E+01  7.53479035174075662E-01  8.86218236691190854E-03
  2.88538538538538560E+01  7.42515109147497410E-01  6.65106523791399781E-03
  2.89039039039039096E+01  7.32364781790859398E-01  4.23624614541431247E-03
  2.89539539539539561E+01  7.23265774199925326E-01  1.54990732323726692E-03
  2.90040040040040026E+01  7.15369061665197314E-01 -1.53063473698553739E-03
  2.90540540540540562E+01  7.08727548354769032E-01 -5.14895738267390820E-03
  2.91041041041041062E+01  7.03302261004291274E-01 -9.43357275011284281E-03
  2.91541541541541598E+01  6.98982856320486401E-01 -1.44683859705476616E-02
  2.92042042042042063E+01  6.95615728676489464E-01 -2.02751019510665417E-02
  2.92542542542542598E+01  6.93031910449660504E-01 -2.68090298184759275E-02
  2.93043043043043063E+01  6.91068384645270983E-01 -3.39658682665746961E-02
  2.93543543543543599E+01  6.89579654073333104E-01 -4.15946257132303876E-02
  2.94044044044044064E+01  6.88440164554557588E-01 -4.95114596697146039E-02
  2.94544544544544564E+01  6.87541111626186807E-01 -5.75107547775965747E-02
  2.95045045045045065E+01  6.86786323530000020E-01 -6.53723663821708656E-02
  2.95545545545545565E+01  6.86091084545570995E-01 -7.28664806427479633E-02
  2.96046046046046101E+01  6.85385477848239999E-01 -7.97589681307984411E-02
  2.96546546546546566E+01  6.84621124006862924E-01 -8.58199453522112826E-02
  2.97047047047047101E+01  6.83778177410922949E-01 -9.08366938622507808E-02
  2.97547547547547566E+01  6.82868868371321880E-01 -9.46298562719276454E-02
  2.98048048048048102E+01  6.81934880501566587E-01 -9.70698870734847258E-02
  2.98548548548548567E+01  6.81037955669077877E-01 -9.80898664897328354E-02
  2.99049049049049067E+01  6.80245467307012963E-01 -9.76913098946380343E-02
  2.99549549549549567E+01  6.79614417174141061E-01 -9.59413027306294103E-02
  3.00050050050050068E+01  6.79177812292590333E-01 -9.29615287631284370E-02
  3.00550550550550604E+01  6.78936568664248341E-01 -8.89117635694525871E-02
  3.01051051051051068E+01  6.78858329479707923E-01 -8.39715452730172146E-02
  3.01551551551551604E+01  6.78882526930861485E-01 -7.83237213271290728E-02
  3.02052052052052069E+01  6.78929346048207538E-01 -7.21425095933324878E-02
  3.02552552552552605E+01  6.78909467123626431E-01 -6.55870267071238244E-02
  3.03053053053053070E+01  6.78731746656348944E-01 -5.87995023184162066E-02
  3.03553553553553570E+01  6.78307172835381111E-01 -5.19061542564687520E-02
  3.04054054054054070E+01  6.77549059285870392E-01 -4.50182927992117052E-02
  3.04554554554554571E+01  6.76370963013669280E-01 -3.82317138447953939E-02
  3.05055055055055107E+01  6.74684732719001312E-01 -3.16236074202783449E-02
  3.05555555555555571E+01  6.72401125444562098E-01 -2.52476239390252988E-02
  3.06056056056056107E+01  6.69434575782724584E-01 -1.91289178034004595E-02
  3.06556556556556572E+01  6.65712243885517529E-01 -1.32615283662120918E-02
  3.07057057057057108E+01  6.61185871930614955E-01 -7.61017346762267542E-03
  3.07557557557557573E+01  6.55843747655354137E-01 -2.11749399921420597E-03
  3.08058058058058073E+01  6.49719597770019974E-01  3.28369368542054743E-03
  3.08558558558558609E+01  6.42895673541646340E-01  8.65506344680967883E-03
  3.09059059059059074E+01  6.35498532098487390E-01  1.40373287020517813E-02
  3.09559559559559609E+01  6.27687712753358662E-01  1.94379260582073082E-02
  3.10060060060060074E+01  6.19639186443606493E-01  2.48245247200391157E-02
  3.10560560560560610E+01  6.11526665505549905E-01  3.01258008147637334E-02
  3.11061061061061075E+01  6.03504295557031889E-01  3.52393077137774652E-02
  3.11561561561561611E+01  5.95693830205340724E-01  4.00447289499974782E-02
  3.12062062062062076E+01  5.88178260492726368E-01  4.44197017231337671E-02
  3.12562562562562576E+01  5.81002352813060674E-01  4.82549942844738428E-02
  3.13063063063063112E+01  5.74179033738182465E-01  5.14661710741064066E-02
  3.13563563563563577E+01  5.67699409797019050E-01  5.39998593619060371E-02
  3.14064064064064112E+01  5.61543671073005735E-01  5.58340711710238954E-02
  3.14564564564564577E+01  5.55690280348559607E-01  5.69733962046826553E-02
  3.15065065065065113E+01  5.50121602911721519E-01  5.74409430769648177E-02
  3.15565565565565578E+01  5.44825256496582755E-01  5.72694372804602031E-02
  3.16066066066066114E+01  5.39791653691252815E-01  5.64937970609217868E-02
  3.16566566566566578E+01  5.35009173822685979E-01  5.51468693877362817E-02
  3.17067067067067114E+01  5.30458918839183724E-01  5.32590124175863003E-02
  3.17567567567567615E+01  5.26110984305158791E-01  5.08611251604405776E-02
  3.18068068068068079E+01  5.21923656836787542E-01  4.79898187937514709E-02
  3.18568568568568615E+01  5.17846094498649268E-01  4.46929044428141173E-02
  3.19069069069069080E+01  5.13824087552286479E-01  4.10333399820463421E-02
  3.19569569569569616E+01  5.09807673741050627E-01  3.70902119717207851E-02
  3.20070070070070116E+01  5.05758887521428835E-01  3.29560981871226885E-02
  3.20570570570570652E+01  5.01657859158877617E-01  2.87310605687559791E-02
  3.21071071071071117E+01  4.97505842494579409E-01  2.45143378413610960E-02
  3.21571571571571653E+01  4.93324435195937216E-01  2.03953547293806957E-02
  3.22072072072072118E+01  4.89151089984057152E-01  1.64458280295073436E-02
  3.22572572572572582E+01  4.85031803930264960E-01  1.27145109134235001E-02
  3.23073073073073118E+01  4.81012442958288766E-01  9.22554939754140733E-03
  3.23573573573573583E+01  4.77130397930031258E-01  5.98067018828761423E-03
  3.24074074074074119E+01  4.73408144720696589E-01  2.96464906139112371E-03
  3.24574574574574584E+01  4.69849840846427114E-01  1.52886429544334265E-04
  3.25075075075075119E+01  4.66441445421187928E-01 -2.48043807295389614E-03
  3.25575575575575584E+01  4.63154141672026676E-01 -4.95519110460580694E-03
  3.26076076076076120E+01  4.59950218050813875E-01 -7.28037121558513210E-03
  3.26576576576576585E+01  4.56790143634713874E-01 -9.45222067664133747E-03
  3.27077077077077050E+01  4.53639425380324757E-01 -1.14554981701560452E-02
  3.27577577577577586E+01  4.50473969113806383E-01 -1.32674299321560007E-02
  3.28078078078078121E+01  4.47283036496820829E-01 -1.48633740308503209E-02
  3.28578578578578657E+01  4.44069407299359786E-01 -1.62229678900615987E-02
  3.29079079079079122E+01  4.40846909293855338E-01 -1.73355176221654805E-02
  3.29579579579579658E+01  4.37635958524614954E-01 -1.82036117613711516E-02
  3.30080080080080123E+01  4.34458075768698271E-01 -1.88443401620381409E-02
  3.30580580580580659E+01  4.31330463680008769E-01 -1.92879820349780157E-02
  3.31081081081081123E+01  4.28261639307317199E-01 -1.95744985062913483E-02
  3.31581581581581588E+01  4.25248853360453094E-01 -1.97485392619146174E-02
  3.32082082082082124E+01  4.22277654009436176E-01 -1.98538903510542403E-02
  3.32582582582582589E+01  4.19323546060395957E-01 -1.99283256344516164E-02
  3.33083083083083125E+01  4.16355331440163845E-01 -1.99996871957467612E-02
  3.33583583583583589E+01  4.13339454753691438E-01 -2.00837494579674466E-02
  3.34084084084084125E+01  4.10244555190346361E-01 -2.01840767676957911E-02
  3.34584584584584590E+01  4.07045452318195444E-01 -2.02937314579302412E-02
  3.35085085085085126E+01  4.03725950624068408E-01 -2.03983908041970342E-02
  3.35585585585585591E+01  4.00280097183109917E-01 -2.04802337072238043E-02
  3.36086086086086127E+01  3.96711817344597983E-01 -2.05218863887792757E-02
  3.36586586586586591E+01  3.93033131299718175E-01 -2.05097717593054063E-02
  3.37087087087087127E+01  3.89261373590373438E-01 -2.04363683482222253E-02
  3.37587587587587663E+01  3.85415966261528908E-01 -2.03011146181762414E-02
  3.38088088088088128E+01  3.81515321126913720E-01 -2.01099478828031981E-02
  3.38588588588588664E+01  3.77574372942920178E-01 -1.98736991531455603E-02
  3.39089089089089128E+01  3.73603094467727659E-01 -1.96057392403106261E-02
  3.39589589589589664E+01  3.69606148390443201E-01 -1.93193637631453655E-02
  3.40090090090090129E+01  3.65583626250104987E-01 -1.90254074979891719E-02
  3.40590590590590594E+01  3.61532645047783430E-01 -1.87304993011594527E-02
  3.41091091091091130E+01  3.57449445319388215E-01 -1.84362277992483163E-02
  3.41591591591591595E+01  3.53331576122668023E-01 -1.81393134959614497E-02
  3.42092092092092130E+01  3.49179766414230930E-01 -1.78327060508968668E-02
  3.42592592592592595E+01  3.44999160503529190E-01 -1.75073750208251250E-02
  3.43093093093093131E+01  3.40799720032376185E-01 -1.71544603532380741E-02
  3.43593593593593596E+01  3.36595742754411953E-01 -1.67674078109857974E-02
  3.44094094094094132E+01  3.32404594164961764E-01 -1.63437360263263658E-02
  3.44594594594594597E+01  3.28244869091005420E-01 -1.58861578014979840E-02
  3.45095095095095132E+01  3.24134279772058831E-01 -1.54028925946785820E-02
  3.45595595595595597E+01  3.20087595654863666E-01 -1.49071392873436123E-02
  3.46096096096096133E+01  3.16114937503955140E-01 -1.44158067585916667E-02
  3.46596596596596669E+01  3.12220661739017857E-01 -1.39477053031799754E-02
  3.47097097097097134E+01  3.08402973428950511E-01 -1.35214703802971955E-02
  3.47597597597597670E+01  3.04654294906443190E-01 -1.31535141403082041E-02
  3.48098098098098134E+01  3.00962309045047449E-01 -1.28562794490793709E-02
  3.48598598598598670E+01  2.97311507460866209E-01 -1.26370121581003934E-02
  3.49099099099099135E+01  2.93685015784731829E-01 -1.24971817288595504E-02
  3.49599599599599671E+01  2.90066446774361164E-01 -1.24325825831210820E-02
  3.50100100100100136E+01  2.86441547575136790E-01 -1.24340538830123894E-02
  3.50600600600600600E+01  2.82799454622807922E-01 -1.24886773120827608E-02
  3.51101101101101136E+01  2.79133439026296337E-01 -1.25812607398014531E-02
  3.51601601601601601E+01  2.75441104835674577E-01 -1.26958955862143622E-02
  3.52102102102102137E+01  2.71724079983021671E-01 -1.28173873437033813E-02
  3.52602602602602602E+01  2.67987303894730078E-01 -1.29323974777040204E-02
  3.53103103103103138E+01  2.64238058751833205E-01 -1.30301926669170783E-02
  3.53603603603603602E+01  2.60484908918663549E-01 -1.31029638671063126E-02
  3.54104104104104138E+01  2.56736705097228235E-01 -1.31457424598610626E-02
  3.54604604604604674E+01  2.53001779981157804E-01 -1.31559944940598181E-02
  3.55105105105105139E+01  2.49287417129145206E-01 -1.31330099597978204E-02
  3.55605605605605675E+01  2.45599622634802395E-01 -1.30772186374114845E-02
  3.56106106106106139E+01  2.41943178391565261E-01 -1.29895573057689871E-02
  3.56606606606606675E+01  2.38321913791702672E-01 -1.28709881068904495E-02
  3.57107107107107140E+01  2.34739105003130027E-01 -1.27222301923350448E-02
  3.57607607607607676E+01  2.31197900351995139E-01 -1.25437233370457348E-02
  3.58108108108108141E+01  2.27701676809688891E-01 -1.23358001399252407E-02
  3.58608608608608677E+01  2.24254253589261182E-01 -1.20990090261736336E-02
  3.59109109109109141E+01  2.20859919896319506E-01 -1.18345081046736123E-02
  3.59609609609609606E+01  2.17523269340698655E-01 -1.15444423584097084E-02
  3.60110110110110142E+01  2.14248867604609927E-01 -1.12322236136339331E-02
  3.60610610610610607E+01  2.11040807581897916E-01 -1.09026520279502537E-02
  3.61111111111111143E+01  2.07902223642440487E-01 -1.05618455853149738E-02
  3.61611611611611607E+01  2.04834842045820170E-01 -1.02169754709397643E-02
  3.62112112112112143E+01  2.01838637883289956E-01 -9.87583525257520328E-03
  3.62612612612612608E+01  1.98911652093593322E-01 -9.54629613961480508E-03
  3.63113113113113144E+01  1.96049998259169966E-01 -9.23571603585219940E-03
  3.63613613613613680E+01  1.93248062004346577E-01 -8.95037500764594290E-03
  3.64114114114114145E+01  1.90498869978496715E-01 -8.69500418322883065E-03
  3.64614614614614680E+01  1.87794584231402661E-01 -8.47246052923696438E-03
  3.65115115115115145E+01  1.85127063928637592E-01 -8.28357913392717936E-03
  3.65615615615615681E+01  1.82488431198404216E-01 -8.12721095391346141E-03
  3.66116116116116146E+01  1.79871581475882863E-01 -8.00043096769063010E-03
  3.66616616616616682E+01  1.77270589801660217E-01 -7.89888244445917896E-03
  3.67117117117117147E+01  1.74680980966335664E-01 -7.81720989039349536E-03
  3.67617617617617682E+01  1.72099850447596570E-01 -7.74952741784174989E-03
  3.68118118118118147E+01  1.69525841920871528E-01 -7.68987089116091472E-03
  3.68618618618618612E+01  1.66959003207024226E-01 -7.63259028115727701E-03
  3.69119119119119148E+01  1.64400553954222650E-01 -7.57265144250669590E-03
  3.69619619619619613E+01  1.61852604082807577E-01 -7.50583177014084186E-03
  3.70120120120120148E+01  1.59317861905943131E-01 -7.42880953483673803E-03
  3.70620620620620613E+01  1.56799365564269322E-01 -7.33916002285419592E-03
  3.71121121121121149E+01  1.54300262319881004E-01 -7.23528129843560401E-03
  3.71621621621621685E+01  1.51823649077024475E-01 -7.11627754732679831E-03
  3.72122122122122150E+01  1.49372476072872129E-01 -6.98182836711480279E-03
  3.72622622622622686E+01  1.46949505683619364E-01 -6.83206856344882856E-03
  3.73123123123123150E+01  1.44557311002575545E-01 -6.66749605589587492E-03
  3.73623623623623686E+01  1.42198295019963977E-01 -6.48891679817734015E-03
  3.74124124124124151E+01  1.39874711036128696E-01 -6.29742668224215259E-03
  3.74624624624624687E+01  1.37588667989243213E-01 -6.09442260644746815E-03
  3.75125125125125152E+01  1.35342109855896231E-01 -5.88162931550297551E-03
  3.75625625625625688E+01  1.33136765093049725E-01 -5.66112589868889796E-03
  3.76126126126126152E+01  1.30974069048500397E-01 -5.43535611361209252E-03
  3.76626626626626688E+01  1.28855068280938095E-01 -5.20710967688861603E-03
  3.77127127127127153E+01  1.26780319947981279E-01 -4.97946665214147200E-03
  3.77627627627627689E+01  1.24749801330905769E-01 -4.75570315469689940E-03
  3.78128128128128154E+01  1.22762844041521296E-01 -4.53916278480381245E-03
  3.78628628628628618E+01  1.20818104739385535E-01 -4.33310357051980635E-03
  3.79129129129129154E+01  1.18913579813848660E-01 -4.14053401816845499E-03
  3.79629629629629619E+01  1.17046666186078632E-01 -3.96405368690178582E-03
  3.80130130130130155E+01  1.15214264962925500E-01 -3.80571340039408514E-03
  3.80630630630630691E+01  1.13412919878808541E-01 -3.66690796855568754E-03
  3.81131131131131156E+01  1.11638978893200708E-01 -3.54831055510895733E-03
  3.81631631631631691E+01  1.09888765346772777E-01 -3.44985320051509857E-03
  3.82132132132132227E+01  1.08158744841916815E-01 -3.37075316774579272E-03
  3.82632632632632692E+01  1.06445675380421947E-01 -3.30958035950552681E-03
  3.83133133133133157E+01  1.04746730935943319E-01 -3.26435757795290630E-03
  3.83633633633633693E+01  1.03059592098240019E-01 -3.23268319999264146E-03
  3.84134134134134158E+01  1.01382501178521697E-01 -3.21186505358141226E-03
  3.84634634634634693E+01  9.97142827098586593E-02 -3.19905483137342909E-03
  3.85135135135135158E+01  9.80543331999508549E-02 -3.19137402591500915E-03
  3.85635635635635694E+01  9.64025860161370485E-02 -3.18602475735792114E-03
  3.86136136136136159E+01  9.47594582815946135E-02 -3.18038157885833705E-03
  3.86636636636636695E+01  9.31257866688901120E-02 -3.17206298505322412E-03
  3.87137137137137159E+01  9.15027581552219915E-02 -3.15898357834210096E-03
  3.87637637637637624E+01  8.98918404076403388E-02 -3.13938943268594547E-03
  3.88138138138138160E+01  8.82947147959317474E-02 -3.11188002510250604E-03
  3.88638638638638625E+01  8.67132133822951234E-02 -3.07542019434238045E-03
  3.89139139139139161E+01  8.51492598621842178E-02 -3.02934505409931413E-03
  3.89639639639639697E+01  8.36048135060866587E-02 -2.97335983054357756E-03
  3.90140140140140232E+01  8.20818147620156618E-02 -2.90753544586025642E-03
  3.90640640640640697E+01  8.05821313141827505E-02 -2.83229956596278741E-03
  3.91141141141141233E+01  7.91075039640842109E-02 -2.74842197262675824E-03
  3.91641641641641698E+01  7.76594925560260968E-02 -2.65699264898166393E-03
  3.92142142142142163E+01  7.62394231284854867E-02 -2.55939094910996113E-03
  3.92642642642642699E+01  7.48483383527408785E-02 -2.45724464692792695E-03
  3.93143143143143163E+01  7.34869539633013769E-02 -2.35237844774640855E-03
  3.93643643643643699E+01  7.21556241793994968E-02 -2.24675256833542459E-03
  3.94144144144144164E+01  7.08543190100841963E-02 -2.14239309058608792E-03
  3.94644644644644700E+01  6.95826158352881169E-02 -2.04131680961001623E-03
  3.95145145145145165E+01  6.83397068249174955E-02 -1.94545408883515700E-03
  3.95645645645645700E+01  6.71244227026998042E-02 -1.85657369966428184E-03
  3.96146146146146165E+01  6.59352722107120898E-02 -1.77621370773188895E-03
  3.96646646646646630E+01  6.47704955183885239E-02 -1.70562216999143906E-03
  3.97147147147147166E+01  6.36281288671405321E-02 -1.64571077290314349E-03
  3.97647647647647702E+01  6.25060770411394323E-02 -1.59702365546929011E-03
  3.98148148148148167E+01  6.14021898615901077E-02 -1.55972262844033638E-03
  3.98648648648648702E+01  6.03143388305680678E-02 -1.53358893640097847E-03
  3.99149149149149238E+01  5.92404902777240727E-02 -1.51804071819868457E-03
  3.99649649649649703E+01  5.81787718347680921E-02 -1.51216448835475234E-03
  4.00150150150150239E+01  5.71275297044022135E-02 -1.51475834414641227E-03
  4.00650650650650704E+01  5.60853749200025953E-02 -1.52438422455966399E-03
  4.01151151151151169E+01  5.50512175308716656E-02 -1.53942640248254858E-03
  4.01651651651651704E+01  5.40242883291274095E-02 -1.55815344948488296E-03
  4.02152152152152169E+01  5.30041483111716727E-02 -1.57878112538978235E-03
  4.02652652652652705E+01  5.19906865140224231E-02 -1.59953395671038885E-03
  4.03153153153153170E+01  5.09841071807221602E-02 -1.61870362391760615E-03
  4.03653653653653706E+01  4.99849074034164204E-02 -1.63470263067581499E-03
  4.04154154154154170E+01  4.89938464937817036E-02 -1.64611204517250108E-03
  4.04654654654654706E+01  4.80119083704308725E-02 -1.65172236665273530E-03
  4.05155155155155171E+01  4.70402582636899741E-02 -1.65056677677966881E-03
  4.05655655655655636E+01  4.60801950460714357E-02 -1.64194619583261426E-03
  4.06156156156156172E+01  4.51331005191044216E-02 -1.62544569710397317E-03
  4.06656656656656708E+01  4.42003870301433746E-02 -1.60094196207610263E-03
  4.07157157157157243E+01  4.32834448518837830E-02 -1.56860160590488245E-03
  4.07657657657657708E+01  4.23835908191295962E-02 -1.52887038402070748E-03
  4.08158158158158244E+01  4.15020197626108853E-02 -1.48245351468037244E-03
  4.08658658658658709E+01  4.06397602869880067E-02 -1.43028761779894257E-03
  4.09159159159159245E+01  3.97976363899350330E-02 -1.37350506655313813E-03
  4.09659659659659710E+01  3.89762362968338466E-02 -1.31339185628151739E-03
  4.10160160160160245E+01  3.81758896840970613E-02 -1.25134039097565125E-03
  4.10660660660660710E+01  3.73966541853403348E-02 -1.18879884498199347E-03
  4.11161161161161175E+01  3.66383117292510066E-02 -1.12721895165356621E-03
  4.11661661661661711E+01  3.59003748645478210E-02 -1.06800418139210815E-03
  4.12162162162162176E+01  3.51821028099995811E-02 -1.01246028557050189E-03
  4.12662662662662711E+01  3.44825265531235464E-02 -9.61750095403207618E-04
  4.13163163163163176E+01  3.38004819369669279E-02 -9.16854279879927110E-04
  4.13663663663663712E+01  3.31346493445607918E-02 -8.78539496377625539E-04
  4.14164164164164177E+01  3.24835983345059670E-02 -8.47335029946629653E-04
  4.14664664664664713E+01  3.18458354114464284E-02 -8.23518635207539317E-04
  4.15165165165165178E+01  3.12198530375037697E-02 -8.07111892764406243E-04
  4.15665665665665713E+01  3.06041780037033563E-02 -7.97884993900054387E-04
  4.16166166166166249E+01  2.99974173766167154E-02 -7.95370494293418258E-04
  4.16666666666666714E+01  2.93983004028492284E-02 -7.98885246690408273E-04
  4.17167167167167250E+01  2.88057149777103290E-02 -8.07559446040807382E-04
  4.17667667667667715E+01  2.82187375483185510E-02 -8.20371505671225348E-04
  4.18168168168168251E+01  2.76366556097365872E-02 -8.36187332017293062E-04
  4.18668668668668715E+01  2.70589822512449160E-02 -8.53802476871334814E-04
  4.19169169169169251E+01  2.64854625064715708E-02 -8.71985615824294263E-04
  4.19669669669669716E+01  2.59160715462714124E-02 -8.89521823732447917E-04
  4.20170170170170181E+01  2.53510050198374817E-02 -9.05254186077478163E-04
  4.20670670670670717E+01  2.47906620924500595E-02 -9.18122392544791868E-04
  4.21171171171171181E+01  2.42356219439142928E-02 -9.27197100093234204E-04
  4.21671671671671717E+01  2.36866146774506112E-02 -9.31709022014289337E-04
  4.22172172172172182E+01  2.31444877423453189E-02 -9.31071892384816220E-04
  4.22672672672672718E+01  2.26101690928850289E-02 -9.24898667649517872E-04
  4.23173173173173183E+01  2.20846283887753438E-02 -9.13010554532887723E-04
  4.23673673673673719E+01  2.15688375861189455E-02 -8.95438691354057256E-04
  4.24174174174174183E+01  2.10637322710783351E-02 -8.72418552643438412E-04
  4.24674674674674719E+01  2.05701750490859259E-02 -8.44377388373547619E-04
  4.25175175175175255E+01  2.00889222204254439E-02 -8.11915241862823465E-04
  4.25675675675675720E+01  1.96205948491139578E-02 -7.75780306551568421E-04
  4.26176176176176256E+01  1.91656551689471932E-02 -7.36839573145471930E-04
  4.26676676676676720E+01  1.87243890729543137E-02 -6.96045877057501990E-04
  4.27177177177177256E+01  1.82968952069114850E-02 -6.54402574451930577E-04
  4.27677677677677721E+01  1.78830809423444551E-02 -6.12927147716935019E-04
  4.28178178178178257E+01  1.74826652493419547E-02 -5.72615064017293154E-04
  4.28678678678678722E+01  1.70951882351141581E-02 -5.34405182193962232E-04
  4.29179179179179187E+01  1.67200268713748809E-02 -4.99147924715017256E-04
  4.29679679679679722E+01  1.63564162126674656E-02 -4.67577306223248960E-04
  4.30180180180180187E+01  1.60034752179241367E-02 -4.40287744391954796E-04
  4.30680680680680723E+01  1.56602361364194045E-02 -4.17716380167223815E-04
  4.31181181181181188E+01  1.53256763123262047E-02 -4.00131412339877379E-04
  4.31681681681681724E+01  1.49987512024532844E-02 -3.87626715862796685E-04
  4.32182182182182189E+01  1.46784273902132636E-02 -3.80122774700361143E-04
  4.32682682682682724E+01  1.43637144139363779E-02 -3.77373728147326417E-04
  4.33183183183183260E+01  1.40536943058308383E-02 -3.78980113454388198E-04
  4.33683683683683725E+01  1.37475478540628002E-02 -3.84406694923397857E-04
  4.34184184184184261E+01  1.34445767482716284E-02 -3.93004606524916412E-04
  4.34684684684684726E+01  1.31442209412376138E-02 -4.04036906033160585E-04
  4.35185185185185262E+01  1.28460707489118711E-02 -4.16706546513365248E-04
  4.35685685685685726E+01  1.25498734101099126E-02 -4.30185717033155157E-04
  4.36186186186186262E+01  1.22555340286201100E-02 -4.43645488613643522E-04
  4.36686686686686727E+01  1.19631110175210924E-02 -4.56284722398088395E-04
  4.37187187187187263E+01  1.16728063519499856E-02 -4.67357252497472100E-04
  4.37687687687687728E+01  1.13849511069241873E-02 -4.76196442840092361E-04
  4.38188188188188263E+01  1.10999869063058594E-02 -4.82236331786762109E-04
  4.38688688688688728E+01  1.08184440335847443E-02 -4.85028715886760061E-04
  4.39189189189189193E+01  1.05409170515748558E-02 -4.84255680080429584E-04
  4.39689689689689729E+01  1.02680388439256153E-02 -4.79737250646205334E-04
  4.40190190190190194E+01  1.00004540249298175E-02 -4.71434023671953516E-04
  4.40690690690690730E+01  9.73879266477960769E-03 -4.59444800011096582E-04
  4.41191191191191194E+01  9.48364524546148335E-03 -4.43999431668264978E-04
  4.41691691691691730E+01  9.23553969919831824E-03 -4.25447248500924449E-04
  4.42192192192192266E+01  8.99492128911748637E-03 -4.04241582409065156E-04
  4.42692692692692802E+01  8.76213597406225349E-03 -3.80921033645374295E-04
  4.43193193193193267E+01  8.53741776058515242E-03 -3.56088226015802871E-04
  4.43693693693693731E+01  8.32088039043284503E-03 -3.30386870953248057E-04
  4.44194194194194267E+01  8.11251354721286878E-03 -3.04478002230745219E-04
  4.44694694694694732E+01  7.91218359780745603E-03 -2.79016252185321277E-04
  4.45195195195195268E+01  7.71963871901404450E-03 -2.54627016849413412E-04
  4.45695695695695733E+01  7.53451810422875630E-03 -2.31885302802547935E-04
  4.46196196196196269E+01  7.35636480465830765E-03 -2.11296965637631790E-04
  4.46696696696696733E+01  7.18464163971003263E-03 -1.93282942624589682E-04
  4.47197197197197269E+01  7.01874951602195034E-03 -1.78166955343268959E-04
  4.47697697697697734E+01  6.85804742704199371E-03 -1.66167017330200395E-04
  4.48198198198198199E+01  6.70187336684856770E-03 -1.57390933114942122E-04
  4.48698698698698735E+01  6.54956538342885749E-03 -1.51835824473715061E-04
  4.49199199199199199E+01  6.40048201704778753E-03 -1.49391573160397473E-04
  4.49699699699699735E+01  6.25402141667385798E-03 -1.49847932187704974E-04
  4.50200200200200200E+01  6.10963849873994228E-03 -1.52904934656853796E-04
  4.50700700700700736E+01  5.96685960410610686E-03 -1.58186124085313957E-04
  4.51201201201201272E+01  5.82529421672013919E-03 -1.65254046160815446E-04
  4.51701701701701808E+01  5.68464342656285933E-03 -1.73627380907987833E-04
  4.52202202202202272E+01  5.54470494532386445E-03 -1.82799057505764374E-04
  4.52702702702702737E+01  5.40537461121807714E-03 -1.92254681661073039E-04
  4.53203203203203273E+01  5.26664444496348621E-03 -2.01490616930338680E-04
  4.53703703703703738E+01  5.12859743803596637E-03 -2.10031095354929013E-04
  4.54204204204204274E+01  4.99139936314294940E-03 -2.17443787269207831E-04
  4.54704704704704739E+01  4.85528799212795424E-03 -2.23353332630670784E-04
  4.55205205205205274E+01  4.72056018547133832E-03 -2.27452423730816795E-04
  4.55705705705705739E+01  4.58755737800789227E-03 -2.29510128319522749E-04
  4.56206206206206275E+01  4.45665002586668330E-03 -2.29377249374558041E-04
  4.56706706706706740E+01  4.32822159904115104E-03 -2.26988629135932684E-04
  4.57207207207207205E+01  4.20265270218438645E-03 -2.22362416671143047E-04
  4.57707707707707740E+01  4.08030588367235252E-03 -2.15596426226607069E-04
  4.58208208208208205E+01  3.96151165086893430E-03 -2.06861814175875045E-04
  4.58708708708708741E+01  3.84655614973882605E-03 -1.96394391990244914E-04
  4.59209209209209277E+01  3.73567089200879708E-03 -1.84483968232898550E-04
  4.59709709709709742E+01  3.62902482606336681E-03 -1.71462171553319638E-04
  4.60210210210210278E+01  3.52671895222557820E-03 -1.57689247132096607E-04
  4.60710710710710813E+01  3.42878358287370408E-03 -1.43540339846888991E-04
  4.61211211211211278E+01  3.33517824699276376E-03 -1.29391778261609151E-04
  4.61711711711711743E+01  3.24579414122725752E-03 -1.15607854879513092E-04
  4.62212212212212279E+01  3.16045893905088707E-03 -1.02528561253119384E-04
  4.62712712712712744E+01  3.07894368966471314E-03 -9.04586835552810564E-05
  4.63213213213213280E+01  3.00097147150288606E-03 -7.96585977607591739E-05
  4.63713713713713744E+01  2.92622741392396021E-03 -7.03370268248200355E-05
  4.64214214214214280E+01  2.85436966621199512E-03 -6.26459386498935640E-05
  4.64714714714714745E+01  2.78504087604581219E-03 -5.66776768162888519E-05
  4.65215215215215281E+01  2.71787973998546643E-03 -5.24643295928083387E-05
  4.65715715715715746E+01  2.65253220542852053E-03 -4.99792600102394374E-05
  4.66216216216216210E+01  2.58866193542526884E-03 -4.91406438055476175E-05
  4.66716716716716746E+01  2.52595969271533815E-03 -4.98167954056513360E-05
  4.67217217217217211E+01  2.46415135496425800E-03 -5.18330068672376846E-05
  4.67717717717717747E+01  2.40300433678365850E-03 -5.49795823030238095E-05
  4.68218218218218283E+01  2.34233226292353486E-03 -5.90207217036853193E-05
  4.68718718718718819E+01  2.28199780822430261E-03 -6.37038935414160527E-05
  4.69219219219219283E+01  2.22191369079376838E-03 -6.87693349199612359E-05
  4.69719719719719819E+01  2.16204187288388059E-03 -7.39593306434455940E-05
  4.70220220220220284E+01  2.10239108678380790E-03 -7.90269473208485409E-05
  4.70720720720720820E+01  2.04301285871102533E-03 -8.37439340587465555E-05
  4.71221221221221285E+01  1.98399625050063415E-03 -8.79075456865605103E-05
  4.71721721721721750E+01  1.92546157555726488E-03 -9.13460958451394584E-05
  4.72222222222222285E+01  1.86755337112531460E-03 -9.39231035283126335E-05
  4.72722722722722750E+01  1.81043292293395696E-03 -9.55399555770828425E-05
  4.73223223223223286E+01  1.75427064057708621E-03 -9.61370669338159570E-05
  4.73723723723723751E+01  1.69923857290235473E-03 -9.56935779507735770E-05
  4.74224224224224287E+01  1.64550333291715932E-03 -9.42256816016934213E-05
  4.74724724724724751E+01  1.59321967237052004E-03 -9.17837211340962974E-05
  4.75225225225225287E+01  1.54252490868283143E-03 -8.84482388426629775E-05
  4.75725725725725752E+01  1.49351112819114812E-03 -8.42385603086908178E-05
  4.76226226226226288E+01  1.44626819786466097E-03 -7.92136729351480503E-05
  4.76726726726726753E+01  1.40088649519219980E-03 -7.35480063521007653E-05
  4.77227227227227289E+01  1.35741681842601832E-03 -6.74282577301322584E-05
  4.77727727727727824E+01  1.31587046072291665E-03 -6.10442580453367738E-05
  4.78228228228228289E+01  1.27622125997907550E-03 -5.45805598699386884E-05
  4.78728728728728825E+01  1.23840929109261268E-03 -4.82091337937402795E-05
  4.79229229229229290E+01  1.20234580467885768E-03 -4.20834444515648699E-05
  4.79729729729729826E+01  1.16791898932554748E-03 -3.63340561137698008E-05
  4.80230230230230291E+01  1.13500014122069003E-03 -3.10658019990089194E-05
  4.80730730730730755E+01  1.10344986067523404E-03 -2.63564494880816664E-05
  4.81231231231231291E+01  1.07312395297393354E-03 -2.22567117055522649E-05
  4.81731731731731756E+01  1.04387878321253328E-03 -1.87913984075061674E-05
  4.82232232232232292E+01  1.01557591307378575E-03 -1.59614670305114237E-05
  4.82732732732732757E+01  9.88085924093276601E-04 -1.37467268690174412E-05
  4.83233233233233292E+01  9.61291400281993175E-04 -1.21089622717653981E-05
  4.83733733733733757E+01  9.35089098130063271E-04 -1.09952695194768292E-05
  4.84234234234234293E+01  9.09391371159866684E-04 -1.03414407937969571E-05
  4.84734734734734758E+01  8.84126938577862943E-04 -1.00752712964450590E-05
  4.85235235235235294E+01  8.59241094402220587E-04 -1.01197065208439224E-05
  4.85735735735735759E+01  8.34695447549776742E-04 -1.03957813438098086E-05
  4.86236236236236294E+01  8.10467268714593699E-04 -1.08253278649339586E-05
  4.86736736736736830E+01  7.86548500985700927E-04 -1.13334433148326020E-05
  4.87237237237237295E+01  7.62944472521794254E-04 -1.18507131045210303E-05
  4.87737737737737831E+01  7.39672335129228867E-04 -1.23151789335219908E-05
  4.88238238238238296E+01  7.16759245148278494E-04 -1.26740307284460643E-05
  4.88738738738738832E+01  6.94240304177788799E-04 -1.28849876867525082E-05
  4.89239239239239296E+01  6.72156286932689448E-04 -1.29173217038474230E-05
  4.89739739739739761E+01  6.50551200587425114E-04 -1.27524695124864263E-05
  4.90240240240240297E+01  6.29469741764137865E-04 -1.23841807423011022E-05
  4.90740740740740762E+01  6.08954740476553322E-04 -1.18181594711917257E-05
  4.91241241241241298E+01  5.89044701029113821E-04 -1.10711770055038714E-05
  4.91741741741741762E+01  5.69771564360934996E-04 -1.01696625109335124E-05
  4.92242242242242298E+01  5.51158821428580480E-04 -9.14781334840514055E-06
  4.92742742742742763E+01  5.33220100711138262E-04 -8.04530513997074039E-06
  4.93243243243243299E+01  5.15958333824515294E-04 -6.90471862813675724E-06
  4.93743743743743764E+01  4.99365572002296318E-04 -5.76883201658324383E-06
  4.94244244244244300E+01  4.83423484721392659E-04 -4.67794968043011861E-06
  4.94744744744744835E+01  4.68104523192065412E-04 -3.66744763044558254E-06
  4.95245245245245300E+01  4.53373679960384084E-04 -2.76571075080245898E-06
  4.95745745745745836E+01  4.39190726253625707E-04 -1.99261585220577998E-06
  4.96246246246246301E+01  4.25512765829266445E-04 -1.35867878888236855E-06
  4.96746746746746837E+01  4.12296912489271681E-04 -8.64935615891068274E-07
  4.97247247247247302E+01  3.99502881770604380E-04 -5.03570723016902997E-07
  4.97747747747747837E+01  3.87095288043051385E-04 -2.59243849024389278E-07
  4.98248248248248302E+01  3.75045457209278804E-04 -1.11008271908044295E-07
  4.98748748748748838E+01  3.63332601574483760E-04 -3.46598411556258858E-08
  4.99249249249249303E+01  3.51944254697813652E-04 -5.31602233510643930E-09
  4.99749749749749768E+01  3.40875926087221427E-04  0.00000000000000000E+00
# pulse generated by run 1498332 (fbR0004)
