# OCT iter         41;   J_T =   9.081251971854E-06;   pulse_id =          2                                                                                                                                                                                   
#               time [ns]              abs(E) [au]        phase(E) [rad/pi]
   2.5025025025025027E-02   3.4087592608722143E-04   0.0000000000000000E+00
   7.5075075075075076E-02   3.5193718268526712E-04  -1.2036862696288214E-05
   1.2512512512512516E-01   3.6328449266353997E-04  -6.9743387385808300E-05
   1.7517517517517520E-01   3.7481920648468772E-04  -2.3129307947115663E-04
   2.2522522522522526E-01   3.8630523941979620E-04  -5.5035635622750344E-04
   2.7527527527527529E-01   3.9730949684072859E-04  -1.0059144445367638E-03
   3.2532532532532538E-01   4.0718653434345596E-04  -1.4004057307044923E-03
   3.7537537537537541E-01   4.1514276104165782E-04  -1.2405823588975560E-03
   4.2542542542542550E-01   4.2041454315932544E-04   3.8702473299914280E-04
   4.7547547547547553E-01   4.2260129471434433E-04   4.9331061028265663E-03
   5.2552552552552556E-01   4.2221167111930805E-04   1.4448991300149476E-02
   5.7557557557557559E-01   4.2148303874282796E-04   3.1430367897076358E-02
   6.2562562562562574E-01   4.2541039364341705E-04   5.8024097312354909E-02
   6.7567567567567566E-01   4.4242702120771035E-04   9.4085602266593973E-02
   7.2572572572572580E-01   4.8338856561962624E-04   1.3484631766924646E-01
   7.7577577577577583E-01   5.5812005514091663E-04   1.7160082363339163E-01
   8.2582582582582598E-01   6.7204050398896389E-04   1.9669903284235493E-01
   8.7587587587587601E-01   8.2606068727212939E-04   2.0725812977532443E-01
   9.2592592592592604E-01   1.0186801020581192E-03   2.0425354654822167E-01
   9.7597597597597607E-01   1.2476592208612942E-03   1.9008785105340342E-01
   1.0260260260260261E+00   1.5106405582959973E-03   1.6714029550797568E-01
   1.0760760760760761E+00   1.8052107169564541E-03   1.3731159050937788E-01
   1.1261261261261262E+00   2.1288100025938545E-03   1.0200701868091951E-01
   1.1761761761761762E+00   2.4786499415128276E-03   6.2238223397729844E-02
   1.2262262262262265E+00   2.8516798894095865E-03   1.8730044533447277E-02
   1.2762762762762765E+00   3.2446069003065096E-03  -2.7994947445515141E-02
   1.3263263263263265E+00   3.6539653503088122E-03  -7.7554743938499981E-02
   1.3763763763763766E+00   4.0762320676747260E-03  -1.2966365137052993E-01
   1.4264264264264266E+00   4.5079817191291914E-03  -1.8410023389474403E-01
   1.4764764764764766E+00   4.9460742161355643E-03  -2.4068348354541000E-01
   1.5265265265265267E+00   5.3878610909837707E-03  -2.9925450253229391E-01
   1.5765765765765769E+00   5.8313920939797531E-03  -3.5966194805346807E-01
   1.6266266266266267E+00   6.2755980635645229E-03  -4.2175022538202528E-01
   1.6766766766766772E+00   6.7204230528475246E-03  -4.8535000223784280E-01
   1.7267267267267272E+00   7.1668793920986731E-03  -5.5027110144152058E-01
   1.7767767767767773E+00   7.6170050755906870E-03  -6.1629819971803357E-01
   1.8268268268268273E+00   8.0737139119188596E-03  -6.8318995906365210E-01
   1.8768768768768773E+00   8.5405441168744829E-03  -7.5068216231539731E-01
   1.9269269269269271E+00   9.0213275310971584E-03  -8.1849506408594941E-01
   1.9769769769769772E+00   9.5198150957651623E-03  -8.8634453643644029E-01
   2.0270270270270276E+00   1.0039300209652314E-02  -9.5395583816494300E-01
   2.0770770770770777E+00   1.0582277532012695E-02   9.7892179243575506E-01
   2.1271271271271277E+00   1.1150161531927218E-02   9.1250179645749807E-01
   2.1771771771771777E+00   1.1743071108986921E-02   8.4695008695214802E-01
   2.2272272272272278E+00   1.2359670452398656E-02   7.8237925609944214E-01
   2.2772772772772778E+00   1.2997047791822605E-02   7.1884766461765537E-01
   2.3273273273273278E+00   1.3650615517526596E-02   6.5636308730519222E-01
   2.3773773773773779E+00   1.4314025960323787E-02   5.9488998664236459E-01
   2.4274274274274279E+00   1.4979112388690163E-02   5.3435914974402399E-01
   2.4774774774774779E+00   1.5651834421836330E-02   4.7470990681521763E-01
   2.5275275275275280E+00   1.6338325036482269E-02   4.1586316782847788E-01
   2.5775775775775780E+00   1.7028181457453453E-02   3.5769365244331874E-01
   2.6276276276276280E+00   1.7709456534500900E-02   3.0007089202477649E-01
   2.6776776776776781E+00   1.8368996434847951E-02   2.4286655004319391E-01
   2.7277277277277285E+00   1.8992876802307244E-02   1.8595935949403825E-01
   2.7777777777777786E+00   1.9566929009519049E-02   1.2923778163463578E-01
   2.8278278278278286E+00   2.0077336974406834E-02   7.2600700163251555E-02
   2.8778778778778786E+00   2.0511276485627995E-02   1.5956559571305269E-02
   2.9279279279279282E+00   2.0857563844642605E-02  -4.0778633573884920E-02
   2.9779779779779783E+00   2.1107278937988336E-02  -9.7684066337530781E-02
   3.0280280280280283E+00   2.1254329222867702E-02  -1.5483730593809342E-01
   3.0780780780780788E+00   2.1295924949559539E-02  -2.1231763232328973E-01
   3.1281281281281288E+00   2.1232941571324482E-02  -2.7020923931129115E-01
   3.1781781781781788E+00   2.1070151955748948E-02  -3.2860398310061384E-01
   3.2282282282282289E+00   2.0816317848449010E-02  -3.8760324994594464E-01
   3.2782782782782789E+00   2.0484136000296572E-02  -4.4731833972560725E-01
   3.3283283283283294E+00   2.0090038167351998E-02  -5.0786853159350864E-01
   3.3783783783783790E+00   1.9653844397424621E-02  -5.6937576198650186E-01
   3.4284284284284290E+00   1.9198264462586642E-02  -6.3195472286447640E-01
   3.4784784784784790E+00   1.8748233062225825E-02  -6.9569739990353074E-01
   3.5285285285285291E+00   1.8330053521085760E-02  -7.6065193790052021E-01
   3.5785785785785786E+00   1.7970320030563609E-02  -8.2679755639791519E-01
   3.6286286286286291E+00   1.7694603132935541E-02  -8.9402003997976331E-01
   3.6786786786786796E+00   1.7525930743002641E-02  -9.6209530413632249E-01
   3.7287287287287292E+00   1.7483179406528427E-02   9.6931015743100724E-01
   3.7787787787787797E+00   1.7579582890502814E-02   9.0061574061421701E-01
   3.8288288288288292E+00   1.7821615113734614E-02   8.3228111573388341E-01
   3.8788788788788797E+00   1.8208461015608756E-02   7.6474862739815852E-01
   3.9289289289289293E+00   1.8732149927030348E-02   6.9838948006202217E-01
   3.9789789789789798E+00   1.9378255180108720E-02   6.3346784940623380E-01
   4.0290290290290303E+00   2.0126948831497193E-02   5.7012921818846674E-01
   4.0790790790790794E+00   2.0954187048667711E-02   5.0841023937332530E-01
   4.1291291291291303E+00   2.1832868603203662E-02   4.4826192889004268E-01
   4.1791791791791795E+00   2.2733899529653864E-02   3.8957723449810738E-01
   4.2292292292292304E+00   2.3627165164086517E-02   3.3221639452996676E-01
   4.2792792792792795E+00   2.4482440595910523E-02   2.7602669699964172E-01
   4.3293293293293305E+00   2.5270269419177739E-02   2.2085580306513886E-01
   4.3793793793793805E+00   2.5962823784368635E-02   1.6655927277022933E-01
   4.4294294294294296E+00   2.6534738902861576E-02   1.1300349971265690E-01
   4.4794794794794806E+00   2.6963899566053721E-02   6.0065274401966774E-02
   4.5295295295295297E+00   2.7232147556780353E-02   7.6289504251394018E-03
   4.5795795795795806E+00   2.7325877120830108E-02  -4.4418132277131421E-02
   4.6296296296296298E+00   2.7236490000974539E-02  -9.6191616230724628E-02
   4.6796796796796807E+00   2.6960690875493572E-02  -1.4781739123165694E-01
   4.7297297297297307E+00   2.6500617610351582E-02  -1.9944025970057661E-01
   4.7797797797797807E+00   2.5863818090795250E-02  -2.5123425443259506E-01
   4.8298298298298308E+00   2.5063106359942595E-02  -3.0341494339287739E-01
   4.8798798798798808E+00   2.4116355192295279E-02  -3.5625403000935274E-01
   4.9299299299299308E+00   2.3046309387708300E-02  -4.1009630515812834E-01
   4.9799799799799809E+00   2.1880531544425864E-02  -4.6537826297256191E-01
   5.0300300300300309E+00   2.0651612739471890E-02  -5.2264590382711740E-01
   5.0800800800800809E+00   1.9397776125550301E-02  -5.8256537457215252E-01
   5.1301301301301310E+00   1.8163929699222332E-02  -6.4591252204778160E-01
   5.1801801801801810E+00   1.7003000505588613E-02  -7.1351478583754790E-01
   5.2302302302302310E+00   1.5976876129938870E-02  -7.8610403003527796E-01
   5.2802802802802811E+00   1.5155419488323990E-02  -8.6403974000052530E-01
   5.3303303303303311E+00   1.4611189973075823E-02  -9.4692254019420219E-01
   5.3803803803803811E+00   1.4408113317151630E-02   9.6672430228813144E-01
   5.4304304304304312E+00   1.4586174111713725E-02   8.7937719874495890E-01
   5.4804804804804812E+00   1.5149641494524149E-02   7.9386679953226391E-01
   5.5305305305305312E+00   1.6066525888559956E-02   7.1249892000973192E-01
   5.5805805805805813E+00   1.7279048807982932E-02   6.3652810077715305E-01
   5.6306306306306313E+00   1.8717539436430199E-02   5.6619613631759591E-01
   5.6806806806806813E+00   2.0310920925365530E-02   5.0108841817940308E-01
   5.7307307307307314E+00   2.1992032644400260E-02   4.4049985179578455E-01
   5.7807807807807823E+00   2.3699304978322080E-02   3.8367637158483070E-01
   5.8308308308308314E+00   2.5376756630194036E-02   3.2993453322915611E-01
   5.8808808808808823E+00   2.6973575920964242E-02   2.7870338499270836E-01
   5.9309309309309315E+00   2.8443840964008791E-02   2.2952698586562126E-01
   5.9809809809809824E+00   2.9746519317015545E-02   1.8205068938479962E-01
   6.0310310310310316E+00   3.0845702328151814E-02   1.3600276533600944E-01
   6.0810810810810825E+00   3.1710967542534794E-02   9.1176337300827984E-02
   6.1311311311311325E+00   3.2317756256738321E-02   4.7413340322808924E-02
   6.1811811811811816E+00   3.2647668933027063E-02   4.5907296976863644E-03
   6.2312312312312326E+00   3.2688604315893127E-02  -3.7391430580805227E-02
   6.2812812812812817E+00   3.2434693333451982E-02  -7.8620593876957301E-02
   6.3313313313313326E+00   3.1886004554642716E-02  -1.1918175565539647E-01
   6.3813813813813818E+00   3.1048023821744170E-02  -1.5916765204617483E-01
   6.4314314314314327E+00   2.9930936818243180E-02  -1.9869009903021909E-01
   6.4814814814814827E+00   2.8548770069101146E-02  -2.3789385786029132E-01
   6.5315315315315328E+00   2.6918473968740503E-02  -2.7697528725959220E-01
   6.5815815815815828E+00   2.5059063252478034E-02  -3.1620985206981350E-01
   6.6316316316316328E+00   2.2990972968438897E-02  -3.5599637556472163E-01
   6.6816816816816820E+00   2.0735861903865886E-02  -3.9693432718248967E-01
   6.7317317317317329E+00   1.8317259362588250E-02  -4.3997008363822926E-01
   6.7817817817817829E+00   1.5762882416958560E-02  -4.8669756808502179E-01
   6.8318318318318330E+00   1.3110731982617373E-02  -5.4003395449353409E-01
   6.8818818818818839E+00   1.0425346850305347E-02  -6.0588749911357220E-01
   6.9319319319319321E+00   7.8464011576976807E-03  -6.9752868462999318E-01
   6.9819819819819831E+00   5.7458517283370857E-03  -8.4442791236656822E-01
   7.0320320320320331E+00   5.0243623772740055E-03   9.3010123565344016E-01
   7.0820820820820840E+00   6.3314572767667913E-03   7.2008808200936891E-01
   7.1321321321321323E+00   8.8807102371401079E-03   5.8988371170478593E-01
   7.1821821821821832E+00   1.1926304597822908E-02   5.0634935892763555E-01
   7.2322322322322332E+00   1.5166226678798127E-02   4.4459082295590857E-01
   7.2822822822822832E+00   1.8467052367120596E-02   3.9380277977488626E-01
   7.3323323323323342E+00   2.1749179850611079E-02   3.4913520783483581E-01
   7.3823823823823833E+00   2.4951921458027618E-02   3.0819675073345665E-01
   7.4324324324324333E+00   2.8022298313632166E-02   2.6971088065072341E-01
   7.4824824824824834E+00   3.0911466600917814E-02   2.3295757222104155E-01
   7.5325325325325343E+00   3.3573941520415124E-02   1.9751839934224874E-01
   7.5825825825825843E+00   3.5967932038933684E-02   1.6314989462070570E-01
   7.6326326326326335E+00   3.8056094721590883E-02   1.2971596536005575E-01
   7.6826826826826835E+00   3.9806374562522152E-02   9.7149638106616615E-02
   7.7327327327327344E+00   4.1192750932074987E-02   6.5430395142193426E-02
   7.7827827827827845E+00   4.2195781665014830E-02   3.4570371045138923E-02
   7.8328328328328336E+00   4.2802884632666752E-02   4.6059829765807770E-03
   7.8828828828828836E+00   4.3008331549006594E-02  -2.4406741019463597E-02
   7.9329329329329337E+00   4.2812960364989668E-02  -5.2393908413371333E-02
   7.9829829829829846E+00   4.2223643364443161E-02  -7.9262706964313770E-02
   8.0330330330330355E+00   4.1252579313757802E-02  -1.0489711194869970E-01
   8.0830830830830838E+00   3.9916510752698600E-02  -1.2914928581044907E-01
   8.1331331331331338E+00   3.8236003742804794E-02  -1.5182470925732805E-01
   8.1831831831831838E+00   3.6234972248084640E-02  -1.7265765324192200E-01
   8.2332332332332356E+00   3.3940695456269793E-02  -1.9127112761958245E-01
   8.2832832832832857E+00   3.1384693310692109E-02  -2.0711098282029622E-01
   8.3333333333333339E+00   2.8605060473579438E-02  -2.1933570419719828E-01
   8.3833833833833840E+00   2.5651361909377342E-02  -2.2662911637297325E-01
   8.4334334334334340E+00   2.2594284910795452E-02  -2.2688214896164260E-01
   8.4834834834834858E+00   1.9544486379833411E-02  -2.1668354295970965E-01
   8.5335335335335341E+00   1.6688539415278501E-02  -1.9071706814604830E-01
   8.5835835835835841E+00   1.4347450741241247E-02  -1.4213997250857463E-01
   8.6336336336336341E+00   1.3013559152353993E-02  -6.7870977453545325E-02
   8.6836836836836859E+00   1.3178831892742453E-02   1.9459627955622286E-02
   8.7337337337337360E+00   1.4918045414625769E-02   9.4464943273095570E-02
   8.7837837837837842E+00   1.7843998035083949E-02   1.4388743505719670E-01
   8.8338338338338342E+00   2.1497930748165073E-02   1.7053935715428137E-01
   8.8838838838838861E+00   2.5551626684073389E-02   1.8134059404906314E-01
   8.9339339339339361E+00   2.9793565053352022E-02   1.8176880196916778E-01
   8.9839839839839861E+00   3.4080336112219826E-02   1.7539694084095137E-01
   9.0340340340340344E+00   3.8305389072127771E-02   1.6448631616184675E-01
   9.0840840840840844E+00   4.2383120690877789E-02   1.5049822898123802E-01
   9.1341341341341362E+00   4.6241385070359714E-02   1.3441380335751357E-01
   9.1841841841841863E+00   4.9818210432757304E-02   1.1692139670208047E-01
   9.2342342342342345E+00   5.3060561535835327E-02   9.8526383950288246E-02
   9.2842842842842845E+00   5.5924052127555482E-02   7.9616859360060646E-02
   9.3343343343343363E+00   5.8373035648168987E-02   6.0504168343537959E-02
   9.3843843843843864E+00   6.0380768330069161E-02   4.1448848957319678E-02
   9.4344344344344364E+00   6.1929484890351244E-02   2.2678018100015015E-02
   9.4844844844844847E+00   6.3010316672224398E-02   4.3977648220876724E-03
   9.5345345345345365E+00   6.3623044491842251E-02  -1.3197246528990604E-02
   9.5845845845845865E+00   6.3775726908844893E-02  -2.9915520326563874E-02
   9.6346346346346365E+00   6.3484285021612935E-02  -4.5560816130129307E-02
   9.6846846846846866E+00   6.2772159355802229E-02  -5.9923852732538321E-02
   9.7347347347347366E+00   6.1670183094183664E-02  -7.2773141832361429E-02
   9.7847847847847866E+00   6.0216837303879771E-02  -8.3844772285405017E-02
   9.8348348348348367E+00   5.8459063995386334E-02  -9.2831506390266674E-02
   9.8848848848848867E+00   5.6453802323002997E-02  -9.9372580629161752E-02
   9.9349349349349350E+00   5.4270360041839820E-02  -1.0304754017039487E-01
   9.9849849849849868E+00   5.1993589043781319E-02  -1.0338084459682245E-01
   1.0035035035035037E+01   4.9727510040084820E-02  -9.9869270470015190E-02
   1.0085085085085087E+01   4.7598390637534127E-02  -9.2050369128282128E-02
   1.0135135135135137E+01   4.5755218533385773E-02  -7.9632249328759383E-02
   1.0185185185185187E+01   4.4364253441003032E-02  -6.2689594324450273E-02
   1.0235235235235237E+01   4.3594013840789994E-02  -4.1880645861751033E-02
   1.0285285285285287E+01   4.3589828955882162E-02  -1.8562112386838657E-02
   1.0335335335335337E+01   4.4444032880195404E-02   5.3497480504351722E-03
   1.0385385385385387E+01   4.6174701266337277E-02   2.7798591781588382E-02
   1.0435435435435437E+01   4.8724054450774018E-02   4.7090254177198310E-02
   1.0485485485485487E+01   5.1976054379003371E-02   6.2203482831524444E-02
   1.0535535535535537E+01   5.5782258965035934E-02   7.2804790556511581E-02
   1.0585585585585587E+01   5.9984638901443663E-02   7.9068702892325524E-02
   1.0635635635635637E+01   6.4430431348945202E-02   8.1456860713931323E-02
   1.0685685685685687E+01   6.8979663567290780E-02   8.0545689019440883E-02
   1.0735735735735737E+01   7.3507982700563274E-02   7.6921742304405058E-02
   1.0785785785785787E+01   7.7907135357916768E-02   7.1130110657162557E-02
   1.0835835835835837E+01   8.2084529623307020E-02   6.3655475871992953E-02
   1.0885885885885887E+01   8.5962566901241960E-02   5.4920275201358691E-02
   1.0935935935935937E+01   8.9477994520241716E-02   4.5290523832985742E-02
   1.0985985985985987E+01   9.2581324103396437E-02   3.5084278397468478E-02
   1.1036036036036037E+01   9.5236287167021844E-02   2.4580369325292908E-02
   1.1086086086086089E+01   9.7419291285538986E-02   1.4026440761476347E-02
   1.1136136136136138E+01   9.9118859973444107E-02   3.6460214887157043E-03
   1.1186186186186188E+01   1.0033506781938421E-01  -6.3553603962767033E-03
   1.1236236236236238E+01   1.0107900933461143E-01  -1.5784927405497577E-02
   1.1286286286286288E+01   1.0137235963007914E-01  -2.4458214066547749E-02
   1.1336336336336338E+01   1.0124709314014349E-01  -3.2195501950279259E-02
   1.1386386386386388E+01   1.0074541910457779E-01  -3.8819368718716434E-02
   1.1436436436436438E+01   9.9919964887113771E-02  -4.4153829080280177E-02
   1.1486486486486488E+01   9.8834185264687638E-02  -4.8025832239571881E-02
   1.1536536536536540E+01   9.7562892251608482E-02  -5.0270178047399687E-02
   1.1586586586586588E+01   9.6192682604082050E-02  -5.0739122953205804E-02
   1.1636636636636638E+01   9.4821893349128911E-02  -4.9317864893336026E-02
   1.1686686686686688E+01   9.3559562362763637E-02  -4.5946395560590651E-02
   1.1736736736736740E+01   9.2522767354726504E-02  -4.0646500614740101E-02
   1.1786786786786790E+01   9.1831761807657800E-02  -3.3549789716279935E-02
   1.1836836836836838E+01   9.1602643767617412E-02  -2.4919088035673588E-02
   1.1886886886886888E+01   9.1937953308240172E-02  -1.5153083746564544E-02
   1.1936936936936938E+01   9.2916486018976105E-02  -4.7654899064995156E-03
   1.1986986986986990E+01   9.4584360981438867E-02   5.6631206703829191E-03
   1.2037037037037038E+01   9.6949493476027188E-02   1.5552057892748265E-02
   1.2087087087087088E+01   9.9980839963259918E-02   2.4388573657405994E-02
   1.2137137137137138E+01   1.0361239957099821E-01   3.1779259330432484E-02
   1.2187187187187190E+01   1.0775067413091671E-01   3.7474391595787672E-02
   1.2237237237237240E+01   1.1228369526535278E-01   4.1365553338435473E-02
   1.2287287287287288E+01   1.1708990901905714E-01   4.3464580035311555E-02
   1.2337337337337338E+01   1.2204583233418505E-01   4.3874070826802510E-02
   1.2387387387387390E+01   1.2703205370011331E-01   4.2757689329452141E-02
   1.2437437437437440E+01   1.3193760800395599E-01   4.0314963978930619E-02
   1.2487487487487490E+01   1.3666297610468936E-01   3.6762241479573986E-02
   1.2537537537537538E+01   1.4112201094659452E-01   3.2319552964840625E-02
   1.2587587587587588E+01   1.4524305868401843E-01   2.7202308106820578E-02
   1.2637637637637640E+01   1.4896948555097708E-01   2.1616555304757767E-02
   1.2687687687687690E+01   1.5225976977642419E-01   1.5756690117219040E-02
   1.2737737737737739E+01   1.5508728259965426E-01   9.8047378419750739E-03
   1.2787787787787789E+01   1.5743986213252151E-01   3.9305673444064064E-03
   1.2837837837837840E+01   1.5931927258905199E-01  -1.7074316896325563E-03
   1.2887887887887890E+01   1.6074063224202900E-01  -6.9615651357837578E-03
   1.2937937937937940E+01   1.6173187975945078E-01  -1.1694247605816312E-02
   1.2987987987987989E+01   1.6233332482519638E-01  -1.5777904481185722E-02
   1.3038038038038039E+01   1.6259729126946060E-01  -1.9095668274895752E-02
   1.3088088088088089E+01   1.6258780768814859E-01  -2.1543188843012599E-02
   1.3138138138138139E+01   1.6238023334513924E-01  -2.3031859698991342E-02
   1.3188188188188189E+01   1.6206063242582322E-01  -2.3493672592055675E-02
   1.3238238238238241E+01   1.6172464048538490E-01  -2.2887702136632895E-02
   1.3288288288288291E+01   1.6147552443168792E-01  -2.1207852213598135E-02
   1.3338338338338337E+01   1.6142115046365060E-01  -1.8490964111828222E-02
   1.3388388388388387E+01   1.6166967407197155E-01  -1.4823770907994379E-02
   1.3438438438438439E+01   1.6232397247860858E-01  -1.0346677200948467E-02
   1.3488488488488489E+01   1.6347514156831539E-01  -5.2522440172045916E-03
   1.3538538538538539E+01   1.6519571597480737E-01   2.2314620174767731E-04
   1.3588588588588589E+01   1.6753353391607922E-01   5.8146007238366725E-03
   1.3638638638638639E+01   1.7050723650441379E-01   1.1249327311529729E-02
   1.3688688688688691E+01   1.7410419435438576E-01   1.6269246897791977E-02
   1.3738738738738741E+01   1.7828122661340456E-01   2.0651623538945934E-02
   1.3788788788788787E+01   1.8296795606526498E-01   2.4224306519973354E-02
   1.3838838838838839E+01   1.8807220220372839E-01   2.6873745208634250E-02
   1.3888888888888889E+01   1.9348657488538443E-01   2.8545784933626171E-02
   1.3938938938938939E+01   1.9909541823818516E-01   2.9240687231231289E-02
   1.3988988988988989E+01   2.0478140744791576E-01   2.9004493388326193E-02
   1.4039039039039039E+01   2.1043132683158555E-01   2.7918816311521214E-02
   1.4089089089089089E+01   2.1594077840331438E-01   2.6090679201466713E-02
   1.4139139139139141E+01   2.2121774426257337E-01   2.3643418773117899E-02
   1.4189189189189191E+01   2.2618504456645472E-01   2.0709137230581945E-02
   1.4239239239239238E+01   2.3078180509933993E-01   1.7422805401609714E-02
   1.4289289289289290E+01   2.3496408923894538E-01   1.3917891193211320E-02
   1.4339339339339340E+01   2.3870487042314087E-01   1.0323275652258478E-02
   1.4389389389389390E+01   2.4199352950743069E-01   6.7611785443527916E-03
   1.4439439439439440E+01   2.4483505798743960E-01   3.3458098329491115E-03
   1.4489489489489490E+01   2.4724913094110723E-01   1.8246932732809637E-04
   1.4539539539539541E+01   2.4926917961789902E-01  -2.6331764290176713E-03
   1.4589589589589592E+01   2.5094154081108366E-01  -5.0159030071290677E-03
   1.4639639639639642E+01   2.5232468936110924E-01  -6.8920681015000223E-03
   1.4689689689689692E+01   2.5348847662607715E-01  -8.2012869044233334E-03
   1.4739739739739740E+01   2.5451321214074413E-01  -8.8987657732943672E-03
   1.4789789789789790E+01   2.5548835409282911E-01  -8.9582818544221739E-03
   1.4839839839839840E+01   2.5651053722592598E-01  -8.3756027716439356E-03
   1.4889889889889890E+01   2.5768068632772956E-01  -7.1719032989966194E-03
   1.4939939939939940E+01   2.5910005741693898E-01  -5.3964977591285978E-03
   1.4989989989989992E+01   2.6086522248087723E-01  -3.1280410027047499E-03
   1.5040040040040042E+01   2.6306225078833934E-01  -4.7334873247196606E-04
   1.5090090090090092E+01   2.6576059651736705E-01   2.4367740045909960E-03
   1.5140140140140142E+01   2.6900741120234356E-01   5.4548160833077846E-03
   1.5190190190190190E+01   2.7282308721619769E-01   8.4264197323309399E-03
   1.5240240240240240E+01   2.7719875527623278E-01   1.1201646844506592E-02
   1.5290290290290290E+01   2.8209620477639979E-01   1.3646088806224019E-02
   1.5340340340340340E+01   2.8745032809639148E-01   1.5650250149211280E-02
   1.5390390390390390E+01   2.9317380436172402E-01   1.7136019316372146E-02
   1.5440440440440442E+01   2.9916342994680162E-01   1.8059667327551300E-02
   1.5490490490490492E+01   3.0530733276650873E-01   1.8411472680674314E-02
   1.5540540540540542E+01   3.1149228597287049E-01   1.8212575125402652E-02
   1.5590590590590592E+01   3.1761043456634974E-01   1.7509924309886980E-02
   1.5640640640640640E+01   3.2356491782582497E-01   1.6370223562289603E-02
   1.5690690690690690E+01   3.2927406597177200E-01   1.4873646601199204E-02
   1.5740740740740740E+01   3.3467403931264272E-01   1.3107910872517323E-02
   1.5790790790790791E+01   3.3971994523886906E-01   1.1163090954833864E-02
   1.5840840840840842E+01   3.4438560582034056E-01   9.1273840132449144E-03
   1.5890890890890892E+01   3.4866225354782965E-01   7.0839055136140945E-03
   1.5940940940940942E+01   3.5255650196462368E-01   5.1084910348374278E-03
   1.5990990990990992E+01   3.5608796706355078E-01   3.2683982994606794E-03
   1.6041041041041044E+01   3.5928689945765535E-01   1.6217349533806549E-03
   1.6091091091091094E+01   3.6219212388599392E-01   2.1738161332647264E-04
   1.6141141141141141E+01   3.6484947456341671E-01  -9.0485708638905771E-04
   1.6191191191191191E+01   3.6731077322021788E-01  -1.7141470167526282E-03
   1.6241241241241241E+01   3.6963324111770340E-01  -2.1888025115145873E-03
   1.6291291291291291E+01   3.7187909369322159E-01  -2.3169010997154439E-03
   1.6341341341341341E+01   3.7411496685772999E-01  -2.0973573387380287E-03
   1.6391391391391391E+01   3.7641079507865960E-01  -1.5413151216890156E-03
   1.6441441441441444E+01   3.7883782209415545E-01  -6.7355072434415733E-04
   1.6491491491491495E+01   3.8146557884572802E-01   4.6655343445859261E-04
   1.6541541541541545E+01   3.8435789268596948E-01   1.8249580887363412E-03
   1.6591591591591591E+01   3.8756825713488385E-01   3.3342717797478832E-03
   1.6641641641641641E+01   3.9113513375804543E-01   4.9166527239165436E-03
   1.6691691691691691E+01   3.9507791165111206E-01   6.4882536966831030E-03
   1.6741741741741741E+01   3.9939426195716182E-01   7.9648182597922244E-03
   1.6791791791791791E+01   4.0405947300267081E-01   9.2677484905718793E-03
   1.6841841841841845E+01   4.0902805808275033E-01   1.0329811955419583E-02
   1.6891891891891895E+01   4.1423755546180913E-01   1.1099686763141358E-02
   1.6941941941941945E+01   4.1961407336560796E-01   1.1544747577830500E-02
   1.6991991991991995E+01   4.2507885119959571E-01   1.1651810058790107E-02
   1.7042042042042041E+01   4.3055496400886867E-01   1.1425890378804988E-02
   1.7092092092092091E+01   4.3597330551758129E-01   1.0887324245389825E-02
   1.7142142142142141E+01   4.4127712898482213E-01   1.0067781761160882E-02
   1.7192192192192191E+01   4.4642466809198278E-01   9.0058004125102165E-03
   1.7242242242242241E+01   4.5138965883144228E-01   7.7424514045460616E-03
   1.7292292292292295E+01   4.5615989553204095E-01   6.3176752800916062E-03
   1.7342342342342345E+01   4.6073424055619239E-01   4.7676896745103489E-03
   1.7392392392392395E+01   4.6511873147453581E-01   3.1236990492848260E-03
   1.7442442442442445E+01   4.6932255883562785E-01   1.4119369164667878E-03
   1.7492492492492495E+01   4.7335469676993869E-01  -3.4513541588760934E-04
   1.7542542542542542E+01   4.7722184693664615E-01  -2.1268358670507265E-03
   1.7592592592592592E+01   4.8092811448269679E-01  -3.9119707605549904E-03
   1.7642642642642642E+01   4.8447650758154798E-01  -5.6767960768430731E-03
   1.7692692692692695E+01   4.8787199457439784E-01  -7.3937385995547248E-03
   1.7742742742742745E+01   4.9112552903851603E-01  -9.0312508618530744E-03
   1.7792792792792795E+01   4.9425822361971172E-01  -1.0554969945578811E-02
   1.7842842842842845E+01   4.9730476288778930E-01  -1.1930110004936248E-02
   1.7892892892892895E+01   5.0031521571532001E-01  -1.3124779596594190E-02
   1.7942942942942945E+01   5.0335463539238146E-01  -1.4113714210785744E-02
   1.7992992992992992E+01   5.0650019240107769E-01  -1.4881785851030680E-02
   1.8043043043043042E+01   5.0983601789426314E-01  -1.5426625489174136E-02
   1.8093093093093092E+01   5.1344637134876570E-01  -1.5759792822803181E-02
   1.8143143143143146E+01   5.1740809554733513E-01  -1.5906154395242140E-02
   1.8193193193193196E+01   5.2178350006891605E-01  -1.5901457870932056E-02
   1.8243243243243246E+01   5.2661476121561812E-01  -1.5788451930481725E-02
   1.8293293293293296E+01   5.3192063353525409E-01  -1.5612205874032097E-02
   1.8343343343343346E+01   5.3769579264817091E-01  -1.5415440290281820E-02
   1.8393393393393396E+01   5.4391258467585246E-01  -1.5234637309722635E-02
   1.8443443443443442E+01   5.5052448388035680E-01  -1.5097465308138361E-02
   1.8493493493493492E+01   5.5747028046667990E-01  -1.5021698537900958E-02
   1.8543543543543542E+01   5.6467800531578494E-01  -1.5015441441220398E-02
   1.8593593593593596E+01   5.7206784762216689E-01  -1.5078182029771216E-02
   1.8643643643643646E+01   5.7955376810271397E-01  -1.5202067613797528E-02
   1.8693693693693696E+01   5.8704403996747656E-01  -1.5372841777524319E-02
   1.8743743743743746E+01   5.9444142632217201E-01  -1.5570081345410961E-02
   1.8793793793793796E+01   6.0164399782446143E-01  -1.5766669442205630E-02
   1.8843843843843846E+01   6.0854761568124116E-01  -1.5927759668668873E-02
   1.8893893893893896E+01   6.1505081910055925E-01  -1.6009748949762270E-02
   1.8943943943943943E+01   6.2106230156033282E-01  -1.5959920187494963E-02
   1.8993993993993996E+01   6.2651044302951497E-01  -1.5717406494928889E-02
   1.9044044044044046E+01   6.3135363859194038E-01  -1.5215965375560966E-02
   1.9094094094094096E+01   6.3558959557126082E-01  -1.4388759422123547E-02
   1.9144144144144146E+01   6.3926151098904227E-01  -1.3174960959580057E-02
   1.9194194194194196E+01   6.4245919423086539E-01  -1.1527579857615995E-02
   1.9244244244244246E+01   6.4531380700620722E-01  -9.4215140363436527E-03
   1.9294294294294296E+01   6.4798591268688333E-01  -6.8605175731874177E-03
   1.9344344344344346E+01   6.5064781843231334E-01  -3.8816719197727477E-03
   1.9394394394394393E+01   6.5346250650808835E-01  -5.5613592682387310E-04
   1.9444444444444446E+01   6.5656245271020197E-01   3.0145034215191520E-03
   1.9494494494494496E+01   6.6003198325970414E-01   6.7061139546952140E-03
   1.9544544544544546E+01   6.6389631745641087E-01   1.0383034900686736E-02
   1.9594594594594597E+01   6.6811912686725206E-01   1.3910406779834626E-02
   1.9644644644644647E+01   6.7260865271164882E-01   1.7165757166989409E-02
   1.9694694694694697E+01   6.7723069414692527E-01   2.0048119535851557E-02
   1.9744744744744747E+01   6.8182562564058913E-01   2.2483722431186837E-02
   1.9794794794794797E+01   6.8622630787509831E-01   2.4428168025598530E-02
   1.9844844844844843E+01   6.9027428663139256E-01   2.5865716871627822E-02
   1.9894894894894897E+01   6.9383272131819484E-01   2.6806631586532226E-02
   1.9944944944944947E+01   6.9679562538255446E-01   2.7283497473590611E-02
   1.9994994994994997E+01   6.9909385914591327E-01   2.7347150992490261E-02
   2.0045045045045047E+01   7.0069867986561962E-01   2.7062476774812261E-02
   2.0095095095095097E+01   7.0162351759217678E-01   2.6504033616605263E-02
   2.0145145145145147E+01   7.0192418016292701E-01   2.5751336675906570E-02
   2.0195195195195197E+01   7.0169716873218724E-01   2.4883684394538440E-02
   2.0245245245245247E+01   7.0107547920289026E-01   2.3974637036074612E-02
   2.0295295295295297E+01   7.0022135316805778E-01   2.3086543321912359E-02
   2.0345345345345347E+01   6.9931594634608962E-01   2.2265761561558944E-02
   2.0395395395395397E+01   6.9854665559557605E-01   2.1539324429561628E-02
   2.0445445445445447E+01   6.9809361255837121E-01   2.0913680696988159E-02
   2.0495495495495497E+01   6.9811729954263224E-01   2.0375809802916867E-02
   2.0545545545545547E+01   6.9874913576595221E-01   1.9896530725230156E-02
   2.0595595595595597E+01   7.0008616929607403E-01   1.9435373709471807E-02
   2.0645645645645647E+01   7.0218988101231250E-01   1.8946127749464348E-02
   2.0695695695695697E+01   7.0508795151737891E-01   1.8382227510773338E-02
   2.0745745745745747E+01   7.0877711544075805E-01   1.7701476490781180E-02
   2.0795795795795797E+01   7.1322526318746660E-01   1.6870056127669703E-02
   2.0845845845845847E+01   7.1837179916280125E-01   1.5866112290088982E-02
   2.0895895895895897E+01   7.2412664154951245E-01   1.4683254322335280E-02
   2.0945945945945947E+01   7.3036961134538847E-01   1.3334003142837846E-02
   2.0995995995995997E+01   7.3695271051934452E-01   1.1852713877993037E-02
   2.1046046046046047E+01   7.4370751321223938E-01   1.0297026676791001E-02
   2.1096096096096097E+01   7.5045853070917357E-01   8.7467248554548259E-03
   2.1146146146146148E+01   7.5704131023444987E-01   7.2991490930292393E-03
   2.1196196196196198E+01   7.6332185674384623E-01   6.0610052911282859E-03
   2.1246246246246248E+01   7.6921251748808828E-01   5.1373363299796505E-03
   2.1296296296296298E+01   7.7467941980640642E-01   4.6193478460345144E-03
   2.1346346346346348E+01   7.7973823015230215E-01   4.5734144045722130E-03
   2.1396396396396398E+01   7.8443818221316686E-01   5.0337012882045269E-03
   2.1446446446446448E+01   7.8883814399400076E-01   6.0002492420115792E-03
   2.1496496496496498E+01   7.9298160650779326E-01   7.4430815883802619E-03
   2.1546546546546548E+01   7.9687848267853467E-01   9.3111770492536172E-03
   2.1596596596596598E+01   8.0049970921792524E-01   1.1543569013806954E-02
   2.1646646646646648E+01   8.0378619340639557E-01   1.4079049952508714E-02
   2.1696696696696698E+01   8.0666818486718672E-01   1.6861415521968359E-02
   2.1746746746746748E+01   8.0908685318831175E-01   1.9838813999873715E-02
   2.1796796796796798E+01   8.1100858666722375E-01   2.2958005204182275E-02
   2.1846846846846848E+01   8.1242504657511350E-01   2.6156355113750276E-02
   2.1896896896896898E+01   8.1333759890255564E-01   2.9355437902927436E-02
   2.1946946946946948E+01   8.1373141462459886E-01   3.2459734841087648E-02
   2.1996996996996998E+01   8.1354967101355835E-01   3.5362128935555952E-02
   2.2047047047047048E+01   8.1267963156086709E-01   3.7955266042072833E-02
   2.2097097097097098E+01   8.1095901687328331E-01   4.0145399549308604E-02
   2.2147147147147152E+01   8.0820403782352312E-01   4.1864108382333745E-02
   2.2197197197197198E+01   8.0425243640661259E-01   4.3073825166014337E-02
   2.2247247247247248E+01   7.9900904944149165E-01   4.3765178151973283E-02
   2.2297297297297298E+01   7.9248002776317750E-01   4.3946869670652172E-02
   2.2347347347347348E+01   7.8478535421078277E-01   4.3631206844405863E-02
   2.2397397397397398E+01   7.7614634446340691E-01   4.2819777513925718E-02
   2.2447447447447448E+01   7.6685286695003829E-01   4.1493814602836618E-02
   2.2497497497497498E+01   7.5722130353183459E-01   3.9612500457078266E-02
   2.2547547547547552E+01   7.4755663284984386E-01   3.7120094832997663E-02
   2.2597597597597602E+01   7.3812964681732074E-01   3.3959952063596782E-02
   2.2647647647647648E+01   7.2917413800704123E-01   3.0091169771802123E-02
   2.2697697697697699E+01   7.2090133182890048E-01   2.5502707879972230E-02
   2.2747747747747749E+01   7.1352279126457763E-01   2.0220741351273937E-02
   2.2797797797797799E+01   7.0727061533900337E-01   1.4307398288836034E-02
   2.2847847847847849E+01   7.0240547313349433E-01   7.8519526688185376E-03
   2.2897897897897899E+01   6.9920777063613904E-01   9.5795733511091184E-04
   2.2947947947947949E+01   6.9795311954013339E-01  -6.2690379291765975E-03
   2.2997997997998002E+01   6.9887837050265778E-01  -1.3728984838758337E-02
   2.3048048048048052E+01   7.0214742874308411E-01  -2.1327808140335820E-02
   2.3098098098098099E+01   7.0782623082495344E-01  -2.8971466830391795E-02
   2.3148148148148149E+01   7.1587370898552571E-01  -3.6556925709570337E-02
   2.3198198198198199E+01   7.2615110065698540E-01  -4.3964757840017354E-02
   2.3248248248248249E+01   7.3844690253015954E-01  -5.1057559202087557E-02
   2.3298298298298299E+01   7.5251057110872444E-01  -5.7686143672392942E-02
   2.3348348348348349E+01   7.6808586501599030E-01  -6.3702588062988341E-02
   2.3398398398398399E+01   7.8493507632500847E-01  -6.8976742087824006E-02
   2.3448448448448453E+01   8.0284829489756304E-01  -7.3411573838984265E-02
   2.3498498498498503E+01   8.2163670243296949E-01  -7.6952959188997611E-02
   2.3548548548548553E+01   8.4111447338601120E-01  -7.9591123880343562E-02
   2.3598598598598599E+01   8.6107835585280879E-01  -8.1353478057305958E-02
   2.3648648648648649E+01   8.8129549777289473E-01  -8.2291304381006070E-02
   2.3698698698698699E+01   9.0150744737815758E-01  -8.2464735442087322E-02
   2.3748748748748749E+01   9.2145199590671678E-01  -8.1930895436539891E-02
   2.3798798798798799E+01   9.4089688566881169E-01  -8.0738760215082292E-02
   2.3848848848848853E+01   9.5967350267761153E-01  -7.8931702407186458E-02
   2.3898898898898903E+01   9.7769715424458414E-01  -7.6555807420969027E-02
   2.3948948948948953E+01   9.9496440734983038E-01  -7.3669896026653303E-02
   2.3998998998999003E+01   1.0115261221116036E+00  -7.0352510622217451E-02
   2.4049049049049049E+01   1.0274442888280619E+00  -6.6702198263714596E-02
   2.4099099099099099E+01   1.0427477088285384E+00  -6.2829967900616096E-02
   2.4149149149149149E+01   1.0574027397218282E+00  -5.8845917010235407E-02
   2.4199199199199199E+01   1.0713098147983544E+00  -5.4844435221004031E-02
   2.4249249249249250E+01   1.0843263505257172E+00  -5.0893011340279078E-02
   2.4299299299299303E+01   1.0963063239311621E+00  -4.7028218971255489E-02
   2.4349349349349353E+01   1.1071407114010501E+00  -4.3259645052693765E-02
   2.4399399399399403E+01   1.1167835746274548E+00  -3.9579624414174917E-02
   2.4449449449449453E+01   1.1252552798594873E+00  -3.5974804842428196E-02
   2.4499499499499500E+01   1.1326240480159515E+00  -3.2435371772144200E-02
   2.4549549549549550E+01   1.1389756083656510E+00  -2.8959123525831514E-02
   2.4599599599599600E+01   1.1443846764654859E+00  -2.5549882387436079E-02
   2.4649649649649650E+01   1.1488998517638853E+00  -2.2212018972101129E-02
   2.4699699699699703E+01   1.1525465324409927E+00  -1.8944239890125603E-02
   2.4749749749749753E+01   1.1553439017252898E+00  -1.5735724116123340E-02
   2.4799799799799803E+01   1.1573258666118069E+00  -1.2566321909850714E-02
   2.4849849849849853E+01   1.1585546881699103E+00  -9.4105553782363703E-03
   2.4899899899899903E+01   1.1591201523247980E+00  -6.2434938323996355E-03
   2.4949949949949954E+01   1.1591243071680259E+00  -3.0459137246039362E-03
   2.5000000000000000E+01   1.1586585863049987E+00   1.9330265106982488E-04
   2.5050050050050050E+01   1.1577834448220141E+00   3.4781495013559193E-03
   2.5100100100100100E+01   1.1565190740081177E+00   6.8088715865194556E-03
   2.5150150150150154E+01   1.1548502452323834E+00   1.0185710261218010E-02
   2.5200200200200204E+01   1.1527415986926544E+00   1.3611019164826007E-02
   2.5250250250250254E+01   1.1501549869456207E+00   1.7088757108453211E-02
   2.5300300300300304E+01   1.1470600209115704E+00   2.0621824070405085E-02
   2.5350350350350354E+01   1.1434328941375249E+00   2.4208865752701848E-02
   2.5400400400400404E+01   1.1392449113570071E+00   2.7842451181473257E-02
   2.5450450450450450E+01   1.1344477758686027E+00   3.1509780858210074E-02
   2.5500500500500500E+01   1.1289647704543171E+00   3.5195670679008258E-02
   2.5550550550550550E+01   1.1226943673846685E+00   3.8886189900622647E-02
   2.5600600600600604E+01   1.1155266923939884E+00   4.2570733887421712E-02
   2.5650650650650654E+01   1.1073665975199887E+00   4.6240850360191363E-02
   2.5700700700700704E+01   1.0981531867056085E+00   4.9885619055062454E-02
   2.5750750750750754E+01   1.0878665575418258E+00   5.3485147301785524E-02
   2.5800800800800804E+01   1.0765180829516083E+00   5.7004967996240448E-02
   2.5850850850850854E+01   1.0641283399116006E+00   6.0394191191772514E-02
   2.5900900900900901E+01   1.0507031940897575E+00   6.3589012770470521E-02
   2.5950950950950951E+01   1.0362204107789537E+00   6.6521046715269538E-02
   2.6001001001001004E+01   1.0206353147477485E+00   6.9127807512172790E-02
   2.6051051051051054E+01   1.0039059757116366E+00   7.1361506071588685E-02
   2.6101101101101108E+01   9.8602970619179109E-01   7.3192720308763601E-02
   2.6151151151151154E+01   9.6707720934110974E-01   7.4607338705575454E-02
   2.6201201201201201E+01   9.4721088273972731E-01   7.5597710996862952E-02
   2.6251251251251254E+01   9.2667946525619860E-01   7.6151200689791296E-02
   2.6301301301301301E+01   9.0579005417942293E-01   7.6240502673886434E-02
   2.6351351351351354E+01   8.8486700031707011E-01   7.5819721356406244E-02
   2.6401401401401401E+01   8.6421199131027893E-01   7.4828323870817906E-02
   2.6451451451451454E+01   8.4407887097388057E-01   7.3202243917812104E-02
   2.6501501501501505E+01   8.2467073310819106E-01   7.0888645427418087E-02
   2.6551551551551558E+01   8.0615804927325185E-01   6.7859322086094631E-02
   2.6601601601601605E+01   7.8870863334187868E-01   6.4118126135412234E-02
   2.6651651651651651E+01   7.7251617867020828E-01   5.9700044702130778E-02
   2.6701701701701705E+01   7.5781515499691243E-01   5.4662654885210479E-02
   2.6751751751751751E+01   7.4487515103988444E-01   4.9073490241354260E-02
   2.6801801801801805E+01   7.3397505398410934E-01   4.2998357838564545E-02
   2.6851851851851851E+01   7.2536420803797885E-01   3.6495327830561759E-02
   2.6901901901901905E+01   7.1922181546207098E-01   2.9616982543227765E-02
   2.6951951951951955E+01   7.1562620405360533E-01   2.2420190865317505E-02
   2.7002002002002008E+01   7.1454224346593298E-01   1.4979409170691699E-02
   2.7052052052052055E+01   7.1582939701134274E-01   7.3977484450719732E-03
   2.7102102102102101E+01   7.1926666557338392E-01  -1.8933052977537066E-04
   2.7152152152152155E+01   7.2458602645251313E-01  -7.6200899576708099E-03
   2.7202202202202201E+01   7.3150417569705106E-01  -1.4721144421189125E-02
   2.7252252252252255E+01   7.3974375650464330E-01  -2.1326443989462211E-02
   2.7302302302302305E+01   7.4903930761914417E-01  -2.7295023539844403E-02
   2.7352352352352355E+01   7.5912882176257235E-01  -3.2522437783921228E-02
   2.7402402402402405E+01   7.6973748110165818E-01  -3.6942931018390003E-02
   2.7452452452452459E+01   7.8056389007904325E-01  -4.0522484565676045E-02
   2.7502502502502505E+01   7.9127920911315974E-01  -4.3245979222988042E-02
   2.7552552552552552E+01   8.0154535226563650E-01  -4.5103730319865774E-02
   2.7602602602602605E+01   8.1105094762857310E-01  -4.6082825326346090E-02
   2.7652652652652652E+01   8.1955574729460912E-01  -4.6166938663471581E-02
   2.7702702702702705E+01   8.2692882070548746E-01  -4.5345264866117466E-02
   2.7752752752752755E+01   8.3316557752435461E-01  -4.3627926005967460E-02
   2.7802802802802805E+01   8.3837410120368028E-01  -4.1062664741508055E-02
   2.7852852852852855E+01   8.4273102764818575E-01  -3.7746600714098910E-02
   2.7902902902902909E+01   8.4641807626678534E-01  -3.3827802560518171E-02
   2.7952952952952955E+01   8.4955819267747212E-01  -2.9494439946803088E-02
   2.8003003003003002E+01   8.5217152408900476E-01  -2.4953543147138400E-02
   2.8053053053053056E+01   8.5416495449020036E-01  -2.0405262252818510E-02
   2.8103103103103102E+01   8.5535699610271776E-01  -1.6020167354607723E-02
   2.8153153153153156E+01   8.5552748049042904E-01  -1.1925724065850057E-02
   2.8203203203203206E+01   8.5447389627602144E-01  -8.2043654555199498E-03
   2.8253253253253259E+01   8.5205609158690421E-01  -4.9013852492254964E-03
   2.8303303303303306E+01   8.4821762992610850E-01  -2.0379412692282228E-03
   2.8353353353353359E+01   8.4298201353108393E-01   3.7636355374309196E-04
   2.8403403403403406E+01   8.3643115375099031E-01   2.3356626049234677E-03
   2.8453453453453452E+01   8.2867861465041004E-01   3.8366084844910137E-03
   2.8503503503503506E+01   8.1984987074181526E-01   4.8827584988893414E-03
   2.8553553553553552E+01   8.1007682806514636E-01   5.4913699275757370E-03
   2.8603603603603606E+01   7.9950659346180586E-01   5.6985793467107162E-03
   2.8653653653653656E+01   7.8831800902764981E-01   5.5596639477007888E-03
   2.8703703703703709E+01   7.7673620796777931E-01   5.1429774318482030E-03
   2.8753753753753756E+01   7.6503626429346294E-01   4.5184714333722353E-03
   2.8803803803803810E+01   7.5353115046636288E-01   3.7436876943509863E-03
   2.8853853853853856E+01   7.4254489694638603E-01   2.8511786125999731E-03
   2.8903903903903910E+01   7.3237703363020445E-01   1.8411917438840464E-03
   2.8953953953953956E+01   7.2326743486882361E-01   6.8211449521903196E-04
   2.9004004004004003E+01   7.1537069916962837E-01  -6.8106862810482038E-04
   2.9054054054054056E+01   7.0874625188362728E-01  -2.3125038777154169E-03
   2.9104104104104106E+01   7.0336552561849375E-01  -4.2693157281179098E-03
   2.9154154154154160E+01   6.9913258229218478E-01  -6.5878192521869232E-03
   2.9204204204204206E+01   6.9591114500433859E-01  -9.2751478546762942E-03
   2.9254254254254260E+01   6.9355025267194170E-01  -1.2307263621385074E-02
   2.9304304304304306E+01   6.9190258885433176E-01  -1.5632285563402223E-02
   2.9354354354354360E+01   6.9083298430237206E-01  -1.9176839387497598E-02
   2.9404404404404406E+01   6.9021825882146304E-01  -2.2852965895262489E-02
   2.9454454454454456E+01   6.8994222011068540E-01  -2.6563829679015917E-02
   2.9504504504504506E+01   6.8989057137654708E-01  -3.0207598196484713E-02
   2.9554554554554556E+01   6.8994963605626880E-01  -3.3679930679414355E-02
   2.9604604604604610E+01   6.9001068560026668E-01  -3.6876163444096097E-02
   2.9654654654654657E+01   6.8997909131848112E-01  -3.9694344100044972E-02
   2.9704704704704710E+01   6.8978540203111571E-01  -4.2039810405755135E-02
   2.9754754754754757E+01   6.8939444521172011E-01  -4.3831250291153180E-02
   2.9804804804804810E+01   6.8880893157765088E-01  -4.5007403053831906E-02
   2.9854854854854857E+01   6.8806563565541512E-01  -4.5533026599586537E-02
   2.9904904904904907E+01   6.8722448138920855E-01  -4.5402636460781493E-02
   2.9954954954954957E+01   6.8635303568979555E-01  -4.4640880079699456E-02
   3.0005005005005007E+01   6.8551028186346485E-01  -4.3299171040496881E-02
   3.0055055055055060E+01   6.8473364600449849E-01  -4.1449158317782397E-02
   3.0105105105105107E+01   6.8403205474562234E-01  -3.9174430799739909E-02
   3.0155155155155160E+01   6.8338575540799917E-01  -3.6562251254545056E-02
   3.0205205205205207E+01   6.8275149111215483E-01  -3.3696918813051223E-02
   3.0255255255255260E+01   6.8207017426535177E-01  -3.0655653379374918E-02
   3.0305305305305307E+01   6.8127392830789557E-01  -2.7506964745602689E-02
   3.0355355355355357E+01   6.8029028331266350E-01  -2.4310674186369823E-02
   3.0405405405405407E+01   6.7904298422539011E-01  -2.1118376828512832E-02
   3.0455455455455457E+01   6.7745062074777718E-01  -1.7973267900335852E-02
   3.0505505505505511E+01   6.7542545192669645E-01  -1.4908807773289970E-02
   3.0555555555555557E+01   6.7287496313481610E-01  -1.1946432430140468E-02
   3.0605605605605611E+01   6.6970782192664113E-01  -9.0931473314915193E-03
   3.0655655655655657E+01   6.6584432098929747E-01  -6.3401527731934580E-03
   3.0705705705705711E+01   6.6122966659161242E-01  -3.6635484677034380E-03
   3.0755755755755757E+01   6.5584716597653792E-01  -1.0277096248413357E-03
   3.0805805805805807E+01   6.4972789563836353E-01   1.6087297774423635E-03
   3.0855855855855861E+01   6.4295393083939956E-01   4.2850278074411463E-03
   3.0905905905905907E+01   6.3565354627849091E-01   7.0299045423485871E-03
   3.0955955955955961E+01   6.2798861272397866E-01   9.8541156720584298E-03
   3.1006006006006007E+01   6.2013625793374660E-01   1.2745591752427074E-02
   3.1056056056056061E+01   6.1226826350797203E-01   1.5668317812449116E-02
   3.1106106106106107E+01   6.0453225188068804E-01   1.8565398598753727E-02
   3.1156156156156161E+01   5.9703828994578567E-01   2.1365815102324878E-02
   3.1206206206206208E+01   5.8985318174730705E-01   2.3993476517991344E-02
   3.1256256256256258E+01   5.8300281169794266E-01   2.6376603841034890E-02
   3.1306306306306311E+01   5.7648098802089043E-01   2.8455459251149118E-02
   3.1356356356356358E+01   5.7026187378693782E-01   3.0186975417660973E-02
   3.1406406406406411E+01   5.6431262437205765E-01   3.1545745813040788E-02
   3.1456456456456458E+01   5.5860330785715595E-01   3.2521800290926640E-02
   3.1506506506506511E+01   5.5311232126190513E-01   3.3116322180958460E-02
   3.1556556556556558E+01   5.4782693303906460E-01   3.3336797789957399E-02
   3.1606606606606611E+01   5.4273988106743920E-01   3.3193002287237157E-02
   3.1656656656656658E+01   5.3784383725920026E-01   3.2694801516196699E-02
   3.1706706706706711E+01   5.3312586410690332E-01   3.1852132382479893E-02
   3.1756756756756761E+01   5.2856373490727593E-01   3.0676882600659611E-02
   3.1806806806806808E+01   5.2412529634977734E-01   2.9185881312646215E-02
   3.1856856856856862E+01   5.1977113549622833E-01   2.7403950075513651E-02
   3.1906906906906908E+01   5.1545991884822817E-01   2.5365992047880044E-02
   3.1956956956956962E+01   5.1115511151642479E-01   2.3117378242145905E-02
   3.2007007007007012E+01   5.0683148749326201E-01   2.0712324537054051E-02
   3.2057057057057065E+01   5.0247993143733993E-01   1.8210421323820728E-02
   3.2107107107107112E+01   4.9810944186598355E-01   1.5671876228502721E-02
   3.2157157157157165E+01   4.9374585452024577E-01   1.3152294104174258E-02
   3.2207207207207212E+01   4.8942747582473067E-01   1.0697918544440138E-02
   3.2257257257257258E+01   4.8519842292778997E-01   8.3421908719562895E-03
   3.2307307307307312E+01   4.8110090526041155E-01   6.1042570231865283E-03
   3.2357357357357358E+01   4.7716787930954768E-01   3.9896991734411011E-03
   3.2407407407407412E+01   4.7341742746961607E-01   1.9933429114742606E-03
   3.2457457457457458E+01   4.6984986572060783E-01   1.0357619826379302E-04
   3.2507507507507512E+01   4.6644804060006595E-01  -1.6926894598426631E-03
   3.2557557557557558E+01   4.6318064819985183E-01  -3.4054022145223036E-03
   3.2607607607607612E+01   4.6000783350941749E-01  -5.0379813564005796E-03
   3.2657657657657658E+01   4.5688792914405441E-01  -6.5857506021769503E-03
   3.2707707707707705E+01   4.5378404191610539E-01  -8.0363904157311292E-03
   3.2757757757757759E+01   4.5066930397593230E-01  -9.3722033681430325E-03
   3.2807807807807812E+01   4.4752992595512237E-01  -1.0573659611715991E-02
   3.2857857857857866E+01   4.4436564132071088E-01  -1.1623488386465590E-02
   3.2907907907907912E+01   4.4118762177238507E-01  -1.2510522218604134E-02
   3.2957957957957966E+01   4.3801438752045263E-01  -1.3232576477098293E-02
   3.3008008008008012E+01   4.3486656431229864E-01  -1.3797838544670741E-02
   3.3058058058058066E+01   4.3176150262545754E-01  -1.4224518023789493E-02
   3.3108108108108112E+01   4.2870875042849715E-01  -1.4538829357235711E-02
   3.3158158158158159E+01   4.2570716706130229E-01  -1.4771684908906901E-02
   3.3208208208208212E+01   4.2274412359935265E-01  -1.4954708301492882E-02
   3.3258258258258259E+01   4.1979682519435252E-01  -1.5116283886771702E-02
   3.3308308308308312E+01   4.1683539857667606E-01  -1.5278316661877513E-02
   3.3358358358358359E+01   4.1382709172838039E-01  -1.5454203804107541E-02
   3.3408408408408413E+01   4.1074078445935874E-01  -1.5648262859969821E-02
   3.3458458458458459E+01   4.0755102231427526E-01  -1.5856585856815559E-02
   3.3508508508508513E+01   4.0424093997850896E-01  -1.6069050683629873E-02
   3.3558558558558559E+01   4.0080368782437920E-01  -1.6272058545748060E-02
   3.3608608608608613E+01   3.9724226089605275E-01  -1.6451493423297704E-02
   3.3658658658658659E+01   3.9356790143110032E-01  -1.6595412385741141E-02
   3.3708708708708713E+01   3.8979746294803985E-01  -1.6696060138693875E-02
   3.3758758758758766E+01   3.8595025884697670E-01  -1.6750938525088434E-02
   3.3808808808808813E+01   3.8204495842560354E-01  -1.6762830554015805E-02
   3.3858858858858866E+01   3.7809703915961723E-01  -1.6738854862184283E-02
   3.3908908908908913E+01   3.7411717042528386E-01  -1.6688784020891610E-02
   3.3958958958958966E+01   3.7011071687297986E-01  -1.6622973244911170E-02
   3.4009009009009013E+01   3.6607834395473465E-01  -1.6550295538394957E-02
   3.4059059059059059E+01   3.6201752034855622E-01  -1.6476457664137262E-02
   3.4109109109109113E+01   3.5792457369479969E-01  -1.6402985643349278E-02
   3.4159159159159159E+01   3.5379688718166180E-01  -1.6327038562555934E-02
   3.4209209209209213E+01   3.4963483047058480E-01  -1.6242061941614691E-02
   3.4259259259259260E+01   3.4544309072300128E-01  -1.6139153232261571E-02
   3.4309309309309313E+01   3.4123118949497688E-01  -1.6008902866473662E-02
   3.4359359359359360E+01   3.3701311547934476E-01  -1.5843407305925098E-02
   3.4409409409409413E+01   3.3280614767349354E-01  -1.5638130909753044E-02
   3.4459459459459460E+01   3.2862906763441574E-01  -1.5393320607888471E-02
   3.4509509509509513E+01   3.2450004687770773E-01  -1.5114746515808021E-02
   3.4559559559559560E+01   3.2043453573833730E-01  -1.4813643827666118E-02
   3.4609609609609613E+01   3.1644346919731259E-01  -1.4505853049675778E-02
   3.4659659659659667E+01   3.1253204651679251E-01  -1.4210278881523071E-02
   3.4709709709709713E+01   3.0869924551424355E-01  -1.3946892345195531E-02
   3.4759759759759767E+01   3.0493811558934603E-01  -1.3734567245620352E-02
   3.4809809809809813E+01   3.0123677628569767E-01  -1.3589058496291377E-02
   3.4859859859859867E+01   2.9757994983690800E-01  -1.3521394441444071E-02
   3.4909909909909913E+01   2.9395079188129825E-01  -1.3536877380204331E-02
   3.4959959959959967E+01   2.9033276193703911E-01  -1.3634783680068310E-02
   3.5010010010010014E+01   2.8671129359201220E-01  -1.3808747897041038E-02
   3.5060060060060060E+01   2.8307507590030412E-01  -1.4047722647535267E-02
   3.5110110110110114E+01   2.7941683003078027E-01  -1.4337340105921382E-02
   3.5160160160160160E+01   2.7573354528934835E-01  -1.4661467388539478E-02
   3.5210210210210214E+01   2.7202621392236831E-01  -1.5003746170604600E-02
   3.5260260260260260E+01   2.6829916502532714E-01  -1.5348932118149037E-02
   3.5310310310310314E+01   2.6455913821653226E-01  -1.5683895483026310E-02
   3.5360360360360360E+01   2.6081425466501468E-01  -1.5998203027047336E-02
   3.5410410410410414E+01   2.5707303687668631E-01  -1.6284265495159246E-02
   3.5460460460460467E+01   2.5334360237582854E-01  -1.6537096221239569E-02
   3.5510510510510514E+01   2.4963311537038629E-01  -1.6753777484391455E-02
   3.5560560560560567E+01   2.4594753157055266E-01  -1.6932765380982647E-02
   3.5610610610610614E+01   2.4229162216059522E-01  -1.7073176839147615E-02
   3.5660660660660668E+01   2.3866922073905439E-01  -1.7174192710937536E-02
   3.5710710710710714E+01   2.3508360759256963E-01  -1.7234680929798529E-02
   3.5760760760760768E+01   2.3153793236169193E-01  -1.7253099022804686E-02
   3.5810810810810814E+01   2.2803557965158899E-01  -1.7227683457373490E-02
   3.5860860860860868E+01   2.2458040046337990E-01  -1.7156882702033468E-02
   3.5910910910910914E+01   2.2117676143457807E-01  -1.7039949088158271E-02
   3.5960960960960961E+01   2.1782939850725561E-01  -1.6877577403852304E-02
   3.6011011011011014E+01   2.1454309617688552E-01  -1.6672469101065186E-02
   3.6061061061061061E+01   2.1132224276223796E-01  -1.6429710934245289E-02
   3.6111111111111114E+01   2.0817033212645691E-01  -1.6156884068815127E-02
   3.6161161161161161E+01   2.0508949047601119E-01  -1.5863860075251722E-02
   3.6211211211211214E+01   2.0208010259428774E-01  -1.5562287606477952E-02
   3.6261261261261261E+01   1.9914059633482054E-01  -1.5264820502957266E-02
   3.6311311311311314E+01   1.9626742029209904E-01  -1.4984176994078115E-02
   3.6361361361361368E+01   1.9345522138524271E-01  -1.4732144228763604E-02
   3.6411411411411414E+01   1.9069720124016126E-01  -1.4518648802766749E-02
   3.6461461461461468E+01   1.8798560703964776E-01  -1.4351001870409667E-02
   3.6511511511511515E+01   1.8531229716914607E-01  -1.4233399850475049E-02
   3.6561561561561568E+01   1.8266931619498694E-01  -1.4166724257045049E-02
   3.6611611611611615E+01   1.8004941743394770E-01  -1.4148643604756223E-02
   3.6661661661661668E+01   1.7744648306602154E-01  -1.4173983160462394E-02
   3.6711711711711715E+01   1.7485580883068136E-01  -1.4235299576922168E-02
   3.6761761761761768E+01   1.7227423980179099E-01  -1.4323580101249057E-02
   3.6811811811811815E+01   1.6970016262014320E-01  -1.4428980922035305E-02
   3.6861861861861861E+01   1.6713337544094281E-01  -1.4541525346606746E-02
   3.6911911911911915E+01   1.6457486803982244E-01  -1.4651697674442200E-02
   3.6961961961961961E+01   1.6202655016677889E-01  -1.4750889911247095E-02
   3.7012012012012015E+01   1.5949096630651546E-01  -1.4831682596683651E-02
   3.7062062062062061E+01   1.5697103016543668E-01  -1.4887964762674382E-02
   3.7112112112112115E+01   1.5446980367518948E-01  -1.4914918462939299E-02
   3.7162162162162168E+01   1.5199033464399656E-01  -1.4908908047515502E-02
   3.7212212212212215E+01   1.4953555609114710E-01  -1.4867321842950584E-02
   3.7262262262262269E+01   1.4710824035898107E-01  -1.4788413591482884E-02
   3.7312312312312315E+01   1.4471099359741380E-01  -1.4671183437017682E-02
   3.7362362362362369E+01   1.4234627198419486E-01  -1.4515324962308515E-02
   3.7412412412412415E+01   1.4001640036173876E-01  -1.4321248084258387E-02
   3.7462462462462469E+01   1.3772357657990217E-01  -1.4090170209975493E-02
   3.7512512512512515E+01   1.3546985001708117E-01  -1.3824252645064102E-02
   3.7562562562562569E+01   1.3325706947806826E-01  -1.3526748131039792E-02
   3.7612612612612615E+01   1.3108680276520260E-01  -1.3202120166635595E-02
   3.7662662662662669E+01   1.2896023655713557E-01  -1.2856096125870848E-02
   3.7712712712712715E+01   1.2687806987124406E-01  -1.2495623826721182E-02
   3.7762762762762769E+01   1.2484041671107980E-01  -1.2128713896162631E-02
   3.7812812812812815E+01   1.2284673327341607E-01  -1.1764166031559583E-02
   3.7862862862862862E+01   1.2089578247139139E-01  -1.1411193624994088E-02
   3.7912912912912915E+01   1.1898564403364031E-01  -1.1078975670519183E-02
   3.7962962962962962E+01   1.1711377283184059E-01  -1.0776175231900725E-02
   3.8013013013013015E+01   1.1527710225987267E-01  -1.0510468543947424E-02
   3.8063063063063069E+01   1.1347218429856236E-01  -1.0288127547567191E-02
   3.8113113113113116E+01   1.1169535404891294E-01  -1.0113691823681154E-02
   3.8163163163163169E+01   1.0994290443927336E-01  -9.9897548630487800E-03
   3.8213213213213223E+01   1.0821125663578968E-01  -9.9168763073188750E-03
   3.8263263263263269E+01   1.0649711324421049E-01  -9.8936183005000986E-03
   3.8313313313313316E+01   1.0479758428591589E-01  -9.9166922656553046E-03
   3.8363363363363369E+01   1.0311027962394016E-01  -9.9811936444031309E-03
   3.8413413413413416E+01   1.0143336542940577E-01  -1.0080897149797628E-02
   3.8463463463463469E+01   9.9765585890906047E-02  -1.0208583989878572E-02
   3.8513513513513516E+01   9.8106254272906937E-02  -1.0356374879925556E-02
   3.8563563563563569E+01   9.6455219373309184E-02  -1.0516047648780384E-02
   3.8613613613613616E+01   9.4812814328066500E-02  -1.0679324817083160E-02
   3.8663663663663669E+01   9.3179794624590029E-02  -1.0838123590157119E-02
   3.8713713713713716E+01   9.1557271296502055E-02  -1.0984767257520921E-02
   3.8763763763763762E+01   8.9946643838904522E-02  -1.1112162204897798E-02
   3.8813813813813816E+01   8.8349535698754866E-02  -1.1213948062499148E-02
   3.8863863863863862E+01   8.6767733544533793E-02  -1.1284629672443683E-02
   3.8913913913913916E+01   8.5203130145168796E-02  -1.1319698600624544E-02
   3.8963963963963970E+01   8.3657669762367992E-02  -1.1315749168139981E-02
   3.9014014014014023E+01   8.2133294570440718E-02  -1.1270589988817995E-02
   3.9064064064064070E+01   8.0631890762697264E-02  -1.1183347481797792E-02
   3.9114114114114123E+01   7.9155233603137171E-02  -1.1054553554438629E-02
   3.9164164164164170E+01   7.7704931593794060E-02  -1.0886206358004542E-02
   3.9214214214214216E+01   7.6282370971244948E-02  -1.0681791310907070E-02
   3.9264264264264270E+01   7.4888662729556313E-02  -1.0446249849512791E-02
   3.9314314314314316E+01   7.3524595117319735E-02  -1.0185885715682465E-02
   3.9364364364364370E+01   7.2190594940214084E-02  -9.9082028311756314E-03
   3.9414414414414416E+01   7.0886700942682970E-02  -9.6216744615897267E-03
   3.9464464464464470E+01   6.9612552034805375E-02  -9.3354497280889043E-03
   3.9514514514514516E+01   6.8367392231439103E-02  -9.0590097475510573E-03
   3.9564564564564570E+01   6.7150092993777791E-02  -8.8017909349944815E-03
   3.9614614614614617E+01   6.5959192358883811E-02  -8.5727965847503911E-03
   3.9664664664664663E+01   6.4792948973513731E-02  -8.3802193059570578E-03
   3.9714714714714717E+01   6.3649408065444654E-02  -8.2310960894649825E-03
   3.9764764764764770E+01   6.2526475605370460E-02  -8.1310149228078984E-03
   3.9814814814814817E+01   6.1421996503503759E-02  -8.0838874231441270E-03
   3.9864864864864870E+01   6.0333832661239269E-02  -8.0917965830188520E-03
   3.9914914914914924E+01   5.9259937022977251E-02  -8.1549231386964412E-03
   3.9964964964964970E+01   5.8198420370675408E-02  -8.2715489345156715E-03
   4.0015015015015024E+01   5.7147608374878811E-02  -8.4381314746886128E-03
   4.0065065065065070E+01   5.6106087256030807E-02  -8.6494409240159588E-03
   4.0115115115115117E+01   5.5072737223421285E-02  -8.8987492199598256E-03
   4.0165165165165170E+01   5.4046753571707094E-02  -9.1780605754255666E-03
   4.0215215215215217E+01   5.3027655879121886E-02  -9.4783732254815987E-03
   4.0265265265265271E+01   5.2015286148189385E-02  -9.7899634598695596E-03
   4.0315315315315317E+01   5.1009796965263927E-02  -1.0102684421173153E-02
   4.0365365365365371E+01   5.0011630855420541E-02  -1.0406273498765269E-02
   4.0415415415415417E+01   4.9021492012397049E-02  -1.0690663140677363E-02
   4.0465465465465471E+01   4.8040311532578046E-02  -1.0946290360447215E-02
   4.0515515515515517E+01   4.7069207218724873E-02  -1.1164400058900740E-02
   4.0565565565565564E+01   4.6109438977220224E-02  -1.1337336542819584E-02
   4.0615615615615617E+01   4.5162360834901195E-02  -1.1458816434010911E-02
   4.0665665665665671E+01   4.4229370657747354E-02  -1.1524174739162530E-02
   4.0715715715715724E+01   4.3311858759976028E-02  -1.1530574472665377E-02
   4.0765765765765771E+01   4.2411156732333324E-02  -1.1477169206204608E-02
   4.0815815815815824E+01   4.1528487966687788E-02  -1.1365207574656718E-02
   4.0865865865865871E+01   4.0664921478511140E-02  -1.1198069369682453E-02
   4.0915915915915924E+01   3.9821330695913822E-02  -1.0981224585871177E-02
   4.0965965965965971E+01   3.8998358863351866E-02  -1.0722109707363123E-02
   4.1016016016016025E+01   3.8196392577656280E-02  -1.0429919536158048E-02
   4.1066066066066071E+01   3.7415544723440330E-02  -1.0115317699673099E-02
   4.1116116116116117E+01   3.6655647708569258E-02  -9.7900742158524168E-03
   4.1166166166166171E+01   3.5916257437914212E-02  -9.4666436142110729E-03
   4.1216216216216218E+01   3.5196667938360841E-02  -9.1577015497489311E-03
   4.1266266266266271E+01   3.4495936003142144E-02  -8.8756610918833689E-03
   4.1316316316316318E+01   3.3812914706392312E-02  -8.6321915428727494E-03
   4.1366366366366371E+01   3.3146294194580761E-02  -8.4377625560516679E-03
   4.1416416416416418E+01   3.2494647827149836E-02  -8.3012345257542173E-03
   4.1466466466466471E+01   3.1856481538228128E-02  -8.2295129650577000E-03
   4.1516516516516518E+01   3.1230284233269078E-02  -8.2272802972833455E-03
   4.1566566566566571E+01   3.0614577111987864E-02  -8.2968136760322182E-03
   4.1616616616616625E+01   3.0007960002141749E-02  -8.4378926359232592E-03
   4.1666666666666671E+01   2.9409153068620401E-02  -8.6477960111309583E-03
   4.1716716716716725E+01   2.8817032595948786E-02  -8.9213839646333001E-03
   4.1766766766766771E+01   2.8230659897143753E-02  -9.2512583184968210E-03
   4.1816816816816825E+01   2.7649302749715245E-02  -9.6279926834832302E-03
   4.1866866866866872E+01   2.7072449079141307E-02  -1.0040423044831633E-02
   4.1916916916916925E+01   2.6499812887941603E-02  -1.0475989267960626E-02
   4.1966966966966972E+01   2.5931332658896553E-02  -1.0921118189865771E-02
   4.2017017017017018E+01   2.5367162644987239E-02  -1.1361639294850640E-02
   4.2067067067067072E+01   2.4807657602235092E-02  -1.1783224195423084E-02
   4.2117117117117118E+01   2.4253351633759020E-02  -1.2171841058795594E-02
   4.2167167167167172E+01   2.3704931904135931E-02  -1.2514214614028145E-02
   4.2217217217217218E+01   2.3163208062018562E-02  -1.2798281405741338E-02
   4.2267267267267272E+01   2.2629078283356422E-02  -1.3013628581823996E-02
   4.2317317317317318E+01   2.2103492921775741E-02  -1.3151902865990982E-02
   4.2367367367367372E+01   2.1587416827085894E-02  -1.3207174716688677E-02
   4.2417417417417418E+01   2.1081791463693576E-02  -1.3176241337568808E-02
   4.2467467467467472E+01   2.0587498020012866E-02  -1.3058851560986073E-02
   4.2517517517517526E+01   2.0105322736486284E-02  -1.2857836064381085E-02
   4.2567567567567572E+01   1.9635925680168746E-02  -1.2579128240846634E-02
   4.2617617617617626E+01   1.9179814144343148E-02  -1.2231664552058562E-02
   4.2667667667667672E+01   1.8737321740802223E-02  -1.1827158378725331E-02
   4.2717717717717726E+01   1.8308594073334791E-02  -1.1379748044320567E-02
   4.2767767767767772E+01   1.7893581633615218E-02  -1.0905527354812558E-02
   4.2817817817817826E+01   1.7492040253557856E-02  -1.0421974970453381E-02
   4.2867867867867872E+01   1.7103539098465594E-02  -9.9473063542084763E-03
   4.2917917917917919E+01   1.6727475817655376E-02  -9.4997780487784851E-03
   4.2967967967967972E+01   1.6363098113111284E-02  -9.0969778674473509E-03
   4.3018018018018019E+01   1.6009530672339328E-02  -8.7551357518453731E-03
   4.3068068068068072E+01   1.5665806165744429E-02  -8.4884884168291066E-03
   4.3118118118118119E+01   1.5330898850926439E-02  -8.3087267160863627E-03
   4.3168168168168172E+01   1.5003759265728854E-02  -8.2245485024496304E-03
   4.3218218218218219E+01   1.4683348527281127E-02  -8.2413324274650743E-03
   4.3268268268268272E+01   1.4368670874364806E-02  -8.3609405059360316E-03
   4.3318318318318326E+01   1.4058803276528769E-02  -8.5816501751274261E-03
   4.3368368368368373E+01   1.3752921162678445E-02  -8.8982106337694468E-03
   4.3418418418418426E+01   1.3450319570958748E-02  -9.3020138313333837E-03
   4.3468468468468473E+01   1.3150429269552620E-02  -9.7813677070707535E-03
   4.3518518518518526E+01   1.2852827627878477E-02  -1.0321858029769574E-02
   4.3568568568568573E+01   1.2557244218415246E-02  -1.0906785164603356E-02
   4.3618618618618626E+01   1.2263561295408145E-02  -1.1517662886018146E-02
   4.3668668668668673E+01   1.1971809427376818E-02  -1.2134767516435805E-02
   4.3718718718718726E+01   1.1682158658894593E-02  -1.2737726764183697E-02
   4.3768768768768773E+01   1.1394905649421931E-02  -1.3306138280679109E-02
   4.3818818818818826E+01   1.1110457290312433E-02  -1.3820207863462605E-02
   4.3868868868868873E+01   1.0829311342972835E-02  -1.4261396215987555E-02
   4.3918918918918919E+01   1.0552034678291751E-02  -1.4613061187025357E-02
   4.3968968968968973E+01   1.0279239735020429E-02  -1.4861079554406851E-02
   4.4019019019019019E+01   1.0011559855657385E-02  -1.4994428961981816E-02
   4.4069069069069073E+01   9.7496242025948022E-03  -1.5005707016729925E-02
   4.4119119119119119E+01   9.4940330016851076E-03  -1.4891561426036988E-02
   4.4169169169169173E+01   9.2453338986066471E-03  -1.4653003153546141E-02
   4.4219219219219227E+01   9.0040002362487513E-03  -1.4295574693609349E-02
   4.4269269269269280E+01   8.7704120576988474E-03  -1.3829348429172461E-02
   4.4319319319319327E+01   8.5448405978965983E-03  -1.3268736128398658E-02
   4.4369369369369373E+01   8.3274369380012796E-03  -1.2632100029963282E-02
   4.4419419419419427E+01   8.1182253545682478E-03  -1.1941168209260805E-02
   4.4469469469469473E+01   7.9171017016580556E-03  -1.1220270970174676E-02
   4.4519519519519527E+01   7.7238369266712532E-03  -1.0495429329378891E-02
   4.4569569569569573E+01   7.5380855564663582E-03  -9.7933394247293470E-03
   4.4619619619619627E+01   7.3593987218320443E-03  -9.1403060934165063E-03
   4.4669669669669673E+01   7.1872410413847182E-03  -8.5611835303152934E-03
   4.4719719719719727E+01   7.0210104851534481E-03  -8.0783801491820795E-03
   4.4769769769769773E+01   6.8600602030307089E-03  -7.7109786795486876E-03
   4.4819819819819820E+01   6.7037212450325638E-03  -7.4740121116889258E-03
   4.4869869869869873E+01   6.5513251201114427E-03  -7.3779229288812344E-03
   4.4919919919919920E+01   6.4022252297684318E-03  -7.4282189930900237E-03
   4.4969969969969974E+01   6.2558163562397053E-03  -7.6253262473892098E-03
   4.5020020020020020E+01   6.1115515627643748E-03  -7.9646274601606042E-03
   4.5070070070070074E+01   5.9689560548697642E-03  -8.4366684082166077E-03
   4.5120120120120127E+01   5.8276377384945286E-03  -9.0275084397624800E-03
   4.5170170170170181E+01   5.6872943791020083E-03  -9.7191910263356371E-03
   4.5220220220220227E+01   5.5477174068371505E-03  -1.0490311093525880E-02
   4.5270270270270274E+01   5.4087925223862653E-03  -1.1316658799397281E-02
   4.5320320320320327E+01   5.2704973369100301E-03  -1.2171923135815129E-02
   4.5370370370370374E+01   5.1328963307712607E-03  -1.3028442439284544E-02
   4.5420420420420427E+01   4.9961334452760381E-03  -1.3857991906692901E-02
   4.5470470470470474E+01   4.8604226357076320E-03  -1.4632599956504386E-02
   4.5520520520520527E+01   4.7260367190404074E-03  -1.5325385357783364E-02
   4.5570570570570574E+01   4.5932948517938502E-03  -1.5911405241741557E-02
   4.5620620620620628E+01   4.4625489773881637E-03  -1.6368500382262223E-02
   4.5670670670670674E+01   4.3341695915323098E-03  -1.6678118682994233E-02
   4.5720720720720720E+01   4.2085311902759562E-03  -1.6826091116009370E-02
   4.5770770770770774E+01   4.0859977879745485E-03  -1.6803327215309062E-02
   4.5820820820820821E+01   3.9669089188100149E-03  -1.6606390760497605E-02
   4.5870870870870874E+01   3.8515665605437484E-03  -1.6237911890529040E-02
   4.5920920920920928E+01   3.7402234355632764E-03  -1.5706791094503399E-02
   4.5970970970970974E+01   3.6330731432849010E-03  -1.5028154745245213E-02
   4.6021021021021028E+01   3.5302425506823420E-03  -1.4223032020016632E-02
   4.6071071071071081E+01   3.4317868068030675E-03  -1.3317739312344541E-02
   4.6121121121121128E+01   3.3376872489038613E-03  -1.2342979587330475E-02
   4.6171171171171174E+01   3.2478523339793380E-03  -1.1332688381320606E-02
   4.6221221221221228E+01   3.1621215680772449E-03  -1.0322682126920450E-02
   4.6271271271271274E+01   3.0802722310790506E-03  -9.3491845801642361E-03
   4.6321321321321328E+01   3.0020285250096155E-03  -8.4473200266033267E-03
   4.6371371371371374E+01   2.9270726289832073E-03  -7.6496654121354420E-03
   4.6421421421421428E+01   2.8550570405896452E-03  -6.9849469794208939E-03
   4.6471471471471475E+01   2.7856175330248259E-03  -6.4769515746316798E-03
   4.6521521521521528E+01   2.7183860628878839E-03  -6.1437011913614420E-03
   4.6571571571571575E+01   2.6530030205913187E-03  -5.9969150427789048E-03
   4.6621621621621621E+01   2.5891283125394388E-03  -6.0417600466019039E-03
   4.6671671671671675E+01   2.5264508865851824E-03  -6.2768709628665273E-03
   4.6721721721721721E+01   2.4646964439405286E-03  -6.6946073462839806E-03
   4.6771771771771775E+01   2.4036332076819221E-03  -7.2815065675809346E-03
   4.6821821821821828E+01   2.3430757297882867E-03  -8.0188899875591139E-03
   4.6871871871871882E+01   2.2828868090189790E-03  -8.8835817854029334E-03
   4.6921921921921928E+01   2.2229776586286509E-03  -9.8487054513256827E-03
   4.6971971971971982E+01   2.1633065068760978E-03  -1.0884530018697597E-02
   4.7022022022022028E+01   2.1038758376365403E-03  -1.1959345375002791E-02
   4.7072072072072082E+01   2.0447284874403819E-03  -1.3040352383000060E-02
   4.7122122122122128E+01   1.9859428135243998E-03  -1.4094558304824643E-02
   4.7172172172172175E+01   1.9276271393020006E-03  -1.5089670685106676E-02
   4.7222222222222229E+01   1.8699136727073572E-03  -1.5994983200568517E-02
   4.7272272272272275E+01   1.8129520819797919E-03  -1.6782245033123210E-02
   4.7322322322322329E+01   1.7569029045537427E-03  -1.7426501297282290E-02
   4.7372372372372375E+01   1.7019309587936438E-03  -1.7906886406599938E-02
   4.7422422422422429E+01   1.6481989254076047E-03  -1.8207345709013389E-02
   4.7472472472472475E+01   1.5958612646134527E-03  -1.8317254238841760E-02
   4.7522522522522529E+01   1.5450586347648253E-03  -1.8231896252848750E-02
   4.7572572572572575E+01   1.4958848970003263E-03  -1.7934641226137728E-02
   4.7622622622622629E+01   1.4484358826453349E-03  -1.7416774513000301E-02
   4.7672672672672675E+01   1.4028158402478402E-03  -1.6696272930283813E-02
   4.7722722722722729E+01   1.3590905006239779E-03  -1.5798724052605226E-02
   4.7772772772772782E+01   1.3172856451216064E-03  -1.4756064678973167E-02
   4.7822822822822829E+01   1.2773878588503553E-03  -1.3604969325309279E-02
   4.7872872872872883E+01   1.2393472850035418E-03  -1.2385000252684301E-02
   4.7922922922922929E+01   1.2030820630055780E-03  -1.1136654837385433E-02
   4.7972972972972983E+01   1.1684840303833369E-03  -9.8994539575653212E-03
   4.8023023023023029E+01   1.1354252087323181E-03  -8.7102047716979703E-03
   4.8073073073073076E+01   1.1037645842541838E-03  -7.6015447799336801E-03
   4.8123123123123129E+01   1.0733547315134662E-03  -6.6008365605737468E-03
   4.8173173173173176E+01   1.0440479063220176E-03  -5.7294410047855496E-03
   4.8223223223223229E+01   1.0157013358489885E-03  -5.0023581861610399E-03
   4.8273273273273276E+01   9.8818154500621776E-04  -4.4281946275677338E-03
   4.8323323323323329E+01   9.6136766287587092E-04  -4.0093966899910740E-03
   4.8373373373373376E+01   9.3515373997728364E-04  -3.7426826036117346E-03
   4.8423423423423429E+01   9.0945016979365832E-04  -3.6196087420441530E-03
   4.8473473473473476E+01   8.8418434424658370E-04  -3.6272163021252549E-03
   4.8523523523523529E+01   8.5930068472543056E-04  -3.7487193376348656E-03
   4.8573573573573576E+01   8.3476018258543596E-04  -3.9642110236340023E-03
   4.8623623623623629E+01   8.1053956188521532E-04  -4.2513795646855019E-03
   4.8673673673673683E+01   7.8663014901554824E-04  -4.5862364620153978E-03
   4.8723723723723730E+01   7.6303650473135592E-04  -4.9438667512220428E-03
   4.8773773773773783E+01   7.3977484884773614E-04  -5.2992127173671312E-03
   4.8823823823823830E+01   7.1687129009358132E-04  -5.6278993581730680E-03
   4.8873873873873883E+01   6.9435986552547559E-04  -5.9071017648717021E-03
   4.8923923923923930E+01   6.7228039631030492E-04  -6.1164422806041030E-03
   4.8973973973973976E+01   6.5067617911247311E-04  -6.2388898838013221E-03
   4.9024024024024030E+01   6.2959155309555133E-04  -6.2616173799891995E-03
   4.9074074074074076E+01   6.0906940888715868E-04  -6.1767559446845631E-03
   4.9124124124124130E+01   5.8914873399742215E-04  -5.9819742154359591E-03
   4.9174174174174176E+01   5.6986231459001861E-04  -5.6808037311310428E-03
   4.9224224224224230E+01   5.5123473124214437E-04  -5.2826371960060497E-03
   4.9274274274274276E+01   5.3328079164469415E-04  -4.8023430754959937E-03
   4.9324324324324330E+01   5.1600453232728851E-04  -4.2594699407834781E-03
   4.9374374374374376E+01   4.9939889259390251E-04  -3.6770548164475254E-03
   4.9424424424424430E+01   4.8344611777672512E-04  -3.0800968567207343E-03
   4.9474474474474484E+01   4.6811888960497308E-04  -2.4938040444837375E-03
   4.9524524524524530E+01   4.5338211570018712E-04  -1.9417584061705224E-03
   4.9574574574574584E+01   4.3919524649650032E-04  -1.4441674999461467E-03
   4.9624624624624630E+01   4.2551493498081065E-04  -1.0163723761136617E-03
   4.9674674674674684E+01   4.1229781973933089E-04  -6.6776428642710453E-04
   4.9724724724724730E+01   3.9950319914425041E-04  -4.0122728007854129E-04
   4.9774774774774784E+01   3.8709537485289873E-04  -2.1317714342824421E-04
   4.9824824824824830E+01   3.7504547363773560E-04  -9.4215324263790981E-05
   4.9874874874874884E+01   3.6333260322765854E-04  -3.0364932880013387E-05
   4.9924924924924930E+01   3.5194425473796220E-04  -4.8079843376401703E-06
   4.9974974974974977E+01   3.4087592608722143E-04   0.0000000000000000E+00
# pulse generated by run 1498332 (fbR0004)
