# OCT iter         41;   J_T =   9.081251971854E-06;   pulse_id =          1                                                                                                                                                                                   
#             freq. [MHz]     Re(ampl) [arb.units]     Im(ampl) [arb.units]                                                                                                                                                                                    
 -9.98000000000000182E+03 -2.71227180524917726E-09  6.73937015996985687E-10
 -9.96000000000000182E+03 -2.58290255275692291E-09  8.75624510366138420E-10
 -9.94000000000000182E+03 -2.39621824527142046E-09  1.04338018124672594E-09
 -9.92000000000000182E+03 -2.16669415510396594E-09  1.16342636043607132E-09
 -9.90000000000000182E+03 -1.91167457842401497E-09  1.22720748762074580E-09
 -9.88000000000000182E+03 -1.64960223379816251E-09  1.23182879594229891E-09
 -9.86000000000000182E+03 -1.39825767840816504E-09  1.17994015298914681E-09
 -9.84000000000000182E+03 -1.17317573581016344E-09  1.07910967277675059E-09
 -9.82000000000000182E+03 -9.86379397791884652E-10  9.40778775223646429E-10
 -9.80000000000000182E+03 -8.45532844324468407E-10  7.78925458468042437E-10
 -9.78000000000000182E+03 -7.53568087379368244E-10  6.08583509185523851E-10
 -9.76000000000000182E+03 -7.08789775898526306E-10  4.44370902169469251E-10
 -9.74000000000000182E+03 -7.05415560576961994E-10  2.99169985307966887E-10
 -9.72000000000000182E+03 -7.34467395465420435E-10  1.83078260512235245E-10
 -9.70000000000000182E+03 -7.84901236943838012E-10  1.02713652112178281E-10
 -9.68000000000000182E+03 -8.44843486023114641E-10  6.09173151287647268E-11
 -9.66000000000000182E+03 -9.02801304573956642E-10  5.68530223659411446E-11
 -9.64000000000000182E+03 -9.48726255064904991E-10  8.64623114523779950E-11
 -9.62000000000000182E+03 -9.74832011383603600E-10  1.43199557535256428E-10
 -9.60000000000000182E+03 -9.76101607249000052E-10  2.18947669010706789E-10
 -9.58000000000000182E+03 -9.50455931768391701E-10  3.05002368110970160E-10
 -9.56000000000000182E+03 -8.98594547210468213E-10  3.93013693302864634E-10
 -9.54000000000000182E+03 -8.23554262170562840E-10  4.75786065350469410E-10
 -9.52000000000000182E+03 -7.30060189625226569E-10  5.47860500301983544E-10
 -9.50000000000000182E+03 -6.23761147977263897E-10  6.05833013632443857E-10
 -9.48000000000000182E+03 -5.10449495603069007E-10  6.48396192709579961E-10
 -9.46000000000000182E+03 -3.95359767620591835E-10  6.76124557440609490E-10
 -9.44000000000000182E+03 -2.82625728994297721E-10  6.91053015555596741E-10
 -9.42000000000000182E+03 -1.74951039037077970E-10  6.96120202876577793E-10
 -9.40000000000000182E+03 -7.35190710237348057E-11  6.94560307383803771E-10
 -9.38000000000000182E+03  2.18637604545292989E-11  6.89329594793065148E-10
 -9.36000000000000182E+03  1.12426904761740198E-10  6.82644434163744326E-10
 -9.34000000000000182E+03  1.99957058710253406E-10  6.75690388117156446E-10
 -9.32000000000000182E+03  2.86258011080627748E-10  6.68536525919806827E-10
 -9.30000000000000182E+03  3.72632674296431975E-10  6.60260854026520023E-10
 -9.28000000000000182E+03  4.59465450910831282E-10  6.49263665110423628E-10
 -9.26000000000000182E+03  5.45970339208479653E-10  6.33719415725032326E-10
 -9.24000000000000182E+03  6.30146797702306967E-10  6.12099011561959692E-10
 -9.22000000000000182E+03  7.08957958572408801E-10  5.83682567437447161E-10
 -9.20000000000000182E+03  7.78715337902548105E-10  5.48982958517411569E-10
 -9.18000000000000182E+03  8.35625039029707183E-10  5.10009027723980389E-10
 -9.16000000000000182E+03  8.76427716837969986E-10  4.70317249778564823E-10
 -9.14000000000000182E+03  8.99046319845730152E-10  4.34825456686852006E-10
 -9.12000000000000182E+03  9.03152640783275729E-10  4.09393755997916944E-10
 -9.10000000000000182E+03  8.90566011478842667E-10  4.00207597300891739E-10
 -9.08000000000000182E+03  8.65415372049195571E-10  4.13027015146949938E-10
 -9.06000000000000182E+03  8.34020255951650387E-10  4.52386532955768181E-10
 -9.04000000000000182E+03  8.04478128841920405E-10  5.20843675634230152E-10
 -9.02000000000000182E+03  7.85981144685938383E-10  6.18374493128019520E-10
 -9.00000000000000182E+03  7.87919177489357712E-10  7.42004352548950712E-10
 -8.98000000000000182E+03  8.18856020402737445E-10  8.85741395088427876E-10
 -8.96000000000000182E+03  8.85486909841738322E-10  1.04084831266280823E-09
 -8.94000000000000182E+03  9.91695466278063074E-10  1.19645340140839244E-09
 -8.92000000000000182E+03  1.13782580672776401E-09  1.34046104402810491E-09
 -8.90000000000000182E+03  1.32026973686693753E-09  1.46068700287396120E-09
 -8.88000000000000182E+03  1.53144040829547896E-09  1.54611209500747882E-09
 -8.86000000000000182E+03  1.76016725823475617E-09  1.58812719482350177E-09
 -8.84000000000000182E+03  1.99250294364062057E-09  1.58163566338247080E-09
 -8.82000000000000182E+03  2.21288762872754453E-09  1.52588363284643514E-09
 -8.80000000000000182E+03  2.40557495051768884E-09  1.42491052971017440E-09
 -8.78000000000000182E+03  2.55618906783347732E-09  1.28754411103116644E-09
 -8.76000000000000182E+03  2.65326051410166853E-09  1.12690822368158375E-09
 -8.74000000000000182E+03  2.68958082596442641E-09  9.59459633249871982E-10
 -8.72000000000000182E+03  2.66322534306677754E-09  8.03620668994960510E-10
 -8.70000000000000182E+03  2.57811782834539500E-09  6.78119924857048206E-10
 -8.68000000000000182E+03  2.44405102379331013E-09  6.00189926624521459E-10
 -8.66000000000000182E+03  2.27612678454807993E-09  5.83794223970587180E-10
 -8.64000000000000182E+03  2.09363690874345217E-09  6.38062931867420400E-10
 -8.62000000000000182E+03  1.91846318643843072E-09  7.66105354800837907E-10
 -8.60000000000000182E+03  1.77312703559888226E-09  9.64339232806982902E-10
 -8.58000000000000182E+03  1.67866328177869144E-09  1.22243261700169008E-09
 -8.56000000000000182E+03  1.65251606142746002E-09  1.52389817834456121E-09
 -8.54000000000000182E+03  1.70666629338118541E-09  1.84731715028437281E-09
 -8.52000000000000182E+03  1.84618525098739014E-09  2.16810705962130969E-09
 -8.50000000000000182E+03  2.06837808718952423E-09  2.46068906054491563E-09
 -8.48000000000000182E+03  2.36263018199589512E-09  2.70086483065006752E-09
 -8.46000000000000182E+03  2.71100653098715960E-09  2.86818290708469235E-09
 -8.44000000000000182E+03  3.08958262864869327E-09  2.94806536367782589E-09
 -8.42000000000000182E+03  3.47041335436494074E-09  2.93347776386611235E-09
 -8.40000000000000182E+03  3.82398015488241155E-09  2.82596034866413199E-09
 -8.38000000000000182E+03  4.12190302400927393E-09  2.63589169785724757E-09
 -8.36000000000000182E+03  4.33966909318650160E-09  2.38192437335171827E-09
 -8.34000000000000182E+03  4.45911723362235467E-09  2.08961005134167475E-09
 -8.32000000000000182E+03  4.47043024874636840E-09  1.78930912592930208E-09
 -8.30000000000000182E+03  4.37342341147089636E-09  1.51355390086400195E-09
 -8.28000000000000182E+03  4.17797689265573830E-09  1.29409259361343571E-09
 -8.26000000000000182E+03  3.90353522164868940E-09  1.15888222815591047E-09
 -8.24000000000000182E+03  3.57768321687432008E-09  1.12931359414674964E-09
 -8.22000000000000182E+03  3.23389638621994426E-09  1.21794056854255893E-09
 -8.20000000000000182E+03  2.90864619861455262E-09  1.42694949366760812E-09
 -8.18000000000000182E+03  2.63810906453616920E-09  1.74754154742500994E-09
 -8.16000000000000182E+03  2.45477491432931686E-09  2.16032279572920808E-09
 -8.14000000000000182E+03  2.38427182518506992E-09  2.63670277497515135E-09
 -8.12000000000000182E+03  2.44271434722252424E-09  3.14120840880484634E-09
 -8.10000000000000182E+03  2.63484484112431549E-09  3.63452911121244311E-09
 -8.08000000000000182E+03  2.95317158641239598E-09  4.07703357613216235E-09
 -8.06000000000000182E+03  3.37822057111503140E-09  4.43244495361862647E-09
 -8.04000000000000182E+03  3.87991737746445928E-09  4.67133486133464183E-09
 -8.02000000000000182E+03  4.42000800005854795E-09  4.77410241883798196E-09
 -8.00000000000000182E+03  4.95532869565115262E-09  4.73314072988638984E-09
 -7.98000000000000182E+03  5.44164641885673413E-09  4.55396044687772364E-09
 -7.96000000000000182E+03  5.83773021131507052E-09  4.25512917378990106E-09
 -7.94000000000000182E+03  6.10927942057209768E-09  3.86699317180097812E-09
 -7.92000000000000182E+03  6.23233740438534352E-09  3.42925967201207484E-09
 -7.90000000000000182E+03  6.19585397832867889E-09  2.98762855121092035E-09
 -7.88000000000000182E+03  6.00313047006096316E-09  2.58975646843739518E-09
 -7.86000000000000182E+03  5.67197600271069078E-09  2.28090838472089094E-09
 -7.84000000000000182E+03  5.23352017985102840E-09  2.09969198917568245E-09
 -7.82000000000000182E+03  4.72975022378816655E-09  2.07427474116814460E-09
 -7.80000000000000182E+03  4.20996286452933470E-09  2.21945113226020577E-09
 -7.78000000000000182E+03  3.72642774203801068E-09  2.53485910514398497E-09
 -7.76000000000000182E+03  3.32964220628995662E-09  3.00454700675822712E-09
 -7.74000000000000182E+03  3.06360663689571798E-09  3.59797219303310605E-09
 -7.72000000000000182E+03  2.96156019297255798E-09  4.27238179529805832E-09
 -7.70000000000000182E+03  3.04258723372464603E-09  4.97639561447493750E-09
 -7.68000000000000182E+03  3.30943512800230890E-09  5.65449419501042595E-09
 -7.66000000000000182E+03  3.74778155776526030E-09  6.25202221833723343E-09
 -7.64000000000000182E+03  4.32706114843002371E-09  6.72025796322742727E-09
 -7.62000000000000182E+03  5.00281944908069352E-09  7.02108087345369440E-09
 -7.60000000000000182E+03  5.72041936981288871E-09  7.13079302470345086E-09
 -7.58000000000000182E+03  6.41979444257131549E-09  7.04271636915794504E-09
 -7.56000000000000182E+03  7.04083775137244190E-09  6.76829067269888302E-09
 -7.54000000000000182E+03  7.52894494670049460E-09  6.33652879549689189E-09
 -7.52000000000000182E+03  7.84020148392814450E-09  5.79183358878946079E-09
 -7.50000000000000182E+03  7.94572547531245448E-09  5.19033353718100100E-09
 -7.48000000000000182E+03  7.83473934907892526E-09  4.59503560302460796E-09
 -7.46000000000000182E+03  7.51605335615197770E-09  4.07021076231583711E-09
 -7.44000000000000182E+03  7.01778001661337308E-09  3.67551101064910311E-09
 -7.42000000000000182E+03  6.38525933368480347E-09  3.46035402417658470E-09
 -7.40000000000000182E+03  5.67733898863218821E-09  3.45910133603708558E-09
 -7.38000000000000182E+03  4.96131019261597225E-09  3.68749659018784842E-09
 -7.36000000000000182E+03  4.30693164429860039E-09  4.14072589383925885E-09
 -7.34000000000000182E+03  3.78007067008661868E-09  4.79332175046827965E-09
 -7.32000000000000182E+03  3.43653793803181734E-09  5.60096763453683827E-09
 -7.30000000000000182E+03  3.31669095002298812E-09  6.50408586375464786E-09
 -7.28000000000000182E+03  3.44132350817573793E-09  7.43292362578364975E-09
 -7.26000000000000182E+03  3.80925322594125755E-09  8.31370684288495225E-09
 -7.24000000000000182E+03  4.39687299073902861E-09  9.07532121165970136E-09
 -7.22000000000000182E+03  5.15975669879898561E-09  9.65591831894825872E-09
 -7.20000000000000182E+03  6.03622259747542995E-09  1.00088357742168459E-08
 -7.18000000000000182E+03  6.95257477269908130E-09  1.01072687828876403E-08
 -7.16000000000000182E+03  7.82958050456868718E-09  9.94723146814423304E-09
 -7.14000000000000182E+03  8.58961751865895129E-09  9.54849270326794452E-09
 -7.12000000000000182E+03  9.16384841648271176E-09  8.95335002181563124E-09
 -7.10000000000000182E+03  9.49876236226165960E-09  8.22330131035988495E-09
 -7.08000000000000182E+03  9.56146555304889250E-09  7.43386904823740984E-09
 -7.06000000000000182E+03  9.34320343015359869E-09  6.66800833160625015E-09
 -7.04000000000000182E+03  8.86074715691222762E-09  6.00867100597297070E-09
 -7.02000000000000182E+03  8.15546579811266053E-09  5.53118950514253642E-09
 -7.00000000000000182E+03  7.29011414202696432E-09  5.29617699000956163E-09
 -6.98000000000000182E+03  6.34357720877635038E-09  5.34360907522137962E-09
 -6.96000000000000182E+03  5.40400725877716859E-09  5.68866002573671113E-09
 -6.94000000000000182E+03  4.56094586614513327E-09  6.31971806542136884E-09
 -6.92000000000000182E+03  3.89713275525380148E-09  7.19881436710905888E-09
 -6.90000000000000182E+03  3.48074709374159771E-09  8.26448319751315652E-09
 -6.88000000000000182E+03  3.35880501752025609E-09  9.43684820473973166E-09
 -6.86000000000000182E+03  3.55234767464464458E-09  1.06245193015676725E-08
 -6.84000000000000182E+03  4.05390364067738101E-09  1.17327093537638595E-08
 -6.82000000000000182E+03  4.82751194731835677E-09  1.26718529138057142E-08
 -6.80000000000000182E+03  5.81136242742422983E-09  1.33659471022135569E-08
 -6.78000000000000182E+03  6.92287143068583288E-09  1.37598418424972722E-08
 -6.76000000000000182E+03  8.06578173333570869E-09  1.38247851892575467E-08
 -6.74000000000000182E+03  9.13868131133913672E-09  1.35616745037622306E-08
 -6.72000000000000182E+03  1.00441898695313528E-08  1.30016608008200973E-08
 -6.70000000000000182E+03  1.06979851547576338E-08  1.22039916299047565E-08
 -6.68000000000000182E+03  1.10368354539147839E-08  1.12512246769806817E-08
 -6.66000000000000182E+03  1.10248786060044963E-08  1.02421937999074920E-08
 -6.64000000000000182E+03  1.06575308202779584E-08  9.28331952203858836E-09
 -6.62000000000000182E+03  9.96261281363100039E-09  8.47902573461113697E-09
 -6.60000000000000182E+03  8.99852763455346832E-09  7.92212049246358070E-09
 -6.58000000000000182E+03  7.84959056042029377E-09  7.68502381974529254E-09
 -6.56000000000000182E+03  6.61887675782808245E-09  7.81266632575550224E-09
 -6.54000000000000182E+03  5.41918680638117523E-09  8.31774832933048741E-09
 -6.52000000000000182E+03  4.36291833252924769E-09  9.17884785626893482E-09
 -6.50000000000000182E+03  3.55174795658136910E-09  1.03416153196658872E-08
 -6.48000000000000182E+03  3.06706709462609350E-09  1.17230147905705098E-08
 -6.46000000000000182E+03  2.96206570671945298E-09  1.32182918551777859E-08
 -6.44000000000000182E+03  3.25622613258160294E-09  1.47100887553871908E-08
 -6.42000000000000182E+03  3.93278811688329546E-09  1.60789213505924716E-08
 -6.40000000000000182E+03  4.93947933535445891E-09  1.72140838956587772E-08
 -6.38000000000000182E+03  6.19252106094551769E-09  1.80239959962785990E-08
 -6.36000000000000182E+03  7.58360965760484784E-09  1.84450240552829669E-08
 -6.34000000000000182E+03  8.98930240901043282E-09  1.84479419900463460E-08
 -6.32000000000000182E+03  1.02819974849450877E-08  1.80413775380322612E-08
 -6.30000000000000182E+03  1.13415371369201855E-08  1.72718696331354282E-08
 -6.28000000000000182E+03  1.20663841968454975E-08  1.62204486888609788E-08
 -6.26000000000000182E+03  1.23833354090210731E-08  1.49959814824179913E-08
 -6.24000000000000182E+03  1.22548530940603559E-08  1.37258161711159210E-08
 -6.22000000000000182E+03  1.16832845482237802E-08  1.25445244577273267E-08
 -6.20000000000000182E+03  1.07115219124194949E-08  1.15817349297223206E-08
 -6.18000000000000182E+03  9.41995587697750402E-09  1.09501448433399879E-08
 -6.16000000000000182E+03  7.91992905965752109E-09  1.07348237128325722E-08
 -6.14000000000000091E+03  6.34420734222038406E-09  1.09848052030065761E-08
 -6.12000000000000091E+03  4.83527889788398631E-09  1.17078015815302391E-08
 -6.10000000000000091E+03  3.53250997743427408E-09  1.28685819222576105E-08
 -6.08000000000000091E+03  2.55929924038424397E-09  1.43912536076399785E-08
 -6.06000000000000091E+03  2.01142500445017918E-09  1.61653182709032569E-08
 -6.04000000000000091E+03  1.94765636326170860E-09  1.80550316602037853E-08
 -6.02000000000000091E+03  2.38356454269190994E-09  1.99112874370599722E-08
 -6.00000000000000091E+03  3.28914435045648191E-09  2.15849816228866070E-08
 -5.98000000000000091E+03  4.59056945176169993E-09  2.29406808060275668E-08
 -5.96000000000000091E+03  6.17599730816113530E-09  2.38693304414816614E-08
 -5.94000000000000091E+03  7.90497909478382910E-09  2.42988369979715636E-08
 -5.92000000000000091E+03  9.62071078048009038E-09  2.42014896850903557E-08
 -5.90000000000000091E+03  1.11640236990060259E-08  2.35974858118355108E-08
 -5.88000000000000091E+03  1.23879338631981558E-08  2.25541436378594221E-08
 -5.86000000000000091E+03  1.31713474417433032E-08  2.11807777601956635E-08
 -5.84000000000000091E+03  1.34307428164315875E-08  1.96196227955922972E-08
 -5.82000000000000091E+03  1.31286181789816437E-08  1.80335259418655702E-08
 -5.80000000000000091E+03  1.22779476854732897E-08  1.65914989128251654E-08
 -5.78000000000000091E+03  1.09420858630811249E-08  1.54533602786928467E-08
 -5.76000000000000091E+03  9.23006061166743719E-09  1.47549084361949083E-08
 -5.74000000000000091E+03  7.28759662228685307E-09  1.45949348254603430E-08
 -5.72000000000000091E+03  5.28454145877645256E-09  1.50253715488329167E-08
 -5.70000000000000091E+03  3.39986381934885411E-09  1.60454806235355583E-08
 -5.68000000000000091E+03  1.80542181977489603E-09  1.76007687265441702E-08
 -5.66000000000000091E+03  6.50087105490647871E-10  1.95867759635126695E-08
 -5.64000000000000091E+03  4.55870677723974433E-11  2.18575459854805587E-08
 -5.62000000000000091E+03  5.54366357346041165E-11  2.42380728940610419E-08
 -5.60000000000000091E+03  6.88101126392373975E-10  2.65396909029168908E-08
 -5.58000000000000091E+03  1.89492088391011719E-09  2.85770627863855156E-08
 -5.56000000000000091E+03  3.57342869386692780E-09  3.01852301460145926E-08
 -5.54000000000000091E+03  5.57538731903227413E-09  3.12351966377246716E-08
 -5.52000000000000091E+03  7.71953674012547126E-09  3.16465451362015969E-08
 -5.50000000000000091E+03  9.80727272003155726E-09  3.13959041989367069E-08
 -5.48000000000000091E+03  1.16406325507854735E-08  3.05203750208817726E-08
 -5.46000000000000091E+03  1.30402937282504073E-08  2.91154781121471422E-08
 -5.44000000000000091E+03  1.38624994470357899E-08  2.73277539145290280E-08
 -5.42000000000000091E+03  1.40130011373919450E-08  2.53424296691534151E-08
 -5.40000000000000091E+03  1.34567127119078427E-08  2.33674105032941444E-08
 -5.38000000000000091E+03  1.22224065866861549E-08  2.16146306914660091E-08
 -5.36000000000000091E+03  1.04012468827416996E-08  2.02808728302762536E-08
 -5.34000000000000091E+03  8.14013818909640442E-09  1.95292326206705358E-08
 -5.32000000000000091E+03  5.62917318780214746E-09  1.94735982257201559E-08
 -5.30000000000000091E+03  3.08549965165054176E-09  2.01669124464637638E-08
 -5.28000000000000091E+03  7.33778319303208886E-10  2.15951300870012629E-08
 -5.26000000000000091E+03 -1.21409948236439294E-09  2.36768068215794337E-08
 -5.24000000000000091E+03 -2.57869331036645753E-09  2.62691934731264791E-08
 -5.22000000000000091E+03 -3.23039883216342585E-09  2.91797799443277172E-08
 -5.20000000000000091E+03 -3.10204807096292048E-09  3.21829289413024481E-08
 -5.18000000000000091E+03 -2.19706357555975453E-09  3.50396901304448360E-08
 -5.16000000000000091E+03 -5.90032960386517958E-10  3.75194994771098069E-08
 -5.14000000000000091E+03  1.57772176885874783E-09  3.94214140758808567E-08
 -5.12000000000000091E+03  4.11031954011525640E-09  4.05932985961119376E-08
 -5.10000000000000091E+03  6.77340555443461526E-09  4.09468456996318266E-08
 -5.08000000000000091E+03  9.31509520765563592E-09  4.04671441088731554E-08
 -5.06000000000000091E+03  1.14886505033080927E-08  3.92158743833391778E-08
 -5.04000000000000091E+03  1.30747455169917898E-08  3.73271204327047289E-08
 -5.02000000000000091E+03  1.39031327624974308E-08  3.49973826454383861E-08
 -5.00000000000000091E+03  1.38679255895332419E-08  3.24680019386602469E-08
 -4.98000000000000091E+03  1.29406457069066862E-08  3.00056469184280744E-08
 -4.96000000000000091E+03  1.11724462633043778E-08  2.78762732284771173E-08
 -4.94000000000000091E+03  8.69353962498226280E-09  2.63236416265694114E-08
 -4.92000000000000091E+03  5.70095066171216615E-09  2.55428194539544911E-08
 -4.90000000000000091E+03  2.44373538399783936E-09  2.56654668372296144E-08
 -4.88000000000000091E+03 -7.99650894160779133E-10  2.67414506000793985E-08
 -4.86000000000000091E+03 -3.74616751686566151E-09  2.87374450355483258E-08
 -4.84000000000000091E+03 -6.13282999562853886E-09  3.15329788073070439E-08
 -4.82000000000000091E+03 -7.74385797378210595E-09  3.49340254352126603E-08
 -4.80000000000000091E+03 -8.42759152211600369E-09  3.86852634772305119E-08
 -4.78000000000000091E+03 -8.11720962622757596E-09  4.24946648966560116E-08
 -4.76000000000000091E+03 -6.83248164072682151E-09  4.60581306298591421E-08
 -4.74000000000000091E+03 -4.68714029912012809E-09  4.90869798371704179E-08
 -4.72000000000000091E+03 -1.87330032168925161E-09  5.13360928045173065E-08
 -4.70000000000000091E+03  1.34710162045657414E-09  5.26254368108320459E-08
 -4.68000000000000091E+03  4.67108172253594817E-09  5.28602001421198821E-08
 -4.66000000000000091E+03  7.77608206437852834E-09  5.20403358186801595E-08
 -4.64000000000000091E+03  1.03529663655268420E-08  5.02623915365984286E-08
 -4.62000000000000091E+03  1.21321968977578912E-08  4.77159910017145426E-08
 -4.60000000000000091E+03  1.29107416704523915E-08  4.46627818034498933E-08
 -4.58000000000000091E+03  1.25717717787156040E-08  4.14231075269995384E-08
 -4.56000000000000091E+03  1.10979539027844303E-08  3.83368868148810501E-08
 -4.54000000000000091E+03  8.57405994198696373E-09  3.57449746925558678E-08
 -4.52000000000000091E+03  5.18496430371020860E-09  3.39472188154642770E-08
 -4.50000000000000091E+03  1.19495735426031099E-09  3.31804309901007508E-08
 -4.48000000000000091E+03 -3.06461197817085588E-09  3.35961853501999235E-08
 -4.46000000000000091E+03 -7.23840063476010333E-09  3.52327188660430778E-08
 -4.44000000000000091E+03 -1.09600830311859964E-08  3.80347746059794376E-08
 -4.42000000000000091E+03 -1.39091856951370965E-08  4.18138686332130495E-08
 -4.40000000000000091E+03 -1.58142782660856342E-08  4.63218284207306361E-08
 -4.38000000000000091E+03 -1.65090844420785086E-08  5.11964483052205879E-08
 -4.36000000000000091E+03 -1.59195402721662727E-08  5.60802888227765134E-08
 -4.34000000000000091E+03 -1.41022998856343865E-08  6.05578568783101276E-08
 -4.32000000000000091E+03 -1.12176504125044407E-08  6.42878675275423835E-08
 -4.30000000000000091E+03 -7.53547129002786192E-09  6.69499190463966909E-08
 -4.28000000000000091E+03 -3.40535600207445139E-09  6.83426390684161806E-08
 -4.26000000000000091E+03  7.78098030559362116E-10  6.83639285264708331E-08
 -4.24000000000000091E+03  4.59147060081475372E-09  6.70309984861895986E-08
 -4.22000000000000091E+03  7.65369625386411984E-09  6.45098047122846071E-08
 -4.20000000000000091E+03  9.61664881090248688E-09  6.10415617711176134E-08
 -4.18000000000000091E+03  1.02515370366977449E-08  5.70119028096776062E-08
 -4.16000000000000091E+03  9.41757873180774656E-09  5.28147999418058480E-08
 -4.14000000000000091E+03  7.12609241789626688E-09  4.89198887421204073E-08
 -4.12000000000000091E+03  3.51001336897651400E-09  4.57482276844511703E-08
 -4.10000000000000091E+03 -1.17572067083878268E-09  4.36760184755191872E-08
 -4.08000000000000091E+03 -6.55378223599448597E-09  4.30117814332520929E-08
 -4.06000000000000091E+03 -1.22084474943520898E-08  4.38847634763547060E-08
 -4.04000000000000091E+03 -1.76418485859153656E-08  4.63828696425762871E-08
 -4.02000000000000091E+03 -2.24168846055528281E-08  5.03208281011624378E-08
 -4.00000000000000091E+03 -2.60968961988467865E-08  5.55252916278096496E-08
 -3.98000000000000091E+03 -2.83705532359527729E-08  6.15484447503911323E-08
 -3.96000000000000091E+03 -2.90377458197912822E-08  6.79979623992312637E-08
 -3.94000000000000091E+03 -2.80195053103504232E-08  7.43232751322009070E-08
 -3.92000000000000091E+03 -2.54492398650659034E-08  8.00297664671365205E-08
 -3.90000000000000091E+03 -2.15164261855023685E-08  8.46740008373000699E-08
 -3.88000000000000091E+03 -1.66540317726666885E-08  8.78203204873380745E-08
 -3.86000000000000091E+03 -1.12825033661258287E-08  8.93087802868096227E-08
 -3.84000000000000091E+03 -5.96179940339843809E-09  8.89222512413108369E-08
 -3.82000000000000091E+03 -1.25105726745812077E-09  8.68539505397773261E-08
 -3.80000000000000091E+03  2.42155576138372571E-09  8.32072005829632752E-08
 -3.78000000000000091E+03  4.48200235855474734E-09  7.84647970628249892E-08
 -3.76000000000000091E+03  4.87023122278467923E-09  7.30423069151740725E-08
 -3.74000000000000091E+03  3.14239105398720646E-09  6.75495706112294779E-08
 -3.72000000000000091E+03 -3.11934796287204998E-10  6.25699817952248861E-08
 -3.70000000000000091E+03 -5.63811031510967912E-09  5.86556845246307913E-08
 -3.68000000000000091E+03 -1.21632896638893849E-08  5.63024193194288445E-08
 -3.66000000000000091E+03 -1.95555888407069289E-08  5.58755494266987453E-08
 -3.64000000000000091E+03 -2.72569426435030186E-08  5.75016313126610292E-08
 -3.62000000000000091E+03 -3.43285818632007594E-08  6.13259865762539360E-08
 -3.60000000000000091E+03 -4.07995683531130366E-08  6.69197713329634729E-08
 -3.58000000000000091E+03 -4.51524483249840526E-08  7.42607415852994944E-08
 -3.56000000000000091E+03 -4.82939572209727625E-08  8.23775354769854075E-08
 -3.54000000000000091E+03 -4.84239337356826768E-08  9.11766817477309907E-08
 -3.52000000000000091E+03 -4.71992387367822002E-08  9.93839232016532367E-08
 -3.50000000000000091E+03 -4.31194467093876784E-08  1.06931929653208173E-07
 -3.48000000000000091E+03 -3.79886934975305120E-08  1.12636126924441870E-07
 -3.46000000000000091E+03 -3.13052484774984932E-08  1.16526326817409663E-07
 -3.44000000000000091E+03 -2.41790098343669928E-08  1.17908251778816351E-07
 -3.42000000000000091E+03 -1.75544522583502615E-08  1.16935302910709382E-07
 -3.40000000000000091E+03 -1.12414734594047101E-08  1.13662561822056142E-07
 -3.38000000000000091E+03 -7.43503986790013009E-09  1.08336712701031705E-07
 -3.36000000000000091E+03 -4.71132510854597038E-09  1.01774463140540071E-07
 -3.34000000000000091E+03 -5.56378991439563952E-09  9.42499581978985743E-08
 -3.32000000000000091E+03 -8.14717361523224727E-09  8.70533671093567709E-08
 -3.30000000000000091E+03 -1.38840815056165580E-08  8.04640455436234058E-08
 -3.28000000000000091E+03 -2.17008141303445373E-08  7.56675747564768695E-08
 -3.26000000000000091E+03 -3.07899007926907819E-08  7.30634887119064369E-08
 -3.24000000000000091E+03 -4.18572236611184835E-08  7.29787369609057569E-08
 -3.22000000000000091E+03 -5.14867651524021360E-08  7.62221792136224968E-08
 -3.20000000000000091E+03 -6.24821384530817890E-08  8.15286082623899844E-08
 -3.18000000000000091E+03 -6.95622995888471245E-08  9.05577444219017977E-08
 -3.16000000000000091E+03 -7.68753288779923759E-08  9.99339450509275903E-08
 -3.14000000000000091E+03 -7.92418020213269782E-08  1.12656029094383755E-07
 -3.12000000000000091E+03 -8.02000800926268537E-08  1.23180791947303866E-07
 -3.10000000000000091E+03 -7.74985296609280264E-08  1.36001847737747039E-07
 -3.08000000000000091E+03 -7.14419650810563588E-08  1.44281752136918292E-07
 -3.06000000000000091E+03 -6.52895237330785884E-08  1.53123442715068737E-07
 -3.04000000000000091E+03 -5.40434891357568722E-08  1.56708292552138589E-07
 -3.02000000000000091E+03 -4.75315397633522466E-08  1.58310272359346290E-07
 -3.00000000000000091E+03 -3.48297476605845217E-08  1.56729014003442393E-07
 -2.98000000000000091E+03 -3.16913482937603906E-08  1.49955879155606815E-07
 -2.96000000000000091E+03 -2.16773645205181835E-08  1.44794857492851207E-07
 -2.94000000000000091E+03 -2.51819123866633524E-08  1.31644228518713359E-07
 -2.92000000000000091E+03 -2.08594533166870774E-08  1.25432307178782274E-07
 -2.90000000000000091E+03 -3.24354988032902324E-08  1.11366203105323294E-07
 -2.88000000000000091E+03 -3.48207922509099371E-08  1.05864888609258377E-07
 -2.86000000000000091E+03 -5.29977634056072355E-08  9.86188424770087487E-08
 -2.84000000000000091E+03 -6.09779536037211119E-08  9.41540396721078387E-08
 -2.82000000000000091E+03 -8.14729820573602029E-08  1.00175813170321563E-07
 -2.80000000000000091E+03 -9.22073970885162637E-08  9.72143246028988052E-08
 -2.78000000000000091E+03 -1.09185333510175169E-07  1.16674686935715937E-07
 -2.76000000000000091E+03 -1.19230642037488053E-07  1.18547608908066281E-07
 -2.74000000000000091E+03 -1.26948418576154868E-07  1.42061135555551338E-07
 -2.72000000000000091E+03 -1.34075054903493700E-07  1.56156697169784260E-07
 -2.70000000000000091E+03 -1.28291276025770861E-07  1.66202420027269653E-07
 -2.68000000000000091E+03 -1.33016361050255700E-07  2.01859072370549205E-07
 -2.66000000000000091E+03 -1.12385886009995156E-07  1.79295135582567243E-07
 -2.64000000000000091E+03 -1.17720973460345023E-07  2.43098464278352854E-07
 -2.62000000000000091E+03 -8.53169589349297171E-08  1.75871132391593393E-07
 -2.60000000000000091E+03 -9.47861391047571708E-08  2.67230889219922510E-07
 -2.58000000000000091E+03 -5.81438821015934591E-08  1.57013842064684003E-07
 -2.56000000000000091E+03 -7.43506868867167065E-08  2.66070167622662942E-07
 -2.54000000000000091E+03 -4.24547937560955451E-08  1.31111300871501683E-07
 -2.52000000000000091E+03 -6.70869528850389004E-08  2.38081034277365826E-07
 -2.50000000000000091E+03 -4.62360419203766577E-08  1.12549250377208763E-07
 -2.48000000000000091E+03 -7.99027589775529885E-08  1.88999650660026429E-07
 -2.46000000000000091E+03 -7.08880838659725668E-08  1.15835050628283209E-07
 -2.44000000000000091E+03 -1.13531604532811352E-07  1.33184144814345260E-07
 -2.42000000000000091E+03 -1.09171187884771741E-07  1.45900485870465097E-07
 -2.40000000000000091E+03 -1.62636085205560833E-07  9.37607403387535671E-08
 -2.38000000000000091E+03 -1.47796017113143740E-07  1.91832892418182707E-07
 -2.36000000000000091E+03 -2.14182319245467710E-07  9.61270393489852309E-08
 -2.34000000000000091E+03 -1.77351005998575323E-07  2.31292953830801195E-07
 -2.32000000000000091E+03 -2.45574744456390879E-07  1.54179913287265027E-07
 -2.30000000000000000E+03 -1.99661047055493988E-07  2.44805455924883120E-07
 -2.28000000000000000E+03 -2.33918458544303039E-07  2.55449972254783466E-07
 -2.26000000000000000E+03 -2.20473811805836278E-07  2.33140276392322133E-07
 -2.24000000000000000E+03 -1.75558603185955158E-07  3.53629199050643759E-07
 -2.22000000000000000E+03 -2.37691372964142062E-07  2.26196393996224241E-07
 -2.20000000000000000E+03 -9.33809402529854495E-08  3.81213928609023484E-07
 -2.18000000000000000E+03 -2.45062180621275710E-07  2.67138623388528590E-07
 -2.16000000000000000E+03 -2.03801491524971837E-08  2.89450934202605345E-07
 -2.14000000000000000E+03 -2.47506924817310174E-07  3.75015059538576108E-07
 -2.12000000000000000E+03  2.38877767751047523E-08  8.89943900778950635E-08
 -2.10000000000000000E+03 -2.67663718423425725E-07  5.24098958233246530E-07
 -2.08000000000000000E+03  4.06956207510595687E-08 -1.50314724581498505E-07
 -2.06000000000000000E+03 -3.26068573504006328E-07  6.60105797760125567E-07
 -2.04000000000000000E+03  2.64568832059890845E-08 -3.29238543121525310E-07
 -2.02000000000000000E+03 -3.95679510675536386E-07  7.13890839615830402E-07
 -2.00000000000000000E+03 -6.26660792420859161E-08 -3.31536170930922766E-07
 -1.98000000000000000E+03 -3.91464894751303141E-07  5.94020520530040133E-07
 -1.96000000000000000E+03 -2.77872498916472227E-07 -4.39249892211989660E-08
 -1.94000000000000000E+03 -2.54606939355251483E-07  2.30899958588158281E-07
 -1.92000000000000000E+03 -5.85587450369631684E-07  5.41630239212626267E-07
 -1.90000000000000000E+03 -2.72883706141114911E-08 -2.95538454761785343E-07
 -1.88000000000000000E+03 -8.80350644909241137E-07  1.20745747621942155E-06
 -1.86000000000000000E+03  2.25209983165201952E-07 -7.03310847902692294E-07
 -1.84000000000000000E+03 -1.11279784103171997E-06  1.58401625014863466E-06
 -1.82000000000000000E+03  4.86998470659282816E-07 -7.05293357385314215E-07
 -1.80000000000000000E+03 -1.26201040939623874E-06  1.44839825335059656E-06
 -1.78000000000000000E+03  6.48652704002003223E-07 -2.77091089563779235E-07
 -1.76000000000000000E+03 -1.16524128821261092E-06  8.74966531428975517E-07
 -1.74000000000000000E+03  4.48135520733088582E-07  4.22240699413886975E-07
 -1.72000000000000000E+03 -6.50506540344638928E-07 -1.76605856624167713E-08
 -1.70000000000000000E+03 -1.99967702906454676E-07  1.35512974435901307E-06
 -1.68000000000000000E+03  1.18606418715244353E-07 -1.18836368815568287E-06
 -1.66000000000000000E+03 -1.00508441044610780E-06  2.39323193016766150E-06
 -1.64000000000000000E+03  7.49843550223532957E-07 -2.17531570315319613E-06
 -1.62000000000000000E+03 -1.63820737361452008E-06  2.81864177067009550E-06
 -1.60000000000000000E+03  1.04546466535190643E-06 -2.07145215821893163E-06
 -1.58000000000000000E+03 -2.02704840812761110E-06  2.04956660240698198E-06
 -1.56000000000000000E+03  1.08866905008582118E-06 -9.08510091706647863E-07
 -1.54000000000000000E+03 -2.24981019937539598E-06  9.59632681767566601E-07
 -1.52000000000000000E+03  9.64021798668042269E-07 -4.04096320686862634E-08
 -1.50000000000000000E+03 -2.11958336974378992E-06  7.68112168012963724E-07
 -1.48000000000000000E+03  2.51112345398102639E-07  7.77980135974336827E-09
 -1.46000000000000000E+03 -9.44897581940183447E-07  1.14842649021725595E-06
 -1.44000000000000000E+03 -1.51084464772668573E-06 -2.16722902156329449E-07
 -1.42000000000000000E+03  1.00234429693735110E-06  1.97958804113434895E-06
 -1.40000000000000000E+03 -2.92654188235499569E-06 -1.58493151085202008E-06
 -1.38000000000000000E+03  1.50104440731297925E-06  4.61291099848189292E-06
 -1.36000000000000000E+03 -2.04787648884423240E-06 -5.25610624428233784E-06
 -1.34000000000000000E+03 -8.19043139937930526E-08  9.28089713040962081E-06
 -1.32000000000000000E+03 -9.70338311232398424E-08 -1.06847673596977227E-05
 -1.30000000000000000E+03 -1.54226505760763456E-06  1.49390141741280616E-05
 -1.28000000000000000E+03  6.70147750287337021E-07 -1.61356945372040760E-05
 -1.26000000000000000E+03 -1.27651951240682212E-06  1.83636038121196041E-05
 -1.24000000000000000E+03 -1.11513392226022943E-06 -1.61889069445162174E-05
 -1.22000000000000000E+03  1.78472568279910573E-06  1.29247447003947106E-05
 -1.20000000000000000E+03 -5.59393945890554399E-06 -4.85618171265907287E-06
 -1.18000000000000000E+03  6.46190632727871672E-06 -4.32488529883044011E-06
 -1.16000000000000000E+03 -1.12399707886430059E-05  1.65509413392983220E-05
 -1.14000000000000000E+03  1.25531883600698917E-05 -2.74773002529254936E-05
 -1.12000000000000000E+03 -1.92745693794400896E-05  3.91143260714566180E-05
 -1.10000000000000000E+03  2.12181893063506237E-05 -4.62957448011883037E-05
 -1.08000000000000000E+03 -2.73271652582492316E-05  5.13370889835250093E-05
 -1.06000000000000000E+03  2.36006005942774406E-05 -4.58863728066823221E-05
 -1.04000000000000000E+03 -1.90700665548570256E-05  3.25863504869050179E-05
 -1.02000000000000000E+03 -8.04454758121139405E-08 -1.59877693118497390E-06
 -1.00000000000000000E+03  2.04081096022189379E-05 -3.77635940520262568E-05
 -9.80000000000000000E+02 -4.94377066903325152E-05  8.78476087564617717E-05
 -9.60000000000000000E+02  6.78937253359788019E-05 -1.26068090898354260E-04
 -9.40000000000000000E+02 -7.96869535396875262E-05  1.47873307188651739E-04
 -9.20000000000000000E+02  7.05030706435895015E-05 -1.32281199432832542E-04
 -9.00000000000000000E+02 -5.54448137007015313E-05  9.00749390976503429E-05
 -8.80000000000000000E+02  3.79898658020994939E-05 -2.43536328903210447E-05
 -8.60000000000000000E+02 -4.70879777228824109E-05 -3.52167372228868257E-05
 -8.40000000000000000E+02  8.85932265168369820E-05  7.86768132634561753E-05
 -8.20000000000000000E+02 -1.80194043428077435E-04 -9.06613817699470135E-05
 -8.00000000000000000E+02  3.05958787763532575E-04  8.15757998106375913E-05
 -7.80000000000000000E+02 -4.70538779020210211E-04 -5.85871972920074517E-05
 -7.60000000000000000E+02  6.48063774364343527E-04  4.32712596836797378E-05
 -7.40000000000000000E+02 -8.36874845650282693E-04 -4.58166924812999189E-05
 -7.20000000000000000E+02  9.74611700433478589E-04  7.42239808503580714E-05
 -7.00000000000000000E+02 -1.01991867161516005E-03 -1.00692296041233836E-04
 -6.80000000000000000E+02  8.97119550821624573E-04  9.18397647454196182E-05
 -6.60000000000000000E+02 -6.36709729567168131E-04 -1.74569087939388697E-05
 -6.40000000000000000E+02  2.75583927105006081E-04 -7.59325667808530221E-05
 -6.20000000000000000E+02  5.72789248430257263E-05  1.25060294645686348E-04
 -6.00000000000000000E+02 -2.65411537417739661E-04 -7.24297324687620832E-05
 -5.80000000000000000E+02  1.18158115270507768E-04 -3.72743408784275180E-05
 -5.60000000000000000E+02  5.85796625709728469E-04  1.74197557921375914E-04
 -5.40000000000000000E+02 -1.99672920914432126E-03 -2.55944178132904126E-04
 -5.20000000000000000E+02  3.95750828697594235E-03  2.08616867133336255E-04
 -5.00000000000000000E+02 -6.08754769242059266E-03  8.50338310188157294E-05
 -4.80000000000000000E+02  7.70672259700674878E-03 -6.12374068015028345E-04
 -4.60000000000000000E+02 -8.11261430577780128E-03  1.27003893956027054E-03
 -4.40000000000000000E+02  6.67999534152521023E-03 -1.81472513728959343E-03
 -4.20000000000000000E+02 -3.20179795776389829E-03  2.02085191276636005E-03
 -4.00000000000000000E+02 -2.13946985020161025E-03 -1.70802739148489635E-03
 -3.80000000000000000E+02  8.58311192773051658E-03  8.41431959544441748E-04
 -3.60000000000000000E+02 -1.49849411561963526E-02  5.08683868501040733E-04
 -3.40000000000000000E+02  1.97453485269116560E-02 -2.13359317319896952E-03
 -3.20000000000000000E+02 -2.14657052281119962E-02  3.69005511465993457E-03
 -3.00000000000000000E+02  1.95237219180601738E-02 -4.67399725092667619E-03
 -2.80000000000000000E+02 -1.52661669839250849E-02  4.60868007437415048E-03
 -2.60000000000000000E+02  1.17438945354175605E-02 -3.35083993826150017E-03
 -2.40000000000000000E+02 -1.24991640748198050E-02  1.44058580826266847E-03
 -2.20000000000000000E+02  1.83851329951473068E-02  1.21280633554902786E-04
 -2.00000000000000000E+02 -2.62682917732373900E-02 -5.37124480397960279E-04
 -1.80000000000000000E+02  3.02196348991168318E-02  7.41384705638674677E-05
 -1.60000000000000000E+02 -2.68005947564237575E-02  2.06001391666941645E-04
 -1.40000000000000000E+02  1.79323712696122795E-02  5.29672825497528210E-04
 -1.20000000000000000E+02 -9.65249506023369529E-03 -1.71980444234590721E-03
 -1.00000000000000000E+02  5.24319767174294665E-03  2.44235086703722872E-03
 -8.00000000000000000E+01 -1.39906520023456863E-03 -2.04167625562412525E-03
 -6.00000000000000000E+01 -1.73999696974929570E-02  9.88720757812443446E-04
 -4.00000000000000000E+01  8.76032728882210759E-02 -1.45267801953050709E-04
 -2.00000000000000000E+01 -2.17276337741023784E-01 -6.56947414416655354E-04
  0.00000000000000000E+00  2.90012959996544917E-01  8.09161845826481853E-04
  2.00000000000000036E+01 -2.10373221501336111E-01 -9.08636220568493909E-05
  4.00000000000000071E+01  8.31527791583015902E-02 -1.92554558453350349E-06
  6.00000000000000142E+01 -1.81745785203932843E-02 -3.87395260491084229E-04
  8.00000000000000142E+01  1.21910693513337912E-03  7.45428046057746070E-04
  1.00000000000000014E+02  1.75010140037618381E-03 -9.05890570589193206E-04
  1.20000000000000028E+02 -2.24066944324782628E-03  1.00607335840810280E-03
  1.40000000000000028E+02  7.97210965375014648E-04 -3.62526224785783037E-04
  1.60000000000000028E+02  5.53824602855367259E-04 -1.69939909095973197E-04
  1.80000000000000028E+02 -1.72695076919058134E-03  8.37750399180689433E-04
  2.00000000000000028E+02  1.36456404493988880E-03 -2.04650258359710457E-04
  2.20000000000000028E+02 -1.16005246710625099E-03  8.28208228007358934E-05
  2.40000000000000057E+02  7.83890308453363198E-04  7.23454150235717857E-04
  2.60000000000000057E+02 -9.80025493728179037E-04  2.01423321860820330E-04
  2.80000000000000057E+02  6.29328299564947354E-04  2.11900865665924110E-05
  3.00000000000000057E+02  3.39082495155947051E-04  1.09824955997777436E-03
  3.20000000000000057E+02 -1.36450396689457784E-03 -4.97347891924064310E-06
  3.40000000000000057E+02  2.59952160252997994E-03  5.37150579779798300E-04
  3.60000000000000057E+02 -2.07153461878496542E-03  8.97262232291386988E-04
  3.80000000000000057E+02  2.18984309894229697E-03 -1.95538504484851406E-05
  4.00000000000000057E+02 -4.52969939158905029E-05  8.92884643845155397E-04
  4.20000000000000057E+02  4.50999714977837511E-04  1.72104376520175435E-04
  4.40000000000000057E+02  1.89148749715971538E-03  3.57967677765080980E-04
  4.60000000000000057E+02 -3.18836078356909307E-04  8.08786781279665208E-05
  4.80000000000000114E+02  2.74129983846464146E-03 -3.04979731029307131E-05
  5.00000000000000114E+02 -4.91987677015626223E-04 -4.59375824915346086E-04
  5.20000000000000114E+02  3.00099237950261387E-03 -6.65872420076002816E-04
  5.40000000000000114E+02 -6.14304217561202756E-04 -9.74969559586855270E-04
  5.60000000000000114E+02  2.22589037367749293E-03 -1.81644134610426528E-03
  5.80000000000000114E+02 -1.29096665015341477E-03 -9.27831511532666757E-04
  6.00000000000000114E+02  1.08580324878080215E-03 -8.47380442630648180E-04
  6.20000000000000114E+02  3.78194879558530872E-04 -1.33652235592538306E-03
  6.40000000000000114E+02  2.74962871030460447E-04 -2.44887839522425028E-03
  6.60000000000000114E+02 -1.03805135311692514E-03 -2.31292821701340389E-03
  6.80000000000000114E+02 -2.65468813307643365E-03 -7.57300300454763096E-04
  7.00000000000000114E+02 -1.15573369495688359E-04 -1.08373860700338082E-03
  7.20000000000000114E+02 -3.22803394675030136E-03 -3.01906578196682704E-04
  7.40000000000000114E+02 -6.35759747904968814E-04  3.63122363310209131E-04
  7.60000000000000114E+02 -1.71525773543218930E-03  3.59944518835677446E-04
  7.80000000000000114E+02 -1.07122985680716118E-03  6.39602828709751070E-04
  8.00000000000000114E+02 -6.77890171759348934E-04  8.85287170226538170E-04
  8.20000000000000114E+02 -8.02883429070384911E-04  7.24786418546980869E-04
  8.40000000000000114E+02 -1.82696940426856384E-04  9.01830998257146057E-04
  8.60000000000000114E+02 -3.36419795609722329E-04  7.90113122233861761E-04
  8.80000000000000114E+02 -2.10152161873239032E-05  5.76151397141970250E-04
  9.00000000000000114E+02  1.24532206038672512E-04  9.65220878920038127E-04
  9.20000000000000114E+02  1.96362610221850672E-06  5.56991281783969023E-05
  9.40000000000000114E+02  3.88541769267820240E-04  1.04079959440641235E-03
  9.60000000000000227E+02  3.98983496889506440E-05 -1.93116407736904202E-04
  9.80000000000000227E+02  4.62190482102896088E-04  7.44871406855260126E-04
  1.00000000000000023E+03  6.27270575142815023E-05 -9.10865402720896955E-05
  1.02000000000000023E+03  4.45199897553480830E-04  3.14837765067026544E-04
  1.04000000000000023E+03  5.97264179326750301E-05  3.64251836319011662E-05
  1.06000000000000023E+03  3.65173961041632554E-04  5.85884809554134168E-05
  1.08000000000000023E+03  6.88295380800824314E-05  3.05579296248549451E-05
  1.10000000000000023E+03  2.38935684690551070E-04 -1.12216501560363992E-05
  1.12000000000000023E+03  8.83999168810499438E-05 -3.07997866020986164E-05
  1.14000000000000023E+03  1.20272212074954416E-04 -1.69216558459900273E-05
  1.16000000000000023E+03  8.73440252695760868E-05 -5.51281935761716035E-05
  1.18000000000000023E+03  4.94930095472490407E-05 -2.47254291915833568E-05
  1.20000000000000023E+03  6.43907839100626072E-05 -5.04114117280471188E-05
  1.22000000000000023E+03  1.58141506284024899E-05 -1.86078509732666012E-05
  1.24000000000000023E+03  2.85902410261871094E-05 -4.01230614593257626E-05
  1.26000000000000023E+03  1.81365865856328201E-05 -5.14528036775132091E-06
  1.28000000000000023E+03  6.33067096055543923E-06 -2.63183538850668781E-05
  1.30000000000000023E+03  9.18112781088064061E-06 -6.97538113659837152E-07
  1.32000000000000023E+03  9.83289618075783405E-07 -1.10717471434803099E-05
  1.34000000000000023E+03  1.78712586312292485E-05  1.25041642429378647E-05
  1.36000000000000023E+03 -6.98996448677715794E-06 -1.25292082701509811E-05
  1.38000000000000023E+03  1.73243646156545622E-05  1.30730920230305379E-05
  1.40000000000000023E+03  9.52624222242535327E-06  8.30192116661294777E-06
  1.42000000000000023E+03  8.24825691999238780E-07 -1.00407575958429004E-05
  1.44000000000000023E+03  2.55271948313655300E-05  2.24455863270139751E-05
  1.46000000000000023E+03 -2.35145448250699761E-06 -1.06733862798909008E-05
  1.48000000000000023E+03  1.89557057192154781E-05  6.28091024837819787E-06
  1.50000000000000023E+03  1.16044476905260754E-05  6.47865804486813610E-06
  1.52000000000000023E+03  5.42996123283786474E-07 -1.30772754566768116E-05
  1.54000000000000023E+03  2.42666589977999577E-05  1.62014136169939939E-05
  1.56000000000000023E+03 -1.00608774059729315E-05 -1.95056671335102903E-05
  1.58000000000000023E+03  2.32555198676408148E-05  1.56285613795624989E-05
  1.60000000000000023E+03 -7.96063399278280087E-06 -1.62445699796426557E-05
  1.62000000000000023E+03  1.35169613072292375E-05  1.03333739101324713E-05
  1.64000000000000023E+03 -1.71492010581621605E-06 -8.93342237360485230E-06
  1.66000000000000023E+03  5.39264160984011639E-06  4.92434222665647773E-06
  1.68000000000000023E+03  1.87653329568008797E-06 -2.48629375279371817E-06
  1.70000000000000023E+03  1.98884061037720881E-06  2.24002544197810834E-06
  1.72000000000000023E+03  3.51224054232901419E-06  1.09480823587313638E-06
  1.74000000000000023E+03  4.57630974890080209E-07  1.31619172926375204E-06
  1.76000000000000023E+03  5.76465997497485098E-06  3.32144934312659419E-06
  1.78000000000000023E+03 -1.25090121876359738E-06 -9.29510583528446320E-08
  1.80000000000000023E+03  8.43031534877957585E-06  5.16916123309033932E-06
  1.82000000000000023E+03 -2.28726908818123010E-06 -1.77037374151843896E-06
  1.84000000000000023E+03  9.26476942624109062E-06  5.30289210582157720E-06
  1.86000000000000023E+03 -1.30023652592637145E-06 -1.74619461428352824E-06
  1.88000000000000023E+03  7.27338175165772879E-06  2.83607110045863153E-06
  1.90000000000000023E+03  1.43125232064999001E-06  2.35349493755672119E-07
  1.92000000000000045E+03  3.59731665027073407E-06 -8.26288930055750761E-07
  1.94000000000000045E+03  4.17330401890202687E-06  2.37403408222069763E-06
  1.96000000000000045E+03  1.42818739051803247E-07 -3.23068194491563455E-06
  1.98000000000000045E+03  5.55214382064492569E-06  3.10730922813655304E-06
  2.00000000000000045E+03 -1.80608880817631860E-06 -3.35452012894100997E-06
  2.02000000000000045E+03  5.30646818594166350E-06  2.39792930821698523E-06
  2.04000000000000045E+03 -2.18108430163235994E-06 -1.88954300080497966E-06
  2.06000000000000045E+03  4.15649858385354364E-06  1.23422377648136399E-06
  2.08000000000000045E+03 -1.63760151085792852E-06 -1.33207494395619260E-07
  2.10000000000000045E+03  2.96685414023406147E-06  5.05658601987480483E-07
  2.12000000000000045E+03 -7.73553904635288861E-07  1.00746366531645247E-06
  2.14000000000000045E+03  2.15360532393274289E-06  4.45891604933335784E-07
  2.16000000000000045E+03  6.61555269639615192E-08  1.33352296907407644E-06
  2.18000000000000045E+03  1.81467488627664829E-06  7.72026035873978947E-07
  2.20000000000000045E+03  6.46087890319969719E-07  1.07040123711630767E-06
  2.22000000000000045E+03  1.84882941099533841E-06  1.11071559239406496E-06
  2.24000000000000045E+03  9.17354482459384453E-07  5.50037486652632593E-07
  2.26000000000000045E+03  1.97604505826483288E-06  1.21475680846375839E-06
  2.28000000000000045E+03  9.85515331162959137E-07  6.89678692045672188E-08
  2.30000000000000045E+03  1.95507424171573117E-06  1.02504261291653404E-06
  2.32000000000000045E+03  9.28828367124351840E-07 -2.10042641908861844E-07
  2.34000000000000045E+03  1.73375364257280222E-06  6.65824984089959706E-07
  2.36000000000000045E+03  7.81094127010662560E-07 -2.74509501065073443E-07
  2.38000000000000045E+03  1.37121496434733959E-06  3.29820803808577307E-07
  2.40000000000000045E+03  6.04711004100081716E-07 -1.80543496721840343E-07
  2.42000000000000045E+03  9.57940455039249889E-07  1.46622171856597973E-07
  2.44000000000000045E+03  4.64416786911168919E-07  8.33987709716278152E-09
  2.46000000000000045E+03  6.08773576283782791E-07  1.43275667870470536E-07
  2.48000000000000045E+03  3.81258072363347443E-07  2.29315305766281942E-07
  2.50000000000000045E+03  4.19799815711708480E-07  2.69727556749278247E-07
  2.52000000000000045E+03  3.59654802215188426E-07  4.24583899355856504E-07
  2.54000000000000045E+03  4.01470209887877801E-07  4.34039323849757819E-07
  2.56000000000000045E+03  4.11243350647877870E-07  5.54035726811487962E-07
  2.58000000000000045E+03  4.86350749640655356E-07  5.47564737964047629E-07
  2.60000000000000045E+03  5.28279543605451527E-07  5.95585029606671224E-07
  2.62000000000000045E+03  5.94549650235026537E-07  5.63256272947930511E-07
  2.64000000000000045E+03  6.59066470216648467E-07  5.44035728018951311E-07
  2.66000000000000045E+03  6.73501775329884150E-07  4.87135544377581283E-07
  2.68000000000000045E+03  7.38639692504522254E-07  4.17559460264738495E-07
  2.70000000000000045E+03  6.93208444183870225E-07  3.57827177133811405E-07
  2.72000000000000045E+03  7.30427379335251437E-07  2.60315874320896691E-07
  2.74000000000000045E+03  6.42475589525024538E-07  2.22997789859346396E-07
  2.76000000000000045E+03  6.37561737402255259E-07  1.26186091491285040E-07
  2.78000000000000045E+03  5.33813025671629154E-07  1.23864352448339075E-07
  2.80000000000000045E+03  4.91652388606254798E-07  5.70664088763459921E-08
  2.82000000000000045E+03  4.01054670305147650E-07  8.47215538823305992E-08
  2.84000000000000045E+03  3.37039084608437443E-07  6.73529780369150927E-08
  2.86000000000000045E+03  2.84248158542354041E-07  1.09334801439879693E-07
  2.88000000000000045E+03  2.17886695730344685E-07  1.40553539832812294E-07
  2.90000000000000045E+03  2.11834097264781914E-07  1.81456833635107777E-07
  2.92000000000000045E+03  1.64955732655012794E-07  2.40562720561791742E-07
  2.94000000000000045E+03  1.93561201643780440E-07  2.69367575224615959E-07
  2.96000000000000045E+03  1.83014670993789871E-07  3.28047062441624568E-07
  2.98000000000000045E+03  2.23156472833168482E-07  3.37779786302366373E-07
  3.00000000000000045E+03  2.49438659650254907E-07  3.72971453638703831E-07
  3.02000000000000045E+03  2.81907168664997161E-07  3.61566411329108701E-07
  3.04000000000000045E+03  3.27046588148552338E-07  3.62773770198512153E-07
  3.06000000000000045E+03  3.42739395620314719E-07  3.33446209703884297E-07
  3.08000000000000045E+03  3.81093092087625531E-07  3.04935213622179398E-07
  3.10000000000000045E+03  3.78523795742738766E-07  2.64721201156356214E-07
  3.12000000000000045E+03  3.90766521945382820E-07  2.21971696684200213E-07
  3.14000000000000045E+03  3.72330871718763343E-07  1.80336864977322303E-07
  3.16000000000000045E+03  3.53196875998095456E-07  1.41843778716757955E-07
  3.18000000000000045E+03  3.23686431375927072E-07  1.09099524490560268E-07
  3.20000000000000045E+03  2.81520019893080687E-07  8.85652655174008852E-08
  3.22000000000000045E+03  2.47794012197265787E-07  7.26835788591798451E-08
  3.24000000000000045E+03  1.98664117377030894E-07  7.52421188434636539E-08
  3.26000000000000045E+03  1.68805532956692300E-07  7.85201228078202288E-08
  3.28000000000000045E+03  1.28941346426464414E-07  1.00679255503571976E-07
  3.30000000000000045E+03  1.10381312562465169E-07  1.18840096764074648E-07
  3.32000000000000045E+03  9.01395750227753184E-08  1.50770003042603617E-07
  3.34000000000000045E+03  8.72114341270649992E-08  1.74907548940645409E-07
  3.36000000000000045E+03  8.84915021731892559E-08  2.04375252916169063E-07
  3.38000000000000045E+03  1.00513554515141238E-07  2.24299745152215227E-07
  3.40000000000000045E+03  1.17709890941025372E-07  2.41176175317675883E-07
  3.42000000000000045E+03  1.38828286960359109E-07  2.48841804658718176E-07
  3.44000000000000045E+03  1.62022630183718749E-07  2.48392998112052386E-07
  3.46000000000000045E+03  1.83255725771960832E-07  2.40557251705969998E-07
  3.48000000000000045E+03  2.02063550797795118E-07  2.24328499225664856E-07
  3.50000000000000045E+03  2.14712418280580727E-07  2.03564695836288085E-07
  3.52000000000000045E+03  2.21613823098894308E-07  1.78032593981902294E-07
  3.54000000000000045E+03  2.20458218412679453E-07  1.51535115043103264E-07
  3.56000000000000045E+03  2.12859271150386323E-07  1.25475512486733939E-07
  3.58000000000000045E+03  1.97831208683098541E-07  1.02108266555204291E-07
  3.60000000000000045E+03  1.78395358709770284E-07  8.36226465016830630E-08
  3.62000000000000045E+03  1.54266124275546263E-07  7.05503485082467657E-08
  3.64000000000000045E+03  1.29514296767456153E-07  6.45380596614119180E-08
  3.66000000000000045E+03  1.03908185897326577E-07  6.48157543137892950E-08
  3.68000000000000045E+03  8.16720259481325397E-08  7.16061062992521082E-08
  3.70000000000000045E+03  6.22285455572404219E-08  8.34654257248024598E-08
  3.72000000000000045E+03  4.88999363833285460E-08  9.90484494490359505E-08
  3.74000000000000045E+03  4.06329618805565937E-08  1.16896443683294910E-07
  3.76000000000000045E+03  3.91251676893081514E-08  1.34617820655020111E-07
  3.78000000000000045E+03  4.28950965283352379E-08  1.51243120848225237E-07
  3.80000000000000045E+03  5.19194754152768406E-08  1.64271198879669291E-07
  3.82000000000000045E+03  6.44646120320483888E-08  1.73436905401889465E-07
  3.84000000000000091E+03  7.92693666131397650E-08  1.77086190270160870E-07
  3.86000000000000091E+03  9.46480508309568684E-08  1.75606074462807256E-07
  3.88000000000000091E+03  1.08880900773488109E-07  1.68750741470999248E-07
  3.90000000000000091E+03  1.20705414737100923E-07  1.57362580894352485E-07
  3.92000000000000091E+03  1.28697529126536734E-07  1.42550220622691394E-07
  3.94000000000000091E+03  1.32337771762331340E-07  1.25366584205512653E-07
  3.96000000000000091E+03  1.30997056772928877E-07  1.07691794083923471E-07
  3.98000000000000091E+03  1.25018132959025278E-07  9.05295632058634106E-08
  4.00000000000000091E+03  1.14705694493645054E-07  7.57258009971572436E-08
  4.02000000000000091E+03  1.01116416947898151E-07  6.39804409836924910E-08
  4.04000000000000091E+03  8.52772325350024317E-08  5.64231081557407747E-08
  4.06000000000000091E+03  6.85917738785163349E-08  5.32505029188937848E-08
  4.08000000000000091E+03  5.23575349246446324E-08  5.45550770128531782E-08
  4.10000000000000091E+03  3.78704879586875473E-08  5.99556042472063445E-08
  4.12000000000000091E+03  2.61865570879273429E-08  6.86096448683388394E-08
  4.14000000000000091E+03  1.81025325159830269E-08  7.96575060363274488E-08
  4.16000000000000091E+03  1.40498510890633841E-08  9.17447031542130815E-08
  4.18000000000000091E+03  1.41163763258549822E-08  1.03798781694740713E-07
  4.20000000000000091E+03  1.79842403613585005E-08  1.14497822939025874E-07
  4.22000000000000091E+03  2.50603512919711453E-08  1.22909559305465725E-07
  4.24000000000000091E+03  3.44339627959859610E-08  1.28206028993722959E-07
  4.26000000000000091E+03  4.50766376450323454E-08  1.29908223163382560E-07
  4.28000000000000091E+03  5.58421132181643248E-08  1.27919190695646319E-07
  4.30000000000000091E+03  6.56397966422469946E-08  1.22365494733898584E-07
  4.32000000000000091E+03  7.35036137686970440E-08  1.13847047230384702E-07
  4.34000000000000091E+03  7.86509160378250441E-08  1.03028401632334130E-07
  4.36000000000000091E+03  8.06213571529249321E-08  9.09449331183608701E-08
  4.38000000000000091E+03  7.91817481002331273E-08  7.85394985108028277E-08
  4.40000000000000091E+03  7.45086181121214200E-08  6.69033964284965980E-08
  4.42000000000000091E+03  6.69551319240338191E-08  5.69064792414324982E-08
  4.44000000000000091E+03  5.72415417832234936E-08  4.93328302194749199E-08
  4.46000000000000091E+03  4.61382527725374850E-08  4.46675789704329665E-08
  4.48000000000000091E+03  3.46393236221815502E-08  4.31571035402097050E-08
  4.50000000000000091E+03  2.36279081008274721E-08  4.47409801560895874E-08
  4.52000000000000091E+03  1.40279912876124844E-08  4.90936398290538029E-08
  4.54000000000000091E+03  6.50986771638172894E-09  5.56500546111929576E-08
  4.56000000000000091E+03  1.62962603275087493E-09  6.36705715427786667E-08
  4.58000000000000091E+03 -3.86892363602909713E-10  7.23030781775766861E-08
  4.60000000000000091E+03  4.93416566961136705E-10  8.06783305257019945E-08
  4.62000000000000091E+03  3.98962377542824555E-09  8.79639607283430311E-08
  4.64000000000000091E+03  9.64249768089927907E-09  9.34697241423945307E-08
  4.66000000000000091E+03  1.67827856416362453E-08  9.66658839452893507E-08
  4.68000000000000091E+03  2.46534729764541825E-08  9.72691218410783697E-08
  4.70000000000000091E+03  3.24441640660751561E-08  9.52141459343454655E-08
  4.72000000000000091E+03  3.93826926103379451E-08  9.06996718126716355E-08
  4.74000000000000091E+03  4.48001996675608384E-08  8.41170117035436320E-08
  4.76000000000000091E+03  4.81787466620368778E-08  7.60526625903515944E-08
  4.78000000000000091E+03  4.92096004335914476E-08  6.71900622259935996E-08
  4.80000000000000091E+03  4.77941179692705006E-08  5.82819050125586315E-08
  4.82000000000000091E+03  4.40668104312397324E-08  5.00486594549693886E-08
  4.84000000000000091E+03  3.83587908870598122E-08  4.31433622913236886E-08
  4.86000000000000091E+03  3.11748883387911199E-08  3.80709656285663908E-08
  4.88000000000000091E+03  2.31372963915985176E-08  3.51681346253559057E-08
  4.90000000000000091E+03  1.49262126051878443E-08  3.45610347790064460E-08
  4.92000000000000091E+03  7.22347093064742132E-09  3.61737513918375078E-08
  4.94000000000000091E+03  6.41273221537799247E-10  3.97305485599201664E-08
  4.96000000000000091E+03 -4.31796073100782899E-09  4.47934527779505891E-08
  4.98000000000000091E+03 -7.31604569452039544E-09  5.08016000856276513E-08
  5.00000000000000091E+03 -8.19365534889683614E-09  5.71267526079614842E-08
  5.02000000000000091E+03 -6.98717551063956231E-09  6.31313700927922775E-08
  5.04000000000000091E+03 -3.91642015250869575E-09  6.82243404578942903E-08
  5.06000000000000091E+03  6.40992145748140214E-10  7.19147734901755210E-08
  5.08000000000000091E+03  6.18289145574294623E-09  7.38504794239725413E-08
  5.10000000000000091E+03  1.21389259239474444E-08  7.38478979964725986E-08
  5.12000000000000091E+03  1.79132654080464241E-08  7.19020315388032536E-08
  5.14000000000000091E+03  2.29494471891682481E-08  6.81829446408271747E-08
  5.16000000000000091E+03  2.67683766542807295E-08  6.30155335944727628E-08
  5.18000000000000091E+03  2.90182931402923726E-08  5.68457028634176507E-08
  5.20000000000000091E+03  2.94953057056118681E-08  5.01982521438846379E-08
  5.22000000000000091E+03  2.81626767863598198E-08  4.36264562639460571E-08
  5.24000000000000091E+03  2.51466800677102693E-08  3.76632232073457306E-08
  5.26000000000000091E+03  2.07217131955347035E-08  3.27727855199287938E-08
  5.28000000000000091E+03  1.52825325808470252E-08  2.93119026765997041E-08
  5.30000000000000091E+03  9.30384265961765092E-09  2.75004252421020883E-08
  5.32000000000000091E+03  3.29817439049281137E-09  2.74052364083385353E-08
  5.34000000000000091E+03 -2.23355202089553914E-09  2.89388132924392254E-08
  5.36000000000000091E+03 -6.84412939135383161E-09  3.18703275493249556E-08
  5.38000000000000091E+03 -1.01805669121217359E-08  3.58510899141820729E-08
  5.40000000000000091E+03 -1.20117992181940882E-08  4.04477026648443695E-08
  5.42000000000000091E+03 -1.22469764094501856E-08  4.51841330770040387E-08
  5.44000000000000091E+03 -1.09395877105579414E-08  4.95843806574037154E-08
  5.46000000000000091E+03 -8.27892302057136591E-09  5.32158917977427169E-08
  5.48000000000000091E+03 -4.56984908544668813E-09  5.57264185248040578E-08
  5.50000000000000091E+03 -2.02290582259542128E-10  5.68739581595469705E-08
  5.52000000000000091E+03  4.38556862436021029E-09  5.65451604999481202E-08
  5.54000000000000091E+03  8.74782211769846675E-09  5.47624296982626401E-08
  5.56000000000000091E+03  1.24709110402301816E-08  5.16782240915716267E-08
  5.58000000000000091E+03  1.52095960928263726E-08  4.75582595720377796E-08
  5.60000000000000091E+03  1.67163641309661556E-08  4.27546979669550124E-08
  5.62000000000000091E+03  1.68606932603197765E-08  3.76725874563713000E-08
  5.64000000000000091E+03  1.56381571154430017E-08  3.27321431619336487E-08
  5.66000000000000091E+03  1.31672298454053072E-08  2.83308901933744144E-08
  5.68000000000000091E+03  9.67593211566765936E-09  2.48085557938139808E-08
  5.70000000000000091E+03  5.47840744579841251E-09  2.24181871106801667E-08
  5.72000000000000091E+03  9.44840850467440879E-10  2.13056347940259015E-08
  5.74000000000000091E+03 -3.53315227537750108E-09  2.14991523743931833E-08
  5.76000000000000091E+03 -7.57809092204524439E-09  2.29098338777492912E-08
  5.78000000000000091E+03 -1.08599990717351184E-08  2.53423711661264266E-08
  5.80000000000000091E+03 -1.31248694566155844E-08  2.85152650169492378E-08
  5.82000000000000091E+03 -1.42153919340675537E-08  3.20880018625054991E-08
  5.84000000000000091E+03 -1.40828151361862336E-08  3.56930957753209819E-08
  5.86000000000000091E+03 -1.27885140071315014E-08  3.89695149033621022E-08
  5.88000000000000091E+03 -1.04959623738364209E-08  4.15949253496158488E-08
  5.90000000000000091E+03 -7.45351107516183393E-09  4.33135242631897138E-08
  5.92000000000000091E+03 -3.97022384771375918E-09  4.39573605783322490E-08
  5.94000000000000091E+03 -3.86677932190537976E-10  4.34592186186855923E-08
  5.96000000000000091E+03  2.95618939214958503E-09  4.18562013451139747E-08
  5.98000000000000091E+03  5.74764680342766390E-09  3.92839070367372646E-08
  6.00000000000000091E+03  7.73419218384536780E-09  3.59619057941446741E-08
  6.02000000000000091E+03  8.74090309316097082E-09  3.21720878491289069E-08
  6.04000000000000091E+03  8.68516995175238884E-09  2.82319223976139770E-08
  6.06000000000000091E+03  7.58191949443096068E-09  2.44651904529702531E-08
  6.08000000000000091E+03  5.53992463952856208E-09  2.11728439804303000E-08
  6.10000000000000091E+03  2.74986987628126068E-09  1.86065867725844715E-08
  6.12000000000000091E+03 -5.34682625342398250E-10  1.69475114429612666E-08
  6.14000000000000091E+03 -4.02145392331199363E-09  1.62915242119886447E-08
  6.16000000000000091E+03 -7.40654383883880808E-09  1.66427733179195786E-08
  6.18000000000000091E+03 -1.04019000410124128E-08  1.79154061888527179E-08
  6.20000000000000091E+03 -1.27607470605710544E-08  1.99433701607808038E-08
  6.22000000000000091E+03 -1.42987182839194508E-08  2.24971403750608202E-08
  6.24000000000000091E+03 -1.49089145010267319E-08  2.53057491273138309E-08
  6.26000000000000091E+03 -1.45696873430609915E-08  2.80820125316019244E-08
  6.28000000000000091E+03 -1.33446036264210594E-08  3.05486137780723854E-08
  6.30000000000000091E+03 -1.13748012103131295E-08  3.24627168026079152E-08
  6.32000000000000091E+03 -8.86456280729935927E-09  3.36369036950599875E-08
  6.34000000000000091E+03 -6.06158980048882144E-09  3.39546925266049458E-08
  6.36000000000000091E+03 -3.23382606034616352E-09  3.33793258227319542E-08
  6.38000000000000091E+03 -6.45017461961847387E-10  3.19552406694304614E-08
  6.40000000000000091E+03  1.46880803083151021E-09  2.98022203258751461E-08
  6.42000000000000091E+03  2.91983195526828855E-09  2.71029457283477497E-08
  6.44000000000000091E+03  3.58416421694804510E-09  2.40851925323767330E-08
  6.46000000000000091E+03  3.41147780784294070E-09  2.10003994870555658E-08
  6.48000000000000091E+03  2.42784389539367825E-09  1.81006042522548925E-08
  6.50000000000000091E+03  7.31664504310580366E-10  1.56158475844842821E-08
  6.52000000000000091E+03 -1.51677903126562731E-09  1.37340604791607927E-08
  6.54000000000000091E+03 -4.11107698470334361E-09  1.25851743019327001E-08
  6.56000000000000091E+03 -6.81822143118389234E-09  1.22307846962374760E-08
  6.58000000000000091E+03 -9.40007359466839588E-09  1.26601668240914095E-08
  6.60000000000000091E+03 -1.16348138769456738E-08  1.37928566596279667E-08
  6.62000000000000091E+03 -1.33364458853658276E-08  1.54874209852662426E-08
  6.64000000000000091E+03 -1.43706617654622562E-08  1.75554896643965182E-08
  6.66000000000000091E+03 -1.46657217822971084E-08  1.97796802295090229E-08
  6.68000000000000091E+03 -1.42174928374082960E-08  2.19337181741981018E-08
  6.70000000000000091E+03 -1.30883191136234085E-08  2.38029079150515308E-08
  6.72000000000000091E+03 -1.13999670562245802E-08  2.52031085891003426E-08
  6.74000000000000091E+03 -9.32140480016459857E-09  2.59965531739235755E-08
  6.76000000000000091E+03 -7.05262605412022991E-09  2.61031611494296224E-08
  6.78000000000000091E+03 -4.80605275688495554E-09  2.55064339386432258E-08
  6.80000000000000091E+03 -2.78723545218547837E-09  2.42535235240140378E-08
  6.82000000000000091E+03 -1.17659427847729802E-09  2.24495979880150530E-08
  6.84000000000000091E+03 -1.13812581536931701E-10  2.02471334641050735E-08
  6.86000000000000091E+03  3.13778297652974999E-10  1.78312047394951248E-08
  6.88000000000000091E+03  7.78700188039758011E-11  1.54021783671527523E-08
  6.90000000000000091E+03 -7.89583763653738115E-10  1.31574176055640725E-08
  6.92000000000000091E+03 -2.20055398224646224E-09  1.12736574077124142E-08
  6.94000000000000091E+03 -4.02005263089034032E-09  9.89161586108021100E-09
  6.96000000000000091E+03 -6.07925755621904783E-09  9.10416917632939893E-09
  6.98000000000000091E+03 -8.19137993460142232E-09  8.94907383341078774E-09
  7.00000000000000091E+03 -1.01687964022963290E-08  9.40678606887365423E-09
  7.02000000000000091E+03 -1.18398812881984031E-08  1.04034647298105270E-08
  7.04000000000000091E+03 -1.30640400862195862E-08  1.18187734774821920E-08
  7.06000000000000091E+03 -1.37436354086234424E-08  1.34976798315673413E-08
  7.08000000000000091E+03 -1.38318048883868839E-08  1.52651058109632156E-08
  7.10000000000000091E+03 -1.33355607749100851E-08  1.69420558604799541E-08
  7.12000000000000091E+03 -1.23139944954767152E-08  1.83617443609932565E-08
  7.14000000000000091E+03 -1.08718545435376403E-08  1.93842777977024820E-08
  7.16000000000000091E+03 -9.14917198776430464E-09  1.99086070791779369E-08
  7.18000000000000091E+03 -7.30794966442389459E-09  1.98807384456781878E-08
  7.20000000000000091E+03 -5.51717029411274008E-09  1.92975482465473854E-08
  7.22000000000000091E+03 -3.93750371392916238E-09  1.82059551769008623E-08
  7.24000000000000091E+03 -2.70708963687302366E-09  1.66976250329870575E-08
  7.26000000000000091E+03 -1.92964677133819060E-09  1.48997794283408094E-08
  7.28000000000000091E+03 -1.66592364107719001E-09  1.29630168793852749E-08
  7.30000000000000091E+03 -1.92918503131176289E-09  1.10473026691843029E-08
  7.32000000000000091E+03 -2.68505147232122398E-09  9.30742321822812533E-09
  7.34000000000000091E+03 -3.85561230015057789E-09  7.87922014319036843E-09
  7.36000000000000091E+03 -5.32735154501373530E-09  6.86782158984695362E-09
  7.38000000000000091E+03 -6.96209381739681831E-09  6.33888221933460340E-09
  7.40000000000000091E+03 -8.60992436907242800E-09  6.31355226332888386E-09
  7.42000000000000091E+03 -1.01228822981126894E-08  6.76754577749720136E-09
  7.44000000000000091E+03 -1.13681829964324660E-08  7.63430278216007626E-09
  7.46000000000000091E+03 -1.22397947343703519E-08  8.81187305913871439E-09
  7.48000000000000091E+03 -1.26673668795330268E-08  1.01728237332949804E-08
  7.50000000000000091E+03 -1.26217665636652881E-08  1.15762164653925500E-08
  7.52000000000000091E+03 -1.21168007962248581E-08  1.28805356605747825E-08
  7.54000000000000091E+03 -1.12070513232172348E-08  1.39563874738534152E-08
  7.56000000000000091E+03 -9.98210111058952860E-09  1.46978356766472000E-08
  7.58000000000000091E+03 -8.55774709083296282E-09  1.50313879281209648E-08
  7.60000000000000091E+03 -7.06505344696806002E-09  1.49218766788244525E-08
  7.62000000000000091E+03 -5.63827207778903470E-09  1.43747755755960933E-08
  7.64000000000000091E+03 -4.40273988751251049E-09  1.34348207292179829E-08
  7.66000000000000091E+03 -3.46383712169535412E-09  1.21811409777918883E-08
  7.68000000000000182E+03 -2.89797516657711313E-09  1.07194101519541505E-08
  7.70000000000000182E+03 -2.74637753086351549E-09  9.17179003163370296E-09
  7.72000000000000182E+03 -3.01215143688637760E-09  7.66561455020931574E-09
  7.74000000000000182E+03 -3.66084129565957689E-09  6.32185767444105752E-09
  7.76000000000000182E+03 -4.62433860276184207E-09  5.24442444668228045E-09
  7.78000000000000182E+03 -5.80772476109657637E-09  4.51120773864759365E-09
  7.80000000000000182E+03 -7.09836889027408173E-09  4.16767456344300777E-09
  7.82000000000000182E+03 -8.37641538569349450E-09  4.22350182641870895E-09
  7.84000000000000182E+03 -9.52569005991205402E-09  4.65249641158889665E-09
  7.86000000000000182E+03 -1.04440370746144930E-08  5.39573460479025727E-09
  7.88000000000000182E+03 -1.10521717152741816E-08  6.36756810097326565E-09
  7.90000000000000182E+03 -1.13002871881778511E-08  7.46389475033882830E-09
  7.92000000000000182E+03 -1.11718717651128929E-08  8.57190130681169725E-09
  7.94000000000000182E+03 -1.06844552576822797E-08  9.58037188027770787E-09
  7.96000000000000182E+03 -9.88728506286503104E-09  1.03896238122543614E-08
  7.98000000000000182E+03 -8.85620851540672726E-09  1.09201879793785957E-08
  8.00000000000000182E+03 -7.68628199636016115E-09  1.11194820239841035E-08
  8.02000000000000182E+03 -6.48282111096287456E-09  1.09659223762720417E-08
  8.04000000000000182E+03 -5.35172915929140159E-09  1.04701632060487710E-08
  8.06000000000000182E+03 -4.38998873489429697E-09  9.67341505475577479E-09
  8.08000000000000182E+03 -3.67716588454301146E-09  8.64305995841990466E-09
  8.10000000000000182E+03 -3.26866713751803312E-09  7.46601695773088635E-09
  8.12000000000000182E+03 -3.19131571345328076E-09  6.24050465632814545E-09
  8.14000000000000182E+03 -3.44159205824086185E-09  5.06697630083034775E-09
  8.16000000000000182E+03 -3.98663636902171495E-09  4.03906012108992008E-09
  8.18000000000000182E+03 -4.76786198363645828E-09  3.23531824183054694E-09
  8.20000000000000182E+03 -5.70679498705213137E-09  2.71254557716471340E-09
  8.22000000000000182E+03 -6.71256615609188425E-09  2.50117535744268454E-09
  8.24000000000000182E+03 -7.69034438619102234E-09  2.60315565204894395E-09
  8.26000000000000182E+03 -8.54993299904400481E-09  2.99243128087415753E-09
  8.28000000000000182E+03 -9.21375295848470304E-09  3.61792738922720102E-09
  8.30000000000000182E+03 -9.62350998386981592E-09  4.40870974642764029E-09
  8.32000000000000182E+03 -9.74497690169733639E-09  5.28080727037168174E-09
  8.34000000000000182E+03 -9.57050501505953228E-09  6.14504586425216759E-09
  8.36000000000000182E+03 -9.11909121661088329E-09  6.91516608187340416E-09
  8.38000000000000182E+03 -8.43405183648571714E-09  7.51548866456936131E-09
  8.40000000000000182E+03 -7.57856740898546180E-09  7.88745020931134980E-09
  8.42000000000000182E+03 -6.62954894782209362E-09  7.99444776835968557E-09
  8.44000000000000182E+03 -5.67041589717355185E-09  7.82459769173440904E-09
  8.46000000000000182E+03 -4.78346065018769322E-09  7.39120944716662887E-09
  8.48000000000000182E+03 -4.04249544274528507E-09  6.73098688304434591E-09
  8.50000000000000182E+03 -3.50643621997241214E-09  5.90017233509204500E-09
  8.52000000000000182E+03 -3.21437747511763981E-09  4.96902961440211943E-09
  8.54000000000000182E+03 -3.18256560765958488E-09  4.01520181657836180E-09
  8.56000000000000182E+03 -3.40349707614834794E-09  3.11656797284021932E-09
  8.58000000000000182E+03 -3.84717130577841458E-09  2.34425309246026133E-09
  8.60000000000000182E+03 -4.46433350919727803E-09  1.75641597121458596E-09
  8.62000000000000182E+03 -5.19136731100542092E-09  1.39335457610718948E-09
  8.64000000000000182E+03 -5.95635697536040648E-09  1.27433632506254233E-09
  8.66000000000000182E+03 -6.68574486963450083E-09  1.39639580714212987E-09
  8.68000000000000182E+03 -7.31097143864404691E-09  1.73515925631268675E-09
  8.70000000000000182E+03 -7.77449936015587063E-09  2.24757067980921664E-09
  8.72000000000000182E+03 -8.03469697945262664E-09  2.87622715856795873E-09
  8.74000000000000182E+03 -8.06916877940488709E-09  3.55489229597179195E-09
  8.76000000000000182E+03 -7.87627308435858691E-09  4.21466223364341649E-09
  8.78000000000000182E+03 -7.47473621341326572E-09  4.79021272204925876E-09
  8.80000000000000182E+03 -6.90144614987678897E-09  5.22556309939757889E-09
  8.82000000000000182E+03 -6.20767141666454643E-09  5.47885097741448050E-09
  8.84000000000000182E+03 -5.45408571819185772E-09  5.52571357906108979E-09
  8.86000000000000182E+03 -4.70507772049461454E-09  5.36100794248690631E-09
  8.88000000000000182E+03 -4.02287682334247221E-09  4.99875851714643145E-09
  8.90000000000000182E+03 -3.46202897387941839E-09  4.47038416254052927E-09
  8.92000000000000182E+03 -3.06471054028972723E-09  3.82140945363266517E-09
  8.94000000000000182E+03 -2.85728053974873128E-09  3.10699783405738188E-09
  8.96000000000000182E+03 -2.84834828155820994E-09  2.38673961774878488E-09
  8.98000000000000182E+03 -3.02848963106538129E-09  1.71918556870311010E-09
  9.00000000000000182E+03 -3.37159298117032240E-09  1.15662487211894770E-09
  9.02000000000000182E+03 -3.83766856639780057E-09  7.40571198074417241E-10
  9.04000000000000182E+03 -4.37682754694179056E-09  4.98344417917283295E-10
  9.06000000000000182E+03 -4.93403977901656611E-09  4.41024744573979740E-10
  9.08000000000000182E+03 -5.45421900394930260E-09  5.62925646662170199E-10
  9.10000000000000182E+03 -5.88716773319393053E-09  8.42589402989344705E-10
  9.12000000000000182E+03 -6.19193968694572005E-09  1.24517220681317489E-09
  9.14000000000000182E+03 -6.34024272806178180E-09  1.72596350664711813E-09
  9.16000000000000182E+03 -6.31860314987770905E-09  2.23468906305766550E-09
  9.18000000000000182E+03 -6.12913185309670580E-09  2.72018646669309950E-09
  9.20000000000000182E+03 -5.78886477168490834E-09  3.13502041760890334E-09
  9.22000000000000182E+03 -5.32777933201819837E-09  3.43962251171538727E-09
  9.24000000000000182E+03 -4.78570566244270334E-09  3.60559668593837525E-09
  9.26000000000000182E+03 -4.20844576433956073E-09  3.61791688556250839E-09
  9.28000000000000182E+03 -3.64347496389341155E-09  3.47585264294526996E-09
  9.30000000000000182E+03 -3.13562764541165885E-09  3.19257854239855604E-09
  9.32000000000000182E+03 -2.72315773503832770E-09  2.79354388572985381E-09
  9.34000000000000182E+03 -2.43451853713142500E-09  2.31378952600937788E-09
  9.36000000000000182E+03 -2.28613037731926550E-09  1.79448785902465547E-09
  9.38000000000000182E+03 -2.28130646570931784E-09  1.27904435725108707E-09
  9.40000000000000182E+03 -2.41039625539565603E-09  8.09127536976127718E-10
  9.42000000000000182E+03 -2.65209358657497736E-09  4.20989079203732727E-10
  9.44000000000000182E+03 -2.97575197248088058E-09  1.42397670405497798E-10
  9.46000000000000182E+03 -3.34446344257860473E-09 -9.55655067648510151E-12
  9.48000000000000182E+03 -3.71859541789551503E-09 -2.96177432172343594E-11
  9.50000000000000182E+03 -4.05944922475886097E-09  7.55883893095144689E-11
  9.52000000000000182E+03 -4.33270349111182812E-09  2.88581311130011429E-10
  9.54000000000000182E+03 -4.51133754071737906E-09  5.82995011997850306E-10
  9.56000000000000182E+03 -4.57778772531423213E-09  9.26277258699586594E-10
  9.58000000000000182E+03 -4.52516832675001503E-09  1.28284702360113052E-09
  9.60000000000000182E+03 -4.35748061489405190E-09  1.61740627392216004E-09
  9.62000000000000182E+03 -4.08882848759728468E-09  1.89809894753305497E-09
  9.64000000000000182E+03 -3.74175011411597308E-09  2.09923581955644784E-09
  9.66000000000000182E+03 -3.34485118021839798E-09  2.20335354642046952E-09
  9.68000000000000182E+03 -2.92998320739613209E-09  2.20244659089581994E-09
  9.70000000000000182E+03 -2.52924228174524694E-09  2.09829230969164687E-09
  9.72000000000000182E+03 -2.17206997101077128E-09  1.90187605920707074E-09
  9.74000000000000182E+03 -1.88271670919288380E-09  1.63200602659921951E-09
  9.76000000000000182E+03 -1.67828609111871541E-09  1.31327736280507685E-09
  9.78000000000000182E+03 -1.56751319200007830E-09  9.73600321806102759E-10
  9.80000000000000182E+03 -1.55035902229110479E-09  6.41536735314527335E-10
  9.82000000000000182E+03 -1.61842188876976201E-09  3.43698014275156064E-10
  9.84000000000000182E+03 -1.75609195806433711E-09  1.02440490953664486E-10
  9.86000000000000182E+03 -1.94230919410259539E-09 -6.59432742499609888E-11
  9.88000000000000182E+03 -2.15273472848660281E-09 -1.52393838255267351E-10
  9.90000000000000182E+03 -2.36211595221684989E-09 -1.55536831235652744E-10
  9.92000000000000182E+03 -2.54661713289294826E-09 -8.14103362265235464E-11
  9.94000000000000182E+03 -2.68590162253921554E-09  5.74717514048775538E-11
  9.96000000000000182E+03 -2.76478414648798274E-09  2.43600729537431928E-10
  9.98000000000000182E+03 -2.77432205435000369E-09  4.56333101481501747E-10
