# OCT iter         41;   J_T =   9.081251971854E-06;   pulse_id =          2                                                                                                                                                                                   
#             freq. [MHz]     Re(ampl) [arb.units]     Im(ampl) [arb.units]                                                                                                                                                                                    
 -9.98000000000000182E+03  3.68977335290170637E-10  8.35037422039689073E-11
 -9.96000000000000182E+03  3.86869532639827557E-10 -1.48025316857306442E-11
 -9.94000000000000182E+03  3.67952613387749839E-10 -1.16698788700491226E-10
 -9.92000000000000182E+03  3.11805624918769760E-10 -2.10631707500602996E-10
 -9.90000000000000182E+03  2.21704152464569305E-10 -2.85179739483172871E-10
 -9.88000000000000182E+03  1.04485778646488189E-10 -3.30208372454138603E-10
 -9.86000000000000182E+03 -2.99510420601026246E-11 -3.37952030572271416E-10
 -9.84000000000000182E+03 -1.69479876845286251E-10 -3.03909348105502440E-10
 -9.82000000000000182E+03 -3.00841809294464739E-10 -2.27454316120496909E-10
 -9.80000000000000182E+03 -4.10904650860744170E-10 -1.12089302040408208E-10
 -9.78000000000000182E+03 -4.87967154252643934E-10  3.47002688234049854E-11
 -9.76000000000000182E+03 -5.22979859007432673E-10  2.01992406182300136E-10
 -9.74000000000000182E+03 -5.10558136864721638E-10  3.76338217508510691E-10
 -9.72000000000000182E+03 -4.49677982610873894E-10  5.42960507297052778E-10
 -9.70000000000000182E+03 -3.43973536538834474E-10  6.87134327300287041E-10
 -9.68000000000000182E+03 -2.01590672088500053E-10  7.95621460372472274E-10
 -9.66000000000000182E+03 -3.45928093946483546E-11  8.58020100447579190E-10
 -9.64000000000000182E+03  1.42039115365832046E-10  8.67894440823093117E-10
 -9.62000000000000182E+03  3.11732001181116136E-10  8.23565118480965374E-10
 -9.60000000000000182E+03  4.57853511661960531E-10  7.28470714420868259E-10
 -9.58000000000000182E+03  5.65311815938551595E-10  5.91048426080893611E-10
 -9.56000000000000182E+03  6.22069068829948781E-10  4.24127673005877436E-10
 -9.54000000000000182E+03  6.20418914016834465E-10  2.43876833803441217E-10
 -9.52000000000000182E+03  5.57895546015219562E-10  6.83884917168255913E-11
 -9.50000000000000182E+03  4.37713535555994682E-10 -8.39736916519883212E-11
 -9.48000000000000182E+03  2.68678735456122637E-10 -1.96315954091212280E-10
 -9.46000000000000182E+03  6.45603909612798766E-11 -2.54879148189043032E-10
 -9.44000000000000182E+03 -1.57034432678170021E-10 -2.50464844827593645E-10
 -9.42000000000000182E+03 -3.76193373678380615E-10 -1.79477787266272547E-10
 -9.40000000000000182E+03 -5.72505654115278121E-10 -4.44718481682536837E-11
 -9.38000000000000182E+03 -7.26979690257511944E-10  1.45869854387850787E-10
 -9.36000000000000182E+03 -8.23892577687860979E-10  3.77337794826290119E-10
 -9.34000000000000182E+03 -8.52392110659656149E-10  6.31344176076950074E-10
 -9.32000000000000182E+03 -8.07691478444695107E-10  8.86525332170491651E-10
 -9.30000000000000182E+03 -6.91728937145106245E-10  1.12066080766714535E-09
 -9.28000000000000182E+03 -5.13213049535428246E-10  1.31273803371071100E-09
 -9.26000000000000182E+03 -2.87029014975879151E-10  1.44497077126149215E-09
 -9.24000000000000182E+03 -3.30424124258490384E-11  1.50457952203248422E-09
 -9.22000000000000182E+03  2.25605697009130912E-10  1.48515748809425306E-09
 -9.20000000000000182E+03  4.64566715093758210E-10  1.38748013913932566E-09
 -9.18000000000000182E+03  6.60531465439761168E-10  1.21966460784883324E-09
 -9.16000000000000182E+03  7.93449897670005772E-10  9.96644027145612442E-10
 -9.14000000000000182E+03  8.48512542861440397E-10  7.38984701868010619E-10
 -9.12000000000000182E+03  8.17701231728594666E-10  4.71138349244529412E-10
 -9.10000000000000182E+03  7.00748845976167223E-10  2.19275933533998997E-10
 -9.08000000000000182E+03  5.05401414362356894E-10  8.89484095442685802E-12
 -9.06000000000000182E+03  2.46936846116342983E-10 -1.37583289334202536E-10
 -9.04000000000000182E+03 -5.30359588210156918E-11 -2.02998351116463316E-10
 -9.02000000000000182E+03 -3.68405780255888572E-10 -1.77210507851515791E-10
 -9.00000000000000182E+03 -6.70862159713390090E-10 -5.82542671458629938E-11
 -8.98000000000000182E+03 -9.32470549309699329E-10  1.47237206403030056E-10
 -8.96000000000000182E+03 -1.12828622542758132E-09  4.24398215483890693E-10
 -8.94000000000000182E+03 -1.23876339942183386E-09  7.51275316955046269E-10
 -8.92000000000000182E+03 -1.25172887393302266E-09  1.10066543468868677E-09
 -8.90000000000000182E+03 -1.16372313182727328E-09  1.44249532518245380E-09
 -8.88000000000000182E+03 -9.80567254402828878E-10  1.74653535855773043E-09
 -8.86000000000000182E+03 -7.17080798559436442E-10  1.98520308274225821E-09
 -8.84000000000000182E+03 -3.95954198621788222E-10  2.13619878172097581E-09
 -8.82000000000000182E+03 -4.58584634716602805E-11  2.18472171069900923E-09
 -8.80000000000000182E+03  3.01052673579671987E-10  2.12505021275678838E-09
 -8.78000000000000182E+03  6.12031445217346907E-10  1.96132095035945619E-09
 -8.76000000000000182E+03  8.56756799729581692E-10  1.70741371538820114E-09
 -8.74000000000000182E+03  1.01021021456592022E-09  1.38592859418785467E-09
 -8.72000000000000182E+03  1.05513479783996066E-09  1.02632679847204017E-09
 -8.70000000000000182E+03  9.83838827959602626E-10  6.62385705639860828E-10
 -8.68000000000000182E+03  7.99158962062341570E-10  3.29186742146398583E-10
 -8.66000000000000182E+03  5.14472291928629758E-10  5.99035484907608816E-11
 -8.64000000000000182E+03  1.52731908000293715E-10 -1.17316815695784179E-10
 -8.62000000000000182E+03 -2.55409379953444082E-10 -1.82087792024262325E-10
 -8.60000000000000182E+03 -6.74236338302749121E-10 -1.23869308775316358E-10
 -8.58000000000000182E+03 -1.06614346471542653E-09  5.68043195899903450E-11
 -8.56000000000000182E+03 -1.39506269131701829E-09  3.48089551728800962E-10
 -8.54000000000000182E+03 -1.62983411667460417E-09  7.27639075626363077E-10
 -8.52000000000000182E+03 -1.74720722429215110E-09  1.16439870161743405E-09
 -8.50000000000000182E+03 -1.73418511628732861E-09  1.62125417170911203E-09
 -8.48000000000000182E+03 -1.58947913037274726E-09  2.05830431400140369E-09
 -8.46000000000000182E+03 -1.32391717843604565E-09  2.43647287666219013E-09
 -8.44000000000000182E+03 -9.59743256314255329E-10  2.72113393474485029E-09
 -8.42000000000000182E+03 -5.28845379945938975E-10  2.88541552901646973E-09
 -8.40000000000000182E+03 -7.00505447958012418E-11  2.91286900704009551E-09
 -8.38000000000000182E+03  3.74286099571213046E-10  2.79924145188009963E-09
 -8.36000000000000182E+03  7.62099659851620362E-10  2.55316640979341921E-09
 -8.34000000000000182E+03  1.05549835947911574E-09  2.19568251809097392E-09
 -8.32000000000000182E+03  1.22435441138412857E-09  1.75859672725219743E-09
 -8.30000000000000182E+03  1.24926419539112828E-09  1.28181523836324936E-09
 -8.28000000000000182E+03  1.12359018992717570E-09  8.09863939924118802E-10
 -8.26000000000000182E+03  8.54374535156641492E-10  3.87899907758068332E-10
 -8.24000000000000182E+03  4.62013933395128570E-10  5.75697639712960128E-11
 -8.22000000000000182E+03 -2.13033142766075493E-11 -1.46906914450001300E-10
 -8.20000000000000182E+03 -5.54282365261676996E-10 -2.02062869005141179E-10
 -8.18000000000000182E+03 -1.09010802288618013E-09 -9.75968482220891481E-11
 -8.16000000000000182E+03 -1.58062196675006626E-09  1.62368105773726820E-10
 -8.14000000000000182E+03 -1.98072036033430433E-09  5.59324321275409003E-10
 -8.12000000000000182E+03 -2.25257159004978393E-09  1.06174407065194905E-09
 -8.10000000000000182E+03 -2.36926211773721071E-09  1.62767370087883904E-09
 -8.08000000000000182E+03 -2.31752132815647085E-09  2.20834721453228171E-09
 -8.06000000000000182E+03 -2.09925475412396439E-09  2.75251015051960559E-09
 -8.04000000000000182E+03 -1.73171596848717758E-09  3.21107231047792832E-09
 -8.02000000000000182E+03 -1.24627248214633844E-09  3.54166863164290656E-09
 -8.00000000000000182E+03 -6.85845747349126179E-10  3.71270679587499412E-09
 -7.98000000000000182E+03 -1.01231952670630385E-10  3.70651746090911161E-09
 -7.96000000000000182E+03  4.53383923738824500E-10  3.52129708225596064E-09
 -7.94000000000000182E+03  9.25326288302998922E-10  3.17163709478430025E-09
 -7.92000000000000182E+03  1.26829862262906424E-09  2.68755906579040958E-09
 -7.90000000000000182E+03  1.44677634885712231E-09  2.11211019937028241E-09
 -7.88000000000000182E+03  1.43950923057850449E-09  1.49770807829273305E-09
 -7.86000000000000182E+03  1.24179111273348481E-09  9.01541977642939644E-10
 -7.84000000000000182E+03  8.66262081501343799E-10  3.80432018132330455E-10
 -7.82000000000000182E+03  3.42136013768158135E-10 -1.43937565090958738E-11
 -7.80000000000000182E+03 -2.87109559819141104E-10 -2.42126510016331062E-10
 -7.78000000000000182E+03 -9.67403912547480369E-10 -2.76356169506770000E-10
 -7.76000000000000182E+03 -1.63880639442432863E-09 -1.07818506732073815E-10
 -7.74000000000000182E+03 -2.24087281921536220E-09  2.54369331548257098E-10
 -7.72000000000000182E+03 -2.71818633386190578E-09  7.83132551940716005E-10
 -7.70000000000000182E+03 -3.02554933235461208E-09  1.43551922401822655E-09
 -7.68000000000000182E+03 -3.13235249981657788E-09  2.15628398505252617E-09
 -7.66000000000000182E+03 -3.02570261323984379E-09  2.88267916637840314E-09
 -7.64000000000000182E+03 -2.71199480681678316E-09  3.55004072223164952E-09
 -7.62000000000000182E+03 -2.21675140554633354E-09  4.09767427685866377E-09
 -7.60000000000000182E+03 -1.58270423360400354E-09  4.47450774374050241E-09
 -7.58000000000000182E+03 -8.66257753994869669E-10  4.64398743169850675E-09
 -7.56000000000000182E+03 -1.32621963438675184E-10  4.58775133583666078E-09
 -7.54000000000000182E+03  5.49967821098113099E-10  4.30771645556630947E-09
 -7.52000000000000182E+03  1.11643445531875191E-09  3.82635333221690553E-09
 -7.50000000000000182E+03  1.51088859347757242E-09  3.18508269872883966E-09
 -7.48000000000000182E+03  1.69194784367331102E-09  2.44090026601914355E-09
 -7.46000000000000182E+03  1.63684345850285170E-09  1.66149931374984208E-09
 -7.44000000000000182E+03  1.34391205186582995E-09  9.19305659512862485E-10
 -7.42000000000000182E+03  8.33208905676768719E-10  2.84947231977820794E-10
 -7.40000000000000182E+03  1.45146157123613983E-10 -1.79255560887473348E-10
 -7.38000000000000182E+03 -6.62762273920471290E-10 -4.25182012350938843E-10
 -7.36000000000000182E+03 -1.52079218208760087E-09 -4.23632283734281892E-10
 -7.34000000000000182E+03 -2.35312458241918934E-09 -1.67419601465968259E-10
 -7.32000000000000182E+03 -3.08465207489656348E-09  3.27485540559772206E-10
 -7.30000000000000182E+03 -3.64786802303240236E-09  1.02290691455977814E-09
 -7.28000000000000182E+03 -3.98921018764074310E-09  1.86146833237478859E-09
 -7.26000000000000182E+03 -4.07426606968098446E-09  2.77142374454630298E-09
 -7.24000000000000182E+03 -3.89133957740842837E-09  3.67290949960120478E-09
 -7.22000000000000182E+03 -3.45301688045780217E-09  4.48507709560041481E-09
 -7.20000000000000182E+03 -2.79554478988092289E-09  5.13347338823371303E-09
 -7.18000000000000182E+03 -1.97603173711673474E-09  5.55699764806126134E-09
 -7.16000000000000182E+03 -1.06767888131294900E-09  5.71378932541744018E-09
 -7.14000000000000182E+03 -1.53436649328897881E-10  5.58548488512552153E-09
 -7.12000000000000182E+03  6.81369715185517139E-10  5.17941700418929195E-09
 -7.10000000000000182E+03  1.35679117017839460E-09  4.52851137850580209E-09
 -7.08000000000000182E+03  1.80568431396377700E-09  3.68883825649449289E-09
 -7.06000000000000182E+03  1.98013092637164883E-09  2.73499279526569085E-09
 -7.04000000000000182E+03  1.85624058110831251E-09  1.75367783812931427E-09
 -7.02000000000000182E+03  1.43686091431536740E-09  8.36037727983871706E-10
 -7.00000000000000182E+03  7.51902726746910534E-10  6.94163533043710965E-11
 -6.98000000000000182E+03 -1.43801384044435013E-10 -4.70719274082572928E-10
 -6.96000000000000182E+03 -1.17496373703472641E-09 -7.27946754124847124E-10
 -6.94000000000000182E+03 -2.25227518962871986E-09 -6.70473417192154535E-10
 -6.92000000000000182E+03 -3.28026183537220647E-09 -2.94590321219832281E-10
 -6.90000000000000182E+03 -4.16587678840946037E-09  3.74363851133735066E-10
 -6.88000000000000182E+03 -4.82705904951674763E-09  1.28367718398059195E-09
 -6.86000000000000182E+03 -5.20047677429425325E-09  2.35747638251593644E-09
 -6.84000000000000182E+03 -5.24772845297384867E-09  3.50315427558752650E-09
 -6.82000000000000182E+03 -4.95940433492354621E-09  4.61946577464789638E-09
 -6.80000000000000182E+03 -4.35658626007519985E-09  5.60559950944753542E-09
 -6.78000000000000182E+03 -3.48959734142811137E-09  6.37040462153905530E-09
 -6.76000000000000182E+03 -2.43405016595173302E-09  6.84094853590617577E-09
 -6.74000000000000182E+03 -1.28449913613303750E-09  6.96958908320772262E-09
 -6.72000000000000182E+03 -1.46221438072556202E-10  6.73890480233650672E-09
 -6.70000000000000182E+03  8.74165243230875019E-10  6.16395768848796071E-09
 -6.68000000000000182E+03  1.67841149178350089E-09  5.29165356848336642E-09
 -6.66000000000000182E+03  2.18580392211872236E-09  4.19715802218133802E-09
 -6.64000000000000182E+03  2.34092448978586503E-09  2.97766918321956250E-09
 -6.62000000000000182E+03  2.11928729196056214E-09  1.74401436855257733E-09
 -6.60000000000000182E+03  1.53025787593786647E-09  6.10834938215664228E-10
 -6.58000000000000182E+03  6.16968907516138639E-10 -3.13822067717326160E-10
 -6.56000000000000182E+03 -5.46875827522105007E-10 -9.38520743596324846E-10
 -6.54000000000000182E+03 -1.86303078024617690E-09 -1.19718467143985273E-09
 -6.52000000000000182E+03 -3.21714759048179261E-09 -1.05570136934188713E-09
 -6.50000000000000182E+03 -4.48883838119159813E-09 -5.15780365908163170E-10
 -6.48000000000000182E+03 -5.56255550144597342E-09  3.84403064657736538E-10
 -6.46000000000000182E+03 -6.33823554898352164E-09  1.57284973389154485E-09
 -6.44000000000000182E+03 -6.74081118503717537E-09  2.94956791642356842E-09
 -6.42000000000000182E+03 -6.72761608962307296E-09  4.39505004919173872E-09
 -6.40000000000000182E+03 -6.29303956684682262E-09  5.78077974842633592E-09
 -6.38000000000000182E+03 -5.46986754679326096E-09  6.98074250931472743E-09
 -6.36000000000000182E+03 -4.32718319328298916E-09  7.88303538380421046E-09
 -6.34000000000000182E+03 -2.96487468416267857E-09  8.40039081113323193E-09
 -6.32000000000000182E+03 -1.50523586048544317E-09  8.47874778050059848E-09
 -6.30000000000000182E+03 -8.22980368588381910E-11  8.10294491397978461E-09
 -6.28000000000000182E+03  1.17012071367583632E-09  7.29900997941766973E-09
 -6.26000000000000182E+03  2.13066202177669634E-09  6.13275107939195007E-09
 -6.24000000000000182E+03  2.70177072836928623E-09  4.70463179171991532E-09
 -6.22000000000000182E+03  2.81918822436726051E-09  3.14145157867864654E-09
 -6.20000000000000182E+03  2.45855517781269155E-09  1.58529532782925305E-09
 -6.18000000000000182E+03  1.63861027809825945E-09  1.80996309605446943E-10
 -6.16000000000000182E+03  4.20438538889751366E-10 -9.37138748829014325E-10
 -6.14000000000000091E+03 -1.09706837872641962E-09 -1.65774857793157188E-09
 -6.12000000000000091E+03 -2.78539443627906363E-09 -1.90323105239658478E-09
 -6.10000000000000091E+03 -4.49740964109470295E-09 -1.63755401349107325E-09
 -6.08000000000000091E+03 -6.08037249341115418E-09 -8.70583943333142974E-10
 -6.06000000000000091E+03 -7.38976182253138378E-09  3.41749874484169234E-10
 -6.04000000000000091E+03 -8.30261914921075736E-09  1.90148113904522269E-09
 -6.02000000000000091E+03 -8.72936734148574103E-09  3.67652422422092712E-09
 -6.00000000000000091E+03 -8.62267731476611714E-09  5.51197938277888799E-09
 -5.98000000000000091E+03 -7.98292796259040239E-09  7.24369621272470811E-09
 -5.96000000000000091E+03 -6.85917682767938204E-09  8.71307671071209776E-09
 -5.94000000000000091E+03 -5.34598305256727572E-09  9.78172239814681138E-09
 -5.92000000000000091E+03 -3.57576287185410532E-09  1.03444852924523019E-08
 -5.90000000000000091E+03 -1.70768193144004716E-09  1.03400407725210833E-08
 -5.88000000000000091E+03  8.62371260070940037E-11  9.75731246708885212E-09
 -5.86000000000000091E+03  1.63656334532192866E-09  8.63801962423072141E-09
 -5.84000000000000091E+03  2.79186174780047759E-09  7.07378572751777826E-09
 -5.82000000000000091E+03  3.43314616869982467E-09  5.19936836789844631E-09
 -5.80000000000000091E+03  3.48529920110211281E-09  3.18104594049408036E-09
 -5.78000000000000091E+03  2.92526839558439334E-09  1.20247827280399598E-09
 -5.76000000000000091E+03  1.78519353773732991E-09 -5.51802383700792154E-10
 -5.74000000000000091E+03  1.51065462965102465E-10 -1.91324118928423651E-09
 -5.72000000000000091E+03 -1.84396708823275184E-09 -2.74485681039831355E-09
 -5.70000000000000091E+03 -4.03046914660974420E-09 -2.95493871775271966E-09
 -5.68000000000000091E+03 -6.21732903146945709E-09 -2.50598173787901292E-09
 -5.66000000000000091E+03 -8.20866550466305385E-09 -1.42017170433038418E-09
 -5.64000000000000091E+03 -9.82157123806340327E-09  2.21915047963512112E-10
 -5.62000000000000091E+03 -1.09031258704131430E-08  2.28645480908656619E-09
 -5.60000000000000091E+03 -1.13452104179777442E-08  4.59790714113870715E-09
 -5.58000000000000091E+03 -1.10952714336536281E-08  6.95354064144243912E-09
 -5.56000000000000091E+03 -1.01629684672141617E-08  9.14147501096005690E-09
 -5.54000000000000091E+03 -8.62020871218247861E-09  1.09598775055133714E-08
 -5.52000000000000091E+03 -6.59709078587491937E-09  1.22353246291603857E-08
 -5.50000000000000091E+03 -4.27038579197935577E-09  1.28399129907324850E-08
 -5.48000000000000091E+03 -1.84989792349880941E-09  1.27034853915799107E-08
 -5.46000000000000091E+03  4.41175737312930474E-10  1.18220976121027835E-08
 -5.44000000000000091E+03  2.38503755206192626E-09  1.02597600481624193E-08
 -5.42000000000000091E+03  3.79024270961251366E-09  8.14427032100017698E-09
 -5.40000000000000091E+03  4.50945087875257045E-09  5.65783949182484520E-09
 -5.38000000000000091E+03  4.45370425257002591E-09  3.02058239655328838E-09
 -5.36000000000000091E+03  3.60333138401605012E-09  4.73318362585175584E-10
 -5.34000000000000091E+03  2.00928510693764102E-09 -1.74631495145878106E-09
 -5.32000000000000091E+03 -2.06320939341341376E-10 -3.42295431095963831E-09
 -5.30000000000000091E+03 -2.86366917246015728E-09 -4.38640645571987541E-09
 -5.28000000000000091E+03 -5.73536592629545848E-09 -4.52625054345855142E-09
 -5.26000000000000091E+03 -8.57071082223748179E-09 -3.80475805923506519E-09
 -5.24000000000000091E+03 -1.11138136571586994E-08 -2.26231838530346966E-09
 -5.22000000000000091E+03 -1.31295378930644387E-08 -1.43184263587749564E-11
 -5.20000000000000091E+03 -1.44250190966835778E-08  2.75434577465605789E-09
 -5.18000000000000091E+03 -1.48660296558467550E-08  5.80855547851328448E-09
 -5.16000000000000091E+03 -1.43965618916669949E-08  8.87811431865848993E-09
 -5.14000000000000091E+03 -1.30369602651221993E-08  1.16863364401989306E-08
 -5.12000000000000091E+03 -1.08962396723057407E-08  1.39713862591453962E-08
 -5.10000000000000091E+03 -8.15053707829317369E-09  1.55122271488265010E-08
 -5.08000000000000091E+03 -5.04340745628129036E-09  1.61513848060894989E-08
 -5.06000000000000091E+03 -1.85234352918064973E-09  1.58059492799570479E-08
 -5.04000000000000091E+03  1.12586068775144894E-09  1.44862363644615274E-08
 -5.02000000000000091E+03  3.60628269966736308E-09  1.22849576137978261E-08
 -5.00000000000000091E+03  5.34385250639853887E-09  9.38600611503797555E-09
 -4.98000000000000091E+03  6.14882419870654136E-09  6.03437952495275171E-09
 -4.96000000000000091E+03  5.91893574794169187E-09  2.53028894451647210E-09
 -4.94000000000000091E+03  4.63524982800307140E-09 -8.08258545053024335E-10
 -4.92000000000000091E+03  2.38120201861813224E-09 -3.66767481657642722E-09
 -4.90000000000000091E+03 -6.71365249679986738E-10 -5.76703775647905270E-09
 -4.88000000000000091E+03 -4.27648085901191105E-09 -6.89309540748017514E-09
 -4.86000000000000091E+03 -8.11865492345865419E-09 -6.90510704307604895E-09
 -4.84000000000000091E+03 -1.18725432251924421E-08 -5.77419057683839823E-09
 -4.82000000000000091E+03 -1.51819389656470571E-08 -3.55791420394233687E-09
 -4.80000000000000091E+03 -1.77569855536596316E-08 -4.34612895750921109E-10
 -4.78000000000000091E+03 -1.93269787462495902E-08  3.35111672520275820E-09
 -4.76000000000000091E+03 -1.97437934376253011E-08  7.46303543605597581E-09
 -4.74000000000000091E+03 -1.89273405118995348E-08  1.15509793139843141E-08
 -4.72000000000000091E+03 -1.69309820244919796E-08  1.52282571067238964E-08
 -4.70000000000000091E+03 -1.39084248243451175E-08  1.81655660954043840E-08
 -4.68000000000000091E+03 -1.01050286151570269E-08  2.00563006758298083E-08
 -4.66000000000000091E+03 -5.86921336175040549E-09  2.07199290600383075E-08
 -4.64000000000000091E+03 -1.55849553106138966E-09  2.00379720634768491E-08
 -4.62000000000000091E+03  2.39402780356723291E-09  1.80625530575071091E-08
 -4.60000000000000091E+03  5.64861856078816548E-09  1.49062453705294243E-08
 -4.58000000000000091E+03  7.82689264723222313E-09  1.08650408436749806E-08
 -4.56000000000000091E+03  8.75056265139447808E-09  6.23390386148659616E-09
 -4.54000000000000091E+03  8.20824232559759136E-09  1.49228891387386954E-09
 -4.52000000000000091E+03  6.29667314364766576E-09 -3.02249941174682959E-09
 -4.50000000000000091E+03  3.00878332953485460E-09 -6.74935336359313169E-09
 -4.48000000000000091E+03 -1.23994668631904129E-09 -9.50747117143666268E-09
 -4.46000000000000091E+03 -6.30856177208387332E-09 -1.07532427910140459E-08
 -4.44000000000000091E+03 -1.15115250670143168E-08 -1.06569857654629458E-08
 -4.42000000000000091E+03 -1.66909193942734231E-08 -8.75456755821966390E-09
 -4.40000000000000091E+03 -2.10262593897391214E-08 -5.67746011780175105E-09
 -4.38000000000000091E+03 -2.45002480905967653E-08 -1.05950103098764285E-09
 -4.36000000000000091E+03 -2.63398922092347122E-08  4.05304853831702069E-09
 -4.34000000000000091E+03 -2.67963969782116670E-08  9.93034752191770726E-09
 -4.32000000000000091E+03 -2.53073538594780148E-08  1.53422170085441626E-08
 -4.30000000000000091E+03 -2.24521986565086602E-08  2.04541771944257549E-08
 -4.28000000000000091E+03 -1.79465588312744782E-08  2.42184053203211119E-08
 -4.26000000000000091E+03 -1.26849793000353843E-08  2.66727938402423803E-08
 -4.24000000000000091E+03 -6.57772954234070463E-09  2.73140067579027713E-08
 -4.22000000000000091E+03 -7.71795575380433493E-10  2.60644328180317863E-08
 -4.20000000000000091E+03  4.85945960312254805E-09  2.31236876938992093E-08
 -4.18000000000000091E+03  9.00408074933816537E-09  1.84328298399961007E-08
 -4.16000000000000091E+03  1.21199168129695884E-08  1.26802487554664172E-08
 -4.14000000000000091E+03  1.28451485289729518E-08  6.13028728566625525E-09
 -4.12000000000000091E+03  1.21684703450014952E-08 -6.31257610361004421E-10
 -4.10000000000000091E+03  8.85724595721472653E-09 -6.64005299110691233E-09
 -4.08000000000000091E+03  4.36582434681293707E-09 -1.21161161951404311E-08
 -4.06000000000000091E+03 -2.12940293384464505E-09 -1.52450299244143779E-08
 -4.04000000000000091E+03 -9.12341509616799483E-09 -1.73654978175750868E-08
 -4.02000000000000091E+03 -1.66772487441654022E-08 -1.62830527732281617E-08
 -4.00000000000000091E+03 -2.39030591833585039E-08 -1.38862606447083955E-08
 -3.98000000000000091E+03 -2.98174486696165219E-08 -8.88442651681935520E-09
 -3.96000000000000091E+03 -3.47687706217988047E-08 -2.18755832867889914E-09
 -3.94000000000000091E+03 -3.67520847170099132E-08  4.84378794068631982E-09
 -3.92000000000000091E+03 -3.75430983797667840E-08  1.41260529865906021E-08
 -3.90000000000000091E+03 -3.45993034719949137E-08  2.04169004652704380E-08
 -3.88000000000000091E+03 -3.06933743652060595E-08  2.94073125469818391E-08
 -3.86000000000000091E+03 -2.35585275664177188E-08  3.24243656122932510E-08
 -3.84000000000000091E+03 -1.61115121057619224E-08  3.79096915973893263E-08
 -3.82000000000000091E+03 -7.06023525801116622E-09  3.63518861167802639E-08
 -3.80000000000000091E+03  1.32158765390536851E-09  3.59690097407028522E-08
 -3.78000000000000091E+03  9.20660917116256693E-09  3.01958162236847341E-08
 -3.76000000000000091E+03  1.53250885484885301E-08  2.35643854849886246E-08
 -3.74000000000000091E+03  1.91452319377534097E-08  1.53687973053777858E-08
 -3.72000000000000091E+03  2.04264346693524107E-08  4.56414882954490855E-09
 -3.70000000000000091E+03  1.84359489393581195E-08 -3.45230786486611249E-09
 -3.68000000000000091E+03  1.39869746084513307E-08 -1.44979515881396706E-08
 -3.66000000000000091E+03  6.30786804961895538E-09 -1.96648380570426322E-08
 -3.64000000000000091E+03 -2.67454304474324186E-09 -2.66487032707693089E-08
 -3.62000000000000091E+03 -1.38509051847474138E-08 -2.69988889938461767E-08
 -3.60000000000000091E+03 -2.44427623674711485E-08 -2.69152697961891092E-08
 -3.58000000000000091E+03 -3.54393980229096720E-08 -2.19169621977663855E-08
 -3.56000000000000091E+03 -4.38716081934784037E-08 -1.42309273852337129E-08
 -3.54000000000000091E+03 -5.08729386872360476E-08 -5.14376705635241355E-09
 -3.52000000000000091E+03 -5.36574777557655030E-08  7.81319439533903178E-09
 -3.50000000000000091E+03 -5.42425100065255359E-08  1.83126732564220409E-08
 -3.48000000000000091E+03 -4.94095033972483019E-08  3.18384493210992826E-08
 -3.46000000000000091E+03 -4.34798077336127120E-08  4.06111317229612065E-08
 -3.44000000000000091E+03 -3.16133377192646097E-08  4.91367963485788597E-08
 -3.42000000000000091E+03 -2.13954092393493676E-08  5.35643920276236320E-08
 -3.40000000000000091E+03 -5.84402651701127892E-09  5.28388100610135764E-08
 -3.38000000000000091E+03  4.84604608718393886E-09  5.15717323308211591E-08
 -3.36000000000000091E+03  1.88740643754122199E-08  4.05088423461402636E-08
 -3.34000000000000091E+03  2.59781554461101238E-08  3.39997424623088196E-08
 -3.32000000000000091E+03  3.29647643703020475E-08  1.53801127130896342E-08
 -3.30000000000000091E+03  3.38954152924472737E-08  5.74841360180101530E-09
 -3.28000000000000091E+03  2.98359731661664614E-08 -1.40555061757618396E-08
 -3.26000000000000091E+03  2.43614898295426757E-08 -2.43210615265631100E-08
 -3.24000000000000091E+03  9.17660700854850682E-09 -3.65897133199456820E-08
 -3.22000000000000091E+03 -1.78558682637156229E-09 -4.59210960465255897E-08
 -3.20000000000000091E+03 -2.18811734174740596E-08 -4.29490645986784834E-08
 -3.18000000000000091E+03 -3.83623366610203208E-08 -4.98656980289064495E-08
 -3.16000000000000091E+03 -5.15227236957836921E-08 -3.03631096337391227E-08
 -3.14000000000000091E+03 -7.40790202017089098E-08 -3.10444164418135667E-08
 -3.12000000000000091E+03 -6.89032442180634475E-08 -3.93188828518732360E-09
 -3.10000000000000091E+03 -9.46826407634016316E-08  8.37356610352766068E-09
 -3.08000000000000091E+03 -6.89014661015549745E-08  2.57970200789051514E-08
 -3.06000000000000091E+03 -8.82618560690829288E-08  5.76461273659052858E-08
 -3.04000000000000091E+03 -5.31211736151865385E-08  4.74965528092114980E-08
 -3.02000000000000091E+03 -5.21011495403972288E-08  9.90400051705496443E-08
 -3.00000000000000091E+03 -2.71945871710807207E-08  5.49872936792985915E-08
 -2.98000000000000091E+03  2.43936617069159881E-09  1.11568921639692506E-07
 -2.96000000000000091E+03  3.50386613179807863E-09  5.13838392774514557E-08
 -2.94000000000000091E+03  5.10973805586940510E-08  7.90423554091310001E-08
 -2.92000000000000091E+03  3.53017495519381994E-08  4.49367252649238105E-08
 -2.90000000000000091E+03  6.77049009615517928E-08  3.86437828494051326E-09
 -2.88000000000000091E+03  6.14176378799374190E-08  3.73081023531023121E-08
 -2.86000000000000091E+03  4.14102498627835992E-08 -8.37634358226300174E-08
 -2.84000000000000091E+03  6.73745770053276589E-08  1.86741322032645061E-08
 -2.82000000000000091E+03 -1.49592116927846142E-08 -1.37314786452293704E-07
 -2.80000000000000091E+03  3.85881862453116943E-08 -1.91685889991398570E-08
 -2.78000000000000091E+03 -7.57284769204765745E-08 -1.25266145065876295E-07
 -2.76000000000000091E+03 -2.24308375657079955E-08 -6.23408099926148665E-08
 -2.74000000000000091E+03 -1.21615648584404918E-07 -5.75517419664857272E-08
 -2.72000000000000091E+03 -8.81684451719149306E-08 -7.35651212270865416E-08
 -2.70000000000000091E+03 -1.47539477507888888E-07  2.24547499573151854E-08
 -2.68000000000000091E+03 -1.21030739238180635E-07 -2.52861182150504257E-08
 -2.66000000000000091E+03 -1.52053007623844494E-07  7.97777789130370931E-08
 -2.64000000000000091E+03 -1.03102150898588382E-07  6.26957983632139642E-08
 -2.62000000000000091E+03 -1.22908723961146450E-07  1.11505649597739838E-07
 -2.60000000000000091E+03 -5.39200249426481010E-08  1.40255333025573405E-07
 -2.58000000000000091E+03 -4.07816408941746307E-08  1.13873563641965180E-07
 -2.56000000000000091E+03 -1.84062215347735966E-08  1.86476458240950832E-07
 -2.54000000000000091E+03  1.00086506624429813E-07  5.30415253288700612E-08
 -2.52000000000000091E+03 -4.05832440917554183E-08  2.22501374989643353E-07
 -2.50000000000000091E+03  2.83231154495394346E-07 -9.86813119317422889E-08
 -2.48000000000000091E+03 -1.52224178061186812E-07  2.68210780723482883E-07
 -2.46000000000000091E+03  4.86400842529888458E-07 -3.21948679750343521E-07
 -2.44000000000000091E+03 -3.76905980285321864E-07  3.32950893202871416E-07
 -2.42000000000000091E+03  7.05264228821371437E-07 -5.80945149523606654E-07
 -2.40000000000000091E+03 -7.34312620976335323E-07  4.57656065359335467E-07
 -2.38000000000000091E+03  9.68638296631500474E-07 -8.68599262346488891E-07
 -2.36000000000000091E+03 -1.23184366397425698E-06  6.95107861928951044E-07
 -2.34000000000000091E+03  1.31000750345908038E-06 -1.15192290457866285E-06
 -2.32000000000000091E+03 -1.81568681115892620E-06  9.91333413914815399E-07
 -2.30000000000000000E+03  1.70106552559611690E-06 -1.27725697119015012E-06
 -2.28000000000000000E+03 -2.35449845944109123E-06  1.13638067039043837E-06
 -2.26000000000000000E+03  2.10936475237239773E-06 -1.04894432072810981E-06
 -2.24000000000000000E+03 -2.86921670774407623E-06  9.71985026427441697E-07
 -2.22000000000000000E+03  2.85328970826895308E-06 -5.59703468345901041E-07
 -2.20000000000000000E+03 -4.00548610915905026E-06  8.19374518524337153E-07
 -2.18000000000000000E+03  5.01173961173337428E-06 -6.31905104960256503E-07
 -2.16000000000000000E+03 -7.24682616631929167E-06  1.89069222103587355E-06
 -2.14000000000000000E+03  1.02263157680858936E-05 -3.00967740187628336E-06
 -2.12000000000000000E+03 -1.41575923713221488E-05  6.13121497270565843E-06
 -2.10000000000000000E+03  1.93032528568490942E-05 -9.56472088985987985E-06
 -2.08000000000000000E+03 -2.43624302090366025E-05  1.46838228857668509E-05
 -2.06000000000000000E+03  2.98741391877679386E-05 -1.99585267560137682E-05
 -2.04000000000000000E+03 -3.33316439178823156E-05  2.50592324590246807E-05
 -2.02000000000000000E+03  3.51081424114927309E-05 -2.89318931275838201E-05
 -2.00000000000000000E+03 -3.27645217821136505E-05  2.95287734429565104E-05
 -1.98000000000000000E+03  2.65879717993114135E-05 -2.69707489839085524E-05
 -1.96000000000000000E+03 -1.62277917397825565E-05  1.88722407659001079E-05
 -1.94000000000000000E+03  2.28486833633710667E-06 -7.29347643874928281E-06
 -1.92000000000000000E+03  1.22453090294981095E-05 -8.42710300795581206E-06
 -1.90000000000000000E+03 -2.68798384091204002E-05  2.44975738499230001E-05
 -1.88000000000000000E+03  3.64613232451840329E-05 -3.88592905493645988E-05
 -1.86000000000000000E+03 -4.23519973458150536E-05  4.85091298610358372E-05
 -1.84000000000000000E+03  4.06218795611860335E-05 -5.02433397325380746E-05
 -1.82000000000000000E+03 -3.56179141954540942E-05  4.60685054745184024E-05
 -1.80000000000000000E+03  2.72700483567989472E-05 -3.39606470875236061E-05
 -1.78000000000000000E+03 -1.97854844552159449E-05  2.18556795806508981E-05
 -1.76000000000000000E+03  1.52002188213639202E-05 -8.18603937920121678E-06
 -1.74000000000000000E+03 -1.15512106823236056E-05  1.63354140300984534E-06
 -1.72000000000000000E+03  1.13016282349722948E-05  2.53516268960775880E-06
 -1.70000000000000000E+03 -5.22292221471712341E-06 -1.74389711663518054E-06
 -1.68000000000000000E+03  5.99334378049948904E-07  1.42622271626427304E-06
 -1.66000000000000000E+03  1.17057636699694013E-05 -4.33181543689975340E-06
 -1.64000000000000000E+03 -1.58967270236138220E-05  5.65966181920887482E-06
 -1.62000000000000000E+03  1.81177181511791556E-05 -1.03191700159686656E-05
 -1.60000000000000000E+03 -5.80913049623116342E-06  5.84797579777505361E-08
 -1.58000000000000000E+03 -1.15764372223329258E-05  8.17871671205267930E-06
 -1.56000000000000000E+03  2.71561194275936238E-05 -3.31715695534939381E-05
 -1.54000000000000000E+03 -3.71351710022431775E-05  3.78933064171803165E-05
 -1.52000000000000000E+03  2.03753078144309510E-05 -4.10696118835502527E-05
 -1.50000000000000000E+03 -7.99104374527823846E-06  1.27766827657505949E-05
 -1.48000000000000000E+03 -2.91802569855154705E-05  1.35041403036323103E-05
 -1.46000000000000000E+03  2.23086775363722017E-05 -3.13229243012970497E-05
 -1.44000000000000000E+03 -3.30841199697241340E-05  3.07240456269907103E-05
 -1.42000000000000000E+03 -1.05742514941764541E-05  1.34067908386285536E-05
 -1.40000000000000000E+03  1.06803511762107606E-05 -1.32084548269845649E-05
 -1.38000000000000000E+03 -1.99245456290872179E-05  4.91413701797036926E-05
 -1.36000000000000000E+03 -2.99389022442304547E-06  3.42520829068648349E-05
 -1.34000000000000000E+03  6.09637289389192139E-05 -5.74404481356154665E-06
 -1.32000000000000000E+03  7.69456850153505882E-06  6.16453751093917328E-05
 -1.30000000000000000E+03  7.76536405890621657E-05 -3.13507871424182995E-05
 -1.28000000000000000E+03  6.46705396264697998E-05 -4.96600358737162178E-05
 -1.26000000000000000E+03 -1.20068789552564580E-05 -1.13491930258437083E-04
 -1.24000000000000000E+03 -7.46053747229033363E-05 -8.78712267249835203E-06
 -1.22000000000000000E+03 -8.57153934313235189E-05 -3.28591314188879366E-05
 -1.20000000000000000E+03  2.82301133514245388E-05  9.82997811657986611E-05
 -1.18000000000000000E+03 -5.97905498624212424E-05  5.87712089456515458E-06
 -1.16000000000000000E+03  9.35995360134033773E-05  3.98022124875144573E-05
 -1.14000000000000000E+03 -3.55312534315209201E-06 -1.10323503666929833E-05
 -1.12000000000000000E+03  1.51335743271424362E-05 -2.71918005808971767E-05
 -1.10000000000000000E+03  7.02774574028828679E-05  6.85629360367274424E-05
 -1.08000000000000000E+03 -5.01168216893515351E-05 -1.94224009984235229E-04
 -1.06000000000000000E+03  1.04232002779322387E-04  1.95733546675178315E-04
 -1.04000000000000000E+03 -1.02950780868459041E-04 -2.57013548390291999E-04
 -1.02000000000000000E+03  1.39270821880755578E-04  3.74821414273608075E-05
 -1.00000000000000000E+03 -2.18157795758371325E-04  1.24358987150174352E-04
 -9.80000000000000000E+02  2.61135700521357731E-04 -5.57772539754930420E-04
 -9.60000000000000000E+02 -4.22558413132065520E-04  7.38312571010044019E-04
 -9.40000000000000000E+02  3.50524731174066070E-04 -9.26134156727046712E-04
 -9.20000000000000000E+02 -4.09680149615735973E-04  6.29064109907386286E-04
 -9.00000000000000000E+02  1.00395206677170484E-06 -1.99050572923994772E-04
 -8.80000000000000000E+02  1.10386522200032236E-04 -4.51178538986268156E-04
 -8.60000000000000000E+02 -6.72995078303494131E-04  9.71265095511288242E-04
 -8.40000000000000000E+02  5.27345575871988360E-04 -1.11334856734149877E-03
 -8.20000000000000000E+02 -7.80547467707859237E-04  1.18444839897822616E-03
 -8.00000000000000000E+02  2.67760097805590854E-04 -6.25308681320428227E-04
 -7.80000000000000000E+02 -4.18966807085073144E-04  5.98508319981414828E-04
 -7.60000000000000000E+02 -2.46600607302903791E-05  4.62976393013831420E-04
 -7.40000000000000000E+02  1.65987176300429206E-04 -1.10606781814419049E-04
 -7.20000000000000000E+02 -5.93524217188654869E-04  9.95336100455068186E-04
 -7.00000000000000000E+02  1.14787397073683444E-03  1.01013448969565121E-03
 -6.80000000000000000E+02  2.53376364798759215E-04 -5.67241540747442929E-04
 -6.60000000000000000E+02  6.10058471450991655E-04  2.19515650388898932E-03
 -6.40000000000000000E+02  3.54605196159291569E-03  2.21728330178037013E-04
 -6.20000000000000000E+02  3.24116512652496266E-03 -4.35651055546998171E-03
 -6.00000000000000000E+02 -2.57433666394818114E-03 -4.14954204230330494E-03
 -5.80000000000000000E+02 -3.59975751863786993E-03 -3.98604632636301792E-04
 -5.60000000000000000E+02 -1.68523056819094440E-03  1.25129864634019564E-03
 -5.40000000000000000E+02 -5.15935457403515698E-04  1.19441568399494000E-03
 -5.20000000000000000E+02 -9.51206941886113632E-05  5.68131773377741878E-04
 -5.00000000000000000E+02 -2.63530459711679849E-04  6.39419932432297835E-04
 -4.80000000000000000E+02  6.30968546871535233E-04  5.10438980241677319E-04
 -4.60000000000000000E+02 -7.44625880917439750E-04  1.52856449470917477E-04
 -4.40000000000000000E+02  1.40683236883124571E-03  3.85735162137698835E-04
 -4.20000000000000000E+02 -1.01208480401535983E-03  7.08220215439469181E-05
 -4.00000000000000000E+02  7.87665837863930798E-04 -6.01282861896797538E-06
 -3.80000000000000000E+02  5.36865392152701348E-04  2.55512788481032584E-04
 -3.60000000000000000E+02 -1.19335037658528653E-03 -1.41177669110087656E-04
 -3.40000000000000000E+02  1.76329750560598767E-03 -1.54032716236292895E-04
 -3.20000000000000000E+02 -9.61406058918315366E-04  4.97713152790737958E-04
 -3.00000000000000000E+02 -1.05343250849177473E-04 -8.13426315444316841E-04
 -2.80000000000000000E+02  1.42774334413746070E-03  6.12922812074353411E-04
 -2.60000000000000000E+02 -1.80959164678376320E-03 -2.32990085983037968E-04
 -2.40000000000000000E+02  1.32790437940425105E-03 -5.34055012194179662E-04
 -2.20000000000000000E+02  1.31993386467537803E-04  9.82533603151375477E-04
 -2.00000000000000000E+02 -1.80615345978422503E-03 -1.16895546241226403E-03
 -1.80000000000000000E+02  2.58114309579068110E-03  5.15653340734156525E-04
 -1.60000000000000000E+02 -1.29285759227084685E-03  4.82401606352681259E-04
 -1.40000000000000000E+02 -1.92594423332972031E-03 -1.43737368419672145E-03
 -1.20000000000000000E+02  4.56482850864018287E-03  1.42098377747324400E-03
 -1.00000000000000000E+02 -4.42362537030977550E-03 -6.67345075957852816E-04
 -8.00000000000000000E+01  3.18472589445061884E-03 -5.90432035398715928E-05
 -6.00000000000000000E+01 -1.63197290774484902E-02 -2.36286209222013162E-04
 -4.00000000000000000E+01  8.40653510885270849E-02  1.16025297538115309E-03
 -2.00000000000000000E+01 -2.18711605077249849E-01 -8.78228481561906882E-04
  0.00000000000000000E+00  2.97580264032392738E-01 -7.28382746282197680E-04
  2.00000000000000036E+01 -2.14480976608250523E-01  9.22981917206058952E-04
  4.00000000000000071E+01  8.11918186016012122E-02  4.62376136324972435E-04
  6.00000000000000142E+01 -1.69514276159283099E-02 -8.46216272404630540E-04
  8.00000000000000142E+01  5.62362550870991029E-03 -1.69661733283676768E-04
  1.00000000000000014E+02 -8.01695967679869059E-03  1.33882302145255463E-03
  1.20000000000000028E+02  1.20781384191279914E-02 -1.63067926352189300E-03
  1.40000000000000028E+02 -1.67449265844855123E-02  1.03752447146248294E-03
  1.60000000000000028E+02  2.13494054523855267E-02 -1.73588146275269829E-04
  1.80000000000000028E+02 -2.45006798708272897E-02 -2.78820241649129299E-04
  2.00000000000000028E+02  2.48388010992789746E-02  2.87831811253374864E-04
  2.20000000000000028E+02 -2.23547884199869311E-02 -3.85790789299300511E-04
  2.40000000000000057E+02  1.86634528327627412E-02  1.08229545223343694E-03
  2.60000000000000057E+02 -1.60619895708361965E-02 -2.30223289741659284E-03
  2.80000000000000057E+02  1.58359635525038046E-02  3.38692545272415357E-03
  3.00000000000000057E+02 -1.73897178167019481E-02 -3.66019279622164162E-03
  3.20000000000000057E+02  1.86896732706808670E-02  2.88891191425877511E-03
  3.40000000000000057E+02 -1.77620425324507523E-02 -1.44044884062669454E-03
  3.60000000000000057E+02  1.38621115672248503E-02 -6.97971256210559932E-05
  3.80000000000000057E+02 -7.82749831663224691E-03  1.12015254118153786E-03
  4.00000000000000057E+02  1.34864234389244419E-03 -1.53683316797840661E-03
  4.20000000000000057E+02  3.91346115460978160E-03  1.43032810423333488E-03
  4.40000000000000057E+02 -7.07972630359506895E-03 -1.04761566528841594E-03
  4.60000000000000057E+02  8.10815209259476213E-03  6.09376083259681174E-04
  4.80000000000000114E+02 -7.58108809570507206E-03 -2.37180665093275107E-04
  5.00000000000000114E+02  6.23540476950307839E-03 -2.66051245479901263E-05
  5.20000000000000114E+02 -4.70320146943021666E-03  1.93579992978775903E-04
  5.40000000000000114E+02  3.33838749253709613E-03 -2.69342649674188847E-04
  5.60000000000000114E+02 -2.25978349380516474E-03  2.72718402343854224E-04
  5.80000000000000114E+02  1.44133207714480446E-03 -2.30455754742109185E-04
  6.00000000000000114E+02 -8.46818181762005128E-04  1.76686242129945361E-04
  6.20000000000000114E+02  4.49431066538606575E-04 -9.68301355876009947E-05
  6.40000000000000114E+02 -1.87546397885207986E-04 -3.22596128294670202E-05
  6.60000000000000114E+02 -1.27946309879510674E-05  1.74949788008954023E-04
  6.80000000000000114E+02  1.65062265611754704E-04 -2.61415574428718598E-04
  7.00000000000000114E+02 -2.28830459228072849E-04  2.63178578686788409E-04
  7.20000000000000114E+02  1.80126775721052568E-04 -2.21544353928716879E-04
  7.40000000000000114E+02 -5.41859811885090939E-05  1.83200039730273956E-04
  7.60000000000000114E+02 -8.80899014836452769E-05 -1.73242507318497208E-04
  7.80000000000000114E+02  1.88612380248321223E-04  1.77559304629002781E-04
  8.00000000000000114E+02 -2.31178505371771058E-04 -1.78219203878399862E-04
  8.20000000000000114E+02  2.17674609657217806E-04  1.59202502355450991E-04
  8.40000000000000114E+02 -1.72622781126913953E-04 -1.18975165379110612E-04
  8.60000000000000114E+02  1.08698085986295648E-04  6.09588776450256255E-05
  8.80000000000000114E+02 -4.39416857967633498E-05  7.42744376767510503E-06
  9.00000000000000114E+02 -1.69317745052647600E-05 -7.37960028064676467E-05
  9.20000000000000114E+02  6.31574750724678340E-05  1.25674859731411893E-04
  9.40000000000000114E+02 -9.32287603052272737E-05 -1.48594739562498882E-04
  9.60000000000000227E+02  1.03859996825406936E-04  1.39225606446605291E-04
  9.80000000000000227E+02 -9.91966941789220851E-05 -1.00904578170729820E-04
  1.00000000000000023E+03  8.38062481597049065E-05  4.94862874679781396E-05
  1.02000000000000023E+03 -6.41452831320161537E-05 -1.04862856437811706E-06
  1.04000000000000023E+03  4.55480703649271265E-05 -3.01563663323623540E-05
  1.06000000000000023E+03 -3.10543971642067597E-05  3.88524967208548234E-05
  1.08000000000000023E+03  2.20637690648828311E-05 -2.85626597879025679E-05
  1.10000000000000023E+03 -1.77690532613713219E-05  7.04533751347008226E-06
  1.12000000000000023E+03  1.61459002046756326E-05  1.44529558712719493E-05
  1.14000000000000023E+03 -1.55275249958464266E-05 -3.00663140634022715E-05
  1.16000000000000023E+03  1.32068247404598541E-05  3.48931883942702018E-05
  1.18000000000000023E+03 -9.76120395493210086E-06 -3.15702031060714487E-05
  1.20000000000000023E+03  3.68285664539974713E-06  2.17241630379071299E-05
  1.22000000000000023E+03  1.92208559344984811E-06 -1.05008408584804829E-05
  1.24000000000000023E+03 -7.92171993920414290E-06  6.92417617808148881E-08
  1.26000000000000023E+03  1.06566474639812560E-05  6.84529823869002701E-06
  1.28000000000000023E+03 -1.18597624844378722E-05 -9.96825925117450363E-06
  1.30000000000000023E+03  9.60510981670945254E-06  1.02860592932001371E-05
  1.32000000000000023E+03 -7.00618305362807004E-06 -8.90852034585387859E-06
  1.34000000000000023E+03  3.60158929632634113E-06  7.73513449629641034E-06
  1.36000000000000023E+03 -1.54545421377044856E-06 -6.36926521046498547E-06
  1.38000000000000023E+03 -6.13493492108141899E-08  5.52458637110959782E-06
  1.40000000000000023E+03  7.80043047864696156E-07 -4.11262354203813287E-06
  1.42000000000000023E+03 -1.16447809258562457E-06  2.87308749324507577E-06
  1.44000000000000023E+03  1.07655013444459377E-06 -1.60450622669942643E-06
  1.46000000000000023E+03 -4.14718116390809030E-07  8.94724663117444382E-07
  1.48000000000000023E+03 -6.02610377122749697E-07 -8.79279733311210023E-07
  1.50000000000000023E+03  1.77580187159402814E-06  1.10802358236542697E-06
  1.52000000000000023E+03 -2.68214865204005703E-06 -1.79753254414623330E-06
  1.54000000000000023E+03  2.94580855855110986E-06  1.89577175929194797E-06
  1.56000000000000023E+03 -2.84142555211135176E-06 -2.10757347574964488E-06
  1.58000000000000023E+03  2.01481239568589036E-06  1.47320309800035189E-06
  1.60000000000000023E+03 -1.45243819396803818E-06 -1.07034185690700346E-06
  1.62000000000000023E+03  4.31120252451541485E-07  2.18945246676051246E-07
  1.64000000000000023E+03 -2.06343367426770157E-07  1.25111453500190601E-07
  1.66000000000000023E+03 -3.67199773230223161E-07 -3.89163604164908761E-07
  1.68000000000000023E+03 -9.11917960594663432E-09  1.48014448674878452E-07
  1.70000000000000023E+03  1.94754722075630933E-08  3.66039188875875140E-07
  1.72000000000000023E+03 -7.69779339479343713E-07 -9.65658172790829577E-07
  1.74000000000000023E+03  1.01894468247047151E-06  1.66715302198860545E-06
  1.76000000000000023E+03 -1.55114762560813528E-06 -1.98018805996345222E-06
  1.78000000000000023E+03  1.51369213122035641E-06  2.24737945771105259E-06
  1.80000000000000023E+03 -1.45181693677778847E-06 -2.04004837979046788E-06
  1.82000000000000023E+03  1.06546355222489162E-06  1.86092429055882476E-06
  1.84000000000000023E+03 -6.92542014776783826E-07 -1.47616480552456588E-06
  1.86000000000000023E+03  3.86579124845533391E-07  1.21102796234484567E-06
  1.88000000000000023E+03 -2.28692504413921360E-07 -1.03352157946486075E-06
  1.90000000000000023E+03  2.91651536779969174E-07  8.87220713246501535E-07
  1.92000000000000045E+03 -4.91282330130330760E-07 -9.69773415013319839E-07
  1.94000000000000045E+03  7.37550009567059722E-07  8.79996051055420321E-07
  1.96000000000000045E+03 -1.03387922640718186E-06 -1.05278205643352864E-06
  1.98000000000000045E+03  1.10223615140516843E-06  9.07305455571389653E-07
  2.00000000000000045E+03 -1.24356503670844253E-06 -1.02049676257471177E-06
  2.02000000000000045E+03  1.00111872505730039E-06  8.05490424807955133E-07
  2.04000000000000045E+03 -9.90842770042393192E-07 -8.11733516155239883E-07
  2.06000000000000045E+03  5.84018890996839996E-07  5.86833557911338742E-07
  2.08000000000000045E+03 -5.71004699875558598E-07 -5.01933196059366999E-07
  2.10000000000000045E+03  2.08333529985175819E-07  3.29145035790812295E-07
  2.12000000000000045E+03 -2.83989445146118255E-07 -1.93419679720738450E-07
  2.14000000000000045E+03  6.56867312199261240E-08  1.07326698620008207E-07
  2.16000000000000045E+03 -2.03619927400277826E-07  2.72821372690273947E-08
  2.18000000000000045E+03  1.14637963260497620E-07 -2.45666271663027343E-08
  2.20000000000000045E+03 -2.38544029924274485E-07  1.13533096602531533E-07
  2.22000000000000045E+03  2.20926392775329300E-07 -5.54851299802264115E-08
  2.24000000000000045E+03 -2.82386713153043836E-07  8.10843367726422269E-08
  2.26000000000000045E+03  2.86346183979156102E-07 -2.28881237995878847E-08
  2.28000000000000045E+03 -2.85724183682783703E-07 -7.72740851533536590E-09
  2.30000000000000045E+03  2.77308569630362909E-07  1.88812498117806160E-08
  2.32000000000000045E+03 -2.45287746601608563E-07 -8.74790226716959616E-08
  2.34000000000000045E+03  2.03933471236893270E-07  3.41294104029217136E-08
  2.36000000000000045E+03 -1.81608235015037164E-07 -1.21198574810628122E-07
  2.38000000000000045E+03  1.02971320789094834E-07  1.85718501425869432E-08
  2.40000000000000045E+03 -1.25153828042523749E-07 -1.07096134349910877E-07
  2.42000000000000045E+03  1.74571835502889178E-08 -9.19343341454214868E-09
  2.44000000000000045E+03 -9.59764048526398769E-08 -6.62501677282532503E-08
  2.46000000000000045E+03 -2.90001224680557399E-08 -2.70641965488313317E-08
  2.48000000000000045E+03 -9.01938561194272257E-08 -2.30548479290851326E-08
  2.50000000000000045E+03 -3.93540928453580115E-08 -2.52464667639704111E-08
  2.52000000000000045E+03 -8.97663927234923354E-08  7.46732572130641190E-09
  2.54000000000000045E+03 -2.89862130785628889E-08 -8.78111050920219224E-09
  2.56000000000000045E+03 -8.08729902576631898E-08  2.10862096152332208E-08
  2.58000000000000045E+03 -1.17831432428733730E-08  9.80324244584358007E-09
  2.60000000000000045E+03 -6.12162664133696368E-08  2.02599151868679885E-08
  2.62000000000000045E+03  3.33744863891445369E-09  1.92736030726664340E-08
  2.64000000000000045E+03 -3.67118197278789465E-08  9.93233376801571966E-09
  2.66000000000000045E+03  1.15949608781840937E-08  1.51008341190850047E-08
  2.68000000000000045E+03 -1.61826991674085976E-08 -4.96838161574427315E-09
  2.70000000000000045E+03  1.17704681723816264E-08  2.14157075279509122E-10
  2.72000000000000045E+03 -6.64398448274111126E-09 -2.01233639434999323E-08
  2.74000000000000045E+03  4.81491199504373280E-09 -1.81205882668427067E-08
  2.76000000000000045E+03 -9.51605176048336259E-09 -3.15262468444179112E-08
  2.78000000000000045E+03 -7.80463345723335617E-09 -3.24627189424428778E-08
  2.80000000000000045E+03 -2.01825420842975749E-08 -3.60321386708371164E-08
  2.82000000000000045E+03 -2.39507078267956061E-08 -3.78884233270141959E-08
  2.84000000000000045E+03 -3.15683652965695836E-08 -3.25985602454682671E-08
  2.86000000000000045E+03 -3.95672296232264374E-08 -3.31555170988631883E-08
  2.88000000000000045E+03 -3.85038027731876967E-08 -2.27061829019087478E-08
  2.90000000000000045E+03 -4.91681145472892662E-08 -2.08050816097767152E-08
  2.92000000000000045E+03 -3.93000403196878175E-08 -9.69427360592310637E-09
  2.94000000000000045E+03 -4.87860023566189016E-08 -5.97584340256572955E-09
  2.96000000000000045E+03 -3.45682489999431947E-08  2.32800171781164534E-09
  2.98000000000000045E+03 -3.86887538797135766E-08  5.76349860558597898E-09
  3.00000000000000045E+03 -2.58825238998377565E-08  9.66774059945648706E-09
  3.02000000000000045E+03 -2.32710209417715278E-08  1.05415963823322358E-08
  3.04000000000000045E+03 -1.55407691793492069E-08  1.01621578495734330E-08
  3.06000000000000045E+03 -8.57458359313776618E-09  7.38888489828174046E-09
  3.08000000000000045E+03 -6.49183320809096469E-09  3.91930448460390945E-09
  3.10000000000000045E+03  4.34204947158735652E-10 -1.80904870226091465E-09
  3.12000000000000045E+03 -1.56648421695214998E-09 -6.64661341651602321E-09
  3.14000000000000045E+03  1.48955797304266935E-09 -1.33307277532715213E-08
  3.16000000000000045E+03 -2.34964772961754898E-09 -1.76677183005968912E-08
  3.18000000000000045E+03 -4.63931036000977286E-09 -2.30224406696793729E-08
  3.20000000000000045E+03 -8.44161088362047107E-09 -2.52925015989797060E-08
  3.22000000000000045E+03 -1.48578705278340881E-08 -2.76415789540483783E-08
  3.24000000000000045E+03 -1.75105931943932141E-08 -2.70827947973851357E-08
  3.26000000000000045E+03 -2.50943935764172058E-08 -2.58605694291379673E-08
  3.28000000000000045E+03 -2.61251481671630753E-08 -2.27524486249572285E-08
  3.30000000000000045E+03 -3.17558642214907310E-08 -1.86316148100050678E-08
  3.32000000000000045E+03 -3.10474210716865078E-08 -1.41004689721413241E-08
  3.34000000000000045E+03 -3.28101530291046210E-08 -8.73183897020722578E-09
  3.36000000000000045E+03 -3.04644190107786186E-08 -4.28614745950861169E-09
  3.38000000000000045E+03 -2.82377725809243265E-08  3.28671815485174189E-10
  3.40000000000000045E+03 -2.46407571819327218E-08  3.29762075809674686E-09
  3.42000000000000045E+03 -1.98330532080494898E-08  5.56821596986614860E-09
  3.44000000000000045E+03 -1.57396778268775471E-08  6.19784414032422131E-09
  3.46000000000000045E+03 -1.04892889360312794E-08  5.50063295384669711E-09
  3.48000000000000045E+03 -6.93328073998102805E-09  3.71073764194531227E-09
  3.50000000000000045E+03 -3.20434607971711572E-09  5.27668991089810816E-10
  3.52000000000000045E+03 -1.19625053769216692E-09 -2.96260111368622314E-09
  3.54000000000000045E+03 -1.12932480784166149E-10 -7.31781474829334302E-09
  3.56000000000000045E+03 -2.51004869988138275E-10 -1.12380894436733859E-08
  3.58000000000000045E+03 -1.84589000026863551E-09 -1.51559601571693959E-08
  3.60000000000000045E+03 -4.03099797429521525E-09 -1.81214012581112970E-08
  3.62000000000000045E+03 -7.40671171853516091E-09 -2.02820929393594645E-08
  3.64000000000000045E+03 -1.08171222176504323E-08 -2.12686008457684842E-08
  3.66000000000000045E+03 -1.45816959699100994E-08 -2.10679187350025275E-08
  3.68000000000000045E+03 -1.79505901608263688E-08 -1.97637034990915842E-08
  3.70000000000000045E+03 -2.07320646879672277E-08 -1.74481898070978146E-08
  3.72000000000000045E+03 -2.28234039998211454E-08 -1.43547613120372532E-08
  3.74000000000000045E+03 -2.36998682128568896E-08 -1.08585001489494741E-08
  3.76000000000000045E+03 -2.37749514211651701E-08 -7.09456754564093713E-09
  3.78000000000000045E+03 -2.25213963440982385E-08 -3.67331405484728341E-09
  3.80000000000000045E+03 -2.05961366981089528E-08 -5.51339363563778240E-10
  3.82000000000000045E+03 -1.77047392023158393E-08  1.64896798785048069E-09
  3.84000000000000091E+03 -1.45064592030006408E-08  3.10468945188261695E-09
  3.86000000000000091E+03 -1.09855110266526423E-08  3.41366720220788381E-09
  3.88000000000000091E+03 -7.65214718017416509E-09  2.81796702463136264E-09
  3.90000000000000091E+03 -4.66745503453996706E-09  1.23664355288684367E-09
  3.92000000000000091E+03 -2.32243095144806456E-09 -1.05876560851959935E-09
  3.94000000000000091E+03 -7.99786240495352857E-10 -3.88905514717209232E-09
  3.96000000000000091E+03 -1.61360495745092301E-10 -6.96466084135121963E-09
  3.98000000000000091E+03 -4.85915607054998067E-10 -1.00071220373842416E-08
  4.00000000000000091E+03 -1.64151040197362438E-09 -1.27295206973404935E-08
  4.02000000000000091E+03 -3.55405378592414102E-09 -1.49229404639206745E-08
  4.04000000000000091E+03 -5.96541031372106445E-09 -1.63480597995427125E-08
  4.06000000000000091E+03 -8.68255989779788414E-09 -1.69718489372029488E-08
  4.08000000000000091E+03 -1.14062382270204928E-08 -1.66574277107955645E-08
  4.10000000000000091E+03 -1.39130122110481229E-08 -1.55640838751009717E-08
  4.12000000000000091E+03 -1.59481517851815361E-08 -1.36915344383431367E-08
  4.14000000000000091E+03 -1.73552918082465102E-08 -1.13312868050391060E-08
  4.16000000000000091E+03 -1.79916864777154012E-08 -8.60755036906399335E-09
  4.18000000000000091E+03 -1.78330748595638190E-08 -5.84534408930673685E-09
  4.20000000000000091E+03 -1.68800336796173784E-08 -3.23151145173718453E-09
  4.22000000000000091E+03 -1.52512311863195804E-08 -1.02869340477949667E-09
  4.24000000000000091E+03 -1.30757300678074978E-08  6.02373907743942329E-10
  4.26000000000000091E+03 -1.05733160841903100E-08  1.52502094704217301E-09
  4.28000000000000091E+03 -7.94504681903421605E-09  1.68223440422667626E-09
  4.30000000000000091E+03 -5.43691130910811550E-09  1.08197095250112330E-09
  4.32000000000000091E+03 -3.24347337335071850E-09 -1.95919962833340392E-10
  4.34000000000000091E+03 -1.55718535972585486E-09 -2.02354121000279012E-09
  4.36000000000000091E+03 -4.93422439722470203E-10 -4.20808755298699152E-09
  4.38000000000000091E+03 -1.33802549555495219E-10 -6.55818132312054494E-09
  4.40000000000000091E+03 -4.72841374326804866E-10 -8.83666381946470002E-09
  4.42000000000000091E+03 -1.46430781460357738E-09 -1.08588488340159825E-08
  4.44000000000000091E+03 -2.98462900893510691E-09 -1.24269802618834443E-08
  4.46000000000000091E+03 -4.88632510381279981E-09 -1.34260586372812348E-08
  4.48000000000000091E+03 -6.97214623768407374E-09 -1.37636971466943533E-08
  4.50000000000000091E+03 -9.05222092067734300E-09 -1.34316601216654699E-08
  4.52000000000000091E+03 -1.09242801691345486E-08 -1.24678218972146486E-08
  4.54000000000000091E+03 -1.24257291796218775E-08 -1.09708285216591480E-08
  4.56000000000000091E+03 -1.34169936550233594E-08 -9.08652283513448890E-09
  4.58000000000000091E+03 -1.38192932850253942E-08 -6.98429325899048699E-09
  4.60000000000000091E+03 -1.35988537228599249E-08 -4.85975985030461395E-09
  4.62000000000000091E+03 -1.27856858194905195E-08 -2.89351599305445403E-09
  4.64000000000000091E+03 -1.14564736134557989E-08 -1.25967137095197482E-09
  4.66000000000000091E+03 -9.73641614048136280E-09 -8.80254008508584889E-11
  4.68000000000000091E+03 -7.77916961821544767E-09  5.27829911962474979E-10
  4.70000000000000091E+03 -5.75926948655724173E-09  5.51736892482671870E-10
  4.72000000000000091E+03 -3.84923973413368712E-09 -1.91278062706928097E-12
  4.74000000000000091E+03 -2.21191070842557764E-09 -1.06640082172389929E-09
  4.76000000000000091E+03 -9.77258089259832755E-10 -2.53070663639230404E-09
  4.78000000000000091E+03 -2.41763421862047857E-10 -4.25184504084818457E-09
  4.80000000000000091E+03 -4.94179762246106496E-11 -6.06606884560577088E-09
  4.82000000000000091E+03 -4.00671571496611406E-10 -7.80613040895551136E-09
  4.84000000000000091E+03 -1.24202628829042749E-09 -9.31511520257504768E-09
  4.86000000000000091E+03 -2.48244150166595998E-09 -1.04599216047878394E-08
  4.88000000000000091E+03 -3.99360532905566611E-09 -1.11444630114772972E-08
  4.90000000000000091E+03 -5.62883480015924940E-09 -1.13140578166015577E-08
  4.92000000000000091E+03 -7.23231313761496093E-09 -1.09637263310402935E-08
  4.94000000000000091E+03 -8.65520042472984466E-09 -1.01325256386786244E-08
  4.96000000000000091E+03 -9.76868976983047979E-09 -8.90402765493530652E-09
  4.98000000000000091E+03 -1.04736363784190993E-08 -7.39325988649502139E-09
  5.00000000000000091E+03 -1.07109819305170982E-08 -5.73948154649847312E-09
  5.02000000000000091E+03 -1.04635752618598754E-08 -4.09040446208958341E-09
  5.04000000000000091E+03 -9.75902389381568597E-09 -2.59053071332485186E-09
  5.06000000000000091E+03 -8.66456615768806147E-09 -1.36757719312389746E-09
  5.08000000000000091E+03 -7.28096802578773167E-09 -5.21388093253532719E-10
  5.10000000000000091E+03 -5.73286251622290602E-09 -1.16289669028166679E-10
  5.12000000000000091E+03 -4.15621417364104994E-09 -1.75210656708012009E-10
  5.14000000000000091E+03 -2.68736396004408415E-09 -6.79592216289874604E-10
  5.16000000000000091E+03 -1.44912917888457528E-09 -1.57111086020599452E-09
  5.18000000000000091E+03 -5.41865158648779231E-10 -2.75840375711104783E-09
  5.20000000000000091E+03 -3.35393089304042381E-11 -4.12571437637762584E-09
  5.22000000000000091E+03  4.45785474489212428E-11 -5.54370962631406529E-09
  5.24000000000000091E+03 -2.99611483319447042E-10 -6.88172464384489274E-09
  5.26000000000000091E+03 -1.02056581697337128E-09 -8.01887354943030658E-09
  5.28000000000000091E+03 -2.04053760722554396E-09 -8.85534476939160214E-09
  5.30000000000000091E+03 -3.25632667416755959E-09 -9.32012245563187928E-09
  5.32000000000000091E+03 -4.55018379494276256E-09 -9.37733938843968195E-09
  5.34000000000000091E+03 -5.79945907677450741E-09 -9.02817743911752351E-09
  5.36000000000000091E+03 -6.88877564451477193E-09 -8.31028183774340279E-09
  5.38000000000000091E+03 -7.71924652048855438E-09 -7.29340164749251713E-09
  5.40000000000000091E+03 -8.21762213296091387E-09 -6.07246556117788275E-09
  5.42000000000000091E+03 -8.34186525294215777E-09 -4.75861678471154175E-09
  5.44000000000000091E+03 -8.08437074474139582E-09 -3.46876423251974843E-09
  5.46000000000000091E+03 -7.47195166005154574E-09 -2.31516993264554019E-09
  5.48000000000000091E+03 -6.56248393761887380E-09 -1.39536323659963068E-09
  5.50000000000000091E+03 -5.43933862124964823E-09 -7.83846512935193846E-10
  5.52000000000000091E+03 -4.20308320865884281E-09 -5.25903548182848398E-10
  5.54000000000000091E+03 -2.96236787135704253E-09 -6.34167601238661870E-10
  5.56000000000000091E+03 -1.82386823717480003E-09 -1.08829596952624770E-09
  5.58000000000000091E+03 -8.82867635346618438E-10 -1.83739196005196539E-09
  5.60000000000000091E+03 -2.15004246192412359E-10 -2.80537600400273117E-09
  5.62000000000000091E+03  1.30163001260811533E-10 -3.89819754094772713E-09
  5.64000000000000091E+03  1.32871684727499783E-10 -5.01277796205046591E-09
  5.66000000000000091E+03 -1.95542845478020527E-10 -6.04632043950605216E-09
  5.68000000000000091E+03 -8.14506356698153417E-10 -6.90558258925870742E-09
  5.70000000000000091E+03 -1.65830994694743659E-09 -7.51495664498401155E-09
  5.72000000000000091E+03 -2.64264051441437950E-09 -7.82287872890950185E-09
  5.74000000000000091E+03 -3.67245116395880025E-09 -7.80590409836862423E-09
  5.76000000000000091E+03 -4.65071487517255015E-09 -7.47019509648167433E-09
  5.78000000000000091E+03 -5.48716169226243925E-09 -6.85032132375729388E-09
  5.80000000000000091E+03 -6.10616076340198707E-09 -6.00555109647077534E-09
  5.82000000000000091E+03 -6.45323827665406945E-09 -5.01399738669844218E-09
  5.84000000000000091E+03 -6.49942401836767073E-09 -3.96523323380890831E-09
  5.86000000000000091E+03 -6.24336936832533563E-09 -2.95200098617917149E-09
  5.88000000000000091E+03 -5.71081542353905772E-09 -2.06186774431682390E-09
  5.90000000000000091E+03 -4.95175975498693687E-09 -1.36947132183322033E-09
  5.92000000000000091E+03 -4.03543099381398635E-09 -9.30144124213276923E-10
  5.94000000000000091E+03 -3.04370246097675632E-09 -7.75356745425072478E-10
  5.96000000000000091E+03 -2.06348701735687901E-09 -9.10434614909674991E-10
  5.98000000000000091E+03 -1.17885002785101501E-09 -1.31463633814501372E-09
  6.00000000000000091E+03 -4.63549219043602512E-10 -1.94358403821997415E-09
  6.02000000000000091E+03  2.53546851875779397E-11 -2.73374455522204861E-09
  6.04000000000000091E+03  2.52247309785068329E-10 -3.60853797020357027E-09
  6.06000000000000091E+03  2.05695247786324147E-10 -4.48547491699589489E-09
  6.08000000000000091E+03 -1.01041750914314949E-10 -5.28367716534406969E-09
  6.10000000000000091E+03 -6.31727407268072753E-10 -5.93108070715184449E-09
  6.12000000000000091E+03 -1.33087385520649435E-09 -6.37070728021338788E-09
  6.14000000000000091E+03 -2.12912816514401965E-09 -6.56543270044204633E-09
  6.16000000000000091E+03 -2.94976850242963726E-09 -6.50089177300328239E-09
  6.18000000000000091E+03 -3.71574022925063788E-09 -6.18626280628416490E-09
  6.20000000000000091E+03 -4.35655761190230779E-09 -5.65294352722333494E-09
  6.22000000000000091E+03 -4.81448282173344037E-09 -4.95124945807910041E-09
  6.24000000000000091E+03 -5.04942403263811398E-09 -4.14550048615986872E-09
  6.26000000000000091E+03 -5.04215311999473442E-09 -3.30795048100277286E-09
  6.28000000000000091E+03 -4.79558459777739828E-09 -2.51214190369365028E-09
  6.30000000000000091E+03 -4.33404213788221298E-09 -1.82628689237591409E-09
  6.32000000000000091E+03 -3.70062456828243543E-09 -1.30726909351749938E-09
  6.34000000000000091E+03 -2.95294190336331733E-09 -9.95792142642112847E-10
  6.36000000000000091E+03 -2.15764419458157956E-09 -9.13082185314865812E-10
  6.38000000000000091E+03 -1.38425363844680745E-09 -1.05940875878508470E-09
  6.40000000000000091E+03 -6.98871987343092213E-10 -1.41451702853348239E-09
  6.42000000000000091E+03 -1.58327354125974278E-10 -1.93988898561723094E-09
  6.44000000000000091E+03  1.94722672754212056E-10 -2.58259647841163144E-09
  6.46000000000000091E+03  3.35312958802695154E-10 -3.28035817663609239E-09
  6.48000000000000091E+03  2.58031123029528637E-10 -3.96733063204536113E-09
  6.50000000000000091E+03 -2.29151016186878903E-11 -4.58008732674446562E-09
  6.52000000000000091E+03 -4.75392873689276315E-10 -5.06325557661380661E-09
  6.54000000000000091E+03 -1.05260929779969619E-09 -5.37430416567590146E-09
  6.56000000000000091E+03 -1.69762376614585494E-09 -5.48707713776398906E-09
  6.58000000000000091E+03 -2.34867264774565524E-09 -5.39377983619087761E-09
  6.60000000000000091E+03 -2.94481370581675871E-09 -5.10527450548026996E-09
  6.62000000000000091E+03 -3.43137500711931260E-09 -4.64969575413797688E-09
  6.64000000000000091E+03 -3.76472451395307281E-09 -4.06954552332279752E-09
  6.66000000000000091E+03 -3.91594587593524663E-09 -3.41756376895426046E-09
  6.68000000000000091E+03 -3.87311421014946411E-09 -2.75176982031611692E-09
  6.70000000000000091E+03 -3.64199743495099439E-09 -2.13014032700544144E-09
  6.72000000000000091E+03 -3.24515373773935904E-09 -1.60540746848524085E-09
  6.74000000000000091E+03 -2.71954123011875356E-09 -1.22044374793492843E-09
  6.76000000000000091E+03 -2.11288604129947703E-09 -1.00463358725056160E-09
  6.78000000000000091E+03 -1.47916242622392335E-09 -9.71536813701811079E-10
  6.80000000000000091E+03 -8.73609906077206330E-10 -1.11802495833200973E-09
  6.82000000000000091E+03 -3.47745477082913697E-10 -1.42493526829800192E-09
  6.84000000000000091E+03  5.51806847264545686E-11 -1.85915065885324662E-09
  6.86000000000000091E+03  3.03887493332443569E-10 -2.37688609061581508E-09
  6.88000000000000091E+03  3.81607996021353817E-10 -2.92785989353929117E-09
  6.90000000000000091E+03  2.87274546146071625E-10 -3.45995519222827567E-09
  6.92000000000000091E+03  3.52663020540076392E-11 -3.92394094600778513E-09
  6.94000000000000091E+03 -3.46225859173831822E-10 -4.27782785831607853E-09
  6.96000000000000091E+03 -8.18040151939413916E-10 -4.49047424929534946E-09
  6.98000000000000091E+03 -1.33380791268868230E-09 -4.54413604511420019E-09
  7.00000000000000091E+03 -1.84428193082207058E-09 -4.43575392304348678E-09
  7.02000000000000091E+03 -2.30182695727225013E-09 -4.17689161760453604E-09
  7.04000000000000091E+03 -2.66466469735923006E-09 -3.79236040443705062E-09
  7.06000000000000091E+03 -2.90049670773703742E-09 -3.31768446581929345E-09
  7.08000000000000091E+03 -2.98919234964875266E-09 -2.79566061316496370E-09
  7.10000000000000091E+03 -2.92432170469961240E-09 -2.27234364752120560E-09
  7.12000000000000091E+03 -2.71342028720675683E-09 -1.79283113198243984E-09
  7.14000000000000091E+03 -2.37699086333222284E-09 -1.39723220016511499E-09
  7.16000000000000091E+03 -1.94636092353654149E-09 -1.11717886167049533E-09
  7.18000000000000091E+03 -1.46061423581100275E-09 -9.73181631078685877E-10
  7.20000000000000091E+03 -9.62894908407614998E-10 -9.73047737398230075E-10
  7.22000000000000091E+03 -4.96430674740191999E-10 -1.11148020966800597E-09
  7.24000000000000091E+03 -1.00640892744519716E-10 -1.37086573551628330E-09
  7.26000000000000091E+03  1.92322009000602321E-10 -1.72315295355979048E-09
  7.28000000000000091E+03  3.60295526804765570E-10 -2.13262598014965991E-09
  7.30000000000000091E+03  3.92866175697582224E-10 -2.55930187353385775E-09
  7.32000000000000091E+03  2.92028060881864660E-10 -2.96263133814017239E-09
  7.34000000000000091E+03  7.17074120222105580E-11 -3.30516122262558484E-09
  7.36000000000000091E+03 -2.43777361127305712E-10 -3.55582969618164291E-09
  7.38000000000000091E+03 -6.22156408458304583E-10 -3.69260555244583158E-09
  7.40000000000000091E+03 -1.02630756795792048E-09 -3.70424922315256207E-09
  7.42000000000000091E+03 -1.41771914228976005E-09 -3.59105780293244867E-09
  7.44000000000000091E+03 -1.75999410002838915E-09 -3.36455169489373679E-09
  7.46000000000000091E+03 -2.02207853156319556E-09 -3.04615660694363686E-09
  7.48000000000000091E+03 -2.18092891493552878E-09 -2.66502507461390552E-09
  7.50000000000000091E+03 -2.22339083281340038E-09 -2.25521497636598295E-09
  7.52000000000000091E+03 -2.14713815118229909E-09 -1.85249633356998802E-09
  7.54000000000000091E+03 -1.96061098487485549E-09 -1.49108379732003114E-09
  7.56000000000000091E+03 -1.68198238855941586E-09 -1.20059268716765405E-09
  7.58000000000000091E+03 -1.33727119096569180E-09 -1.00348729593123111E-09
  7.60000000000000091E+03 -9.57793763144410319E-10 -9.13240988274664618E-10
  7.62000000000000091E+03 -5.77200450104643074E-10 -9.33355459662636673E-10
  7.64000000000000091E+03 -2.28377360926114663E-10 -1.05730663556061829E-09
  7.66000000000000091E+03  5.95038098012752639E-11 -1.26939810770061309E-09
  7.68000000000000182E+03  2.63523485607634471E-10 -1.54642142436775749E-09
  7.70000000000000182E+03  3.68920172064444633E-10 -1.85995197738419155E-09
  7.72000000000000182E+03  3.70208005846561518E-10 -2.17905575357908107E-09
  7.74000000000000182E+03  2.71424772755109523E-10 -2.47315089838246172E-09
  7.76000000000000182E+03  8.55105865891268077E-11 -2.71476053906606901E-09
  7.78000000000000182E+03 -1.67103611773820452E-10 -2.88190987546093977E-09
  7.80000000000000182E+03 -4.60548796155098308E-10 -2.95995985270451968E-09
  7.82000000000000182E+03 -7.66008236341764523E-10 -2.94272573364604054E-09
  7.84000000000000182E+03 -1.05440741066662457E-09 -2.83279875009698403E-09
  7.86000000000000182E+03 -1.29905366175557912E-09 -2.64106295649668489E-09
  7.88000000000000182E+03 -1.47798645876375286E-09 -2.38547372953872842E-09
  7.90000000000000182E+03 -1.57583262675075644E-09 -2.08922895701904802E-09
  7.92000000000000182E+03 -1.58501076110525264E-09 -1.77851655127943718E-09
  7.94000000000000182E+03 -1.50619355358992854E-09 -1.48005498070672670E-09
  7.96000000000000182E+03 -1.34800604397123035E-09 -1.21865677715933536E-09
  7.98000000000000182E+03 -1.12600935284443044E-09 -1.01503606680702670E-09
  8.00000000000000182E+03 -8.61082289357742287E-10 -8.84053485217233321E-10
  8.02000000000000182E+03 -5.77366216615208736E-10 -8.33545235031626374E-10
  8.04000000000000182E+03 -2.99973175886957417E-10 -8.63826821447240477E-10
  8.06000000000000182E+03 -5.26738659918931127E-11 -9.67896382229278160E-10
  8.08000000000000182E+03  1.44222699626505311E-10 -1.13229873641399160E-09
  8.10000000000000182E+03  2.75609185255769086E-10 -1.33855111493099845E-09
  8.12000000000000182E+03  3.32791842735977189E-10 -1.56498355839214705E-09
  8.14000000000000182E+03  3.14078455046632058E-10 -1.78881247700312695E-09
  8.16000000000000182E+03  2.24708524616030243E-10 -1.98825075689941864E-09
  8.18000000000000182E+03  7.61504943543110709E-11 -2.14445923344676808E-09
  8.20000000000000182E+03 -1.15148349860162159E-10 -2.24316603585432086E-09
  8.22000000000000182E+03 -3.29428419946921073E-10 -2.27581488389523160E-09
  8.24000000000000182E+03 -5.45533776941217888E-10 -2.24015239520643035E-09
  8.26000000000000182E+03 -7.42893530713753176E-10 -2.14021775015282326E-09
  8.28000000000000182E+03 -9.03383527824215700E-10 -1.98575551605402327E-09
  8.30000000000000182E+03 -1.01290091611175755E-09 -1.79112421535236051E-09
  8.32000000000000182E+03 -1.06251491660054109E-09 -1.57381824169021689E-09
  8.34000000000000182E+03 -1.04910197214742013E-09 -1.35275235045258611E-09
  8.36000000000000182E+03 -9.75423079282127374E-10 -1.14647556272663507E-09
  8.38000000000000182E+03 -8.49655428761709125E-10 -9.71481959278859272E-10
  8.40000000000000182E+03 -6.84439792772175945E-10 -8.40771967704418053E-10
  8.42000000000000182E+03 -4.95549534192286573E-10 -7.62788577303672953E-10
  8.44000000000000182E+03 -3.00317313138845623E-10 -7.40814716187877643E-10
  8.46000000000000182E+03 -1.15975559073000549E-10 -7.72870873855899931E-10
  8.48000000000000182E+03  4.19322909103111345E-11 -8.52105395664261319E-10
  8.50000000000000182E+03  1.60923185326671817E-10 -9.67622285170952754E-10
  8.52000000000000182E+03  2.32608273946744830E-10 -1.10565395708918871E-09
  8.54000000000000182E+03  2.53304686010958926E-10 -1.25095556315421924E-09
  8.56000000000000182E+03  2.24183072530534113E-10 -1.38828233058173433E-09
  8.58000000000000182E+03  1.50954904801884441E-10 -1.50380748147065097E-09
  8.60000000000000182E+03  4.31459913953815021E-11 -1.58634962021169431E-09
  8.62000000000000182E+03 -8.69588774250402637E-11 -1.62830103251177352E-09
  8.64000000000000182E+03 -2.25587818160634688E-10 -1.62618058715162838E-09
  8.66000000000000182E+03 -3.58840609590852224E-10 -1.58077401167000010E-09
  8.68000000000000182E+03 -4.74002272997003569E-10 -1.49686417853347572E-09
  8.70000000000000182E+03 -5.60686930849958197E-10 -1.38259416481660819E-09
  8.72000000000000182E+03 -6.11710511083161421E-10 -1.24853857088253652E-09
  8.74000000000000182E+03 -6.23618762855455620E-10 -1.10658451613700821E-09
  8.76000000000000182E+03 -5.96834523309801682E-10 -9.68737500940287569E-10
  8.78000000000000182E+03 -5.35425656250955437E-10 -8.45970850729054645E-10
  8.80000000000000182E+03 -4.46532372385735110E-10 -7.47228062166181044E-10
  8.82000000000000182E+03 -3.39523768112093970E-10 -6.78668484300342170E-10
  8.84000000000000182E+03 -2.24978023834496467E-10 -6.43219418710031976E-10
  8.86000000000000182E+03 -1.13593169915354621E-10 -6.40465073574609548E-10
  8.88000000000000182E+03 -1.51392578082260141E-11 -6.66868511587817207E-10
  8.90000000000000182E+03  6.24466994474491892E-11 -7.16289803490643096E-10
  8.92000000000000182E+03  1.13739602847259856E-10 -7.80736074521124076E-10
  8.94000000000000182E+03  1.36220866713875937E-10 -8.51257556620614408E-10
  8.96000000000000182E+03  1.30362142100377784E-10 -9.18894217809683123E-10
  8.98000000000000182E+03  9.94040285884728953E-11 -9.75574274515314855E-10
  9.00000000000000182E+03  4.88649329402693437E-11 -1.01487616122642489E-09
  9.02000000000000182E+03 -1.41564838659543806E-11 -1.03258239340118270E-09
  9.04000000000000182E+03 -8.18053968603831945E-11 -1.02697759472898528E-09
  9.06000000000000182E+03 -1.46330009695002423E-10 -9.98871575230208677E-10
  9.08000000000000182E+03 -2.00885297646169128E-10 -9.51357256451887454E-10
  9.10000000000000182E+03 -2.40199254224181253E-10 -8.89340477574976229E-10
  9.12000000000000182E+03 -2.61037541828236773E-10 -8.18901432282143950E-10
  9.14000000000000182E+03 -2.62425540701842150E-10 -7.46562692507190376E-10
  9.16000000000000182E+03 -2.45614368794506649E-10 -6.78546476771389200E-10
  9.18000000000000182E+03 -2.13804819107607639E-10 -6.20101811214797403E-10
  9.20000000000000182E+03 -1.71668946396715989E-10 -5.74972126024753101E-10
  9.22000000000000182E+03 -1.24729769184238643E-10 -5.45056603779166772E-10
  9.24000000000000182E+03 -7.86722768569878012E-11 -5.30295753410285970E-10
  9.26000000000000182E+03 -3.86659062296603665E-11 -5.28786367915768884E-10
  9.28000000000000182E+03 -8.77370282386229554E-12 -5.37105399974333414E-10
  9.30000000000000182E+03  8.48718029668293179E-12 -5.50800233642669213E-10
  9.32000000000000182E+03  1.23873683881196070E-11 -5.64984375782140831E-10
  9.34000000000000182E+03  4.00670083183746157E-12 -5.74967687419707974E-10
  9.36000000000000182E+03 -1.39628811950086277E-11 -5.76847346281777353E-10
  9.38000000000000182E+03 -3.76061822908353588E-11 -5.67990898751731720E-10
  9.40000000000000182E+03 -6.23169198418122708E-11 -5.47356500769424258E-10
  9.42000000000000182E+03 -8.34093843037844121E-11 -5.15613676262502788E-10
  9.44000000000000182E+03 -9.67364800990666049E-11 -4.75051560054951314E-10
  9.46000000000000182E+03 -9.92410744458147661E-11 -4.29285589566311142E-10
  9.48000000000000182E+03 -8.93747155654638319E-11 -3.82796900659047422E-10
  9.50000000000000182E+03 -6.73333836980434724E-11 -3.40358046402322941E-10
  9.52000000000000182E+03 -3.50799667787200067E-11 -3.06412058102797215E-10
  9.54000000000000182E+03  3.85177427574111414E-12 -2.84477918710876107E-10
  9.56000000000000182E+03  4.47528326889816416E-11 -2.76653564053426599E-10
  9.58000000000000182E+03  8.22912477233167746E-11 -2.83277148799680125E-10
  9.60000000000000182E+03  1.11160142547823753E-10 -3.02790878406033596E-10
  9.62000000000000182E+03  1.26747731688251199E-10 -3.31828945135803189E-10
  9.64000000000000182E+03  1.25752013238533605E-10 -3.65526710838082030E-10
  9.66000000000000182E+03  1.06666530101988725E-10 -3.98022505049789272E-10
  9.68000000000000182E+03  7.00766514663956207E-11 -4.23101644968850502E-10
  9.70000000000000182E+03  1.87250524284230695E-11 -4.34913864494196170E-10
  9.72000000000000182E+03 -4.26702258604994351E-11 -4.28685918586278299E-10
  9.74000000000000182E+03 -1.07834512003679982E-10 -4.01348051017752596E-10
  9.76000000000000182E+03 -1.69555706140201786E-10 -3.52000688008933042E-10
  9.78000000000000182E+03 -2.20442185118589890E-10 -2.82161829501735733E-10
  9.80000000000000182E+03 -2.53742952004150371E-10 -1.95758162238924906E-10
  9.82000000000000182E+03 -2.64141278735499383E-10 -9.88486194267409504E-11
  9.84000000000000182E+03 -2.48434213081744842E-10  9.01276795729245336E-13
  9.86000000000000182E+03 -2.06018509481636576E-10  9.49494615779881473E-11
  9.88000000000000182E+03 -1.39121589288719289E-10  1.74742234356086797E-10
  9.90000000000000182E+03 -5.27403595081459335E-11  2.32628106492175496E-10
  9.92000000000000182E+03  4.57188223776422486E-11  2.62725078014501144E-10
  9.94000000000000182E+03  1.47075380934368660E-10  2.61648004438903927E-10
  9.96000000000000182E+03  2.41230440849189716E-10  2.29011952631621475E-10
  9.98000000000000182E+03  3.18164242833380767E-10  1.67649337812211806E-10
