# OCT iter        711;   J_T =   9.957421717913E-04;   pulse_id =          2                                                                                                                                                                                   
#               time [ns]            Re(ampl) [au]            Im(ampl) [au]                                                                                                                                                                                    
  2.50250250250250265E-02  3.40875926087221427E-04  0.00000000000000000E+00
  7.50750750750750762E-02  3.53447590423497696E-04 -1.54585713814318588E-06
  1.25125125125125164E-01  3.75616631766524027E-04 -2.08759713391080467E-05
  1.75175175175175196E-01  4.13658401597912276E-04 -1.13880298538415140E-04
  2.25225225225225256E-01  4.39274893687443787E-04 -3.97228460154805548E-04
  2.75275275275275289E-01  3.33755856320619860E-04 -1.04805345679387699E-03
  3.25325325325325376E-01 -1.77969519513038833E-04 -2.26695241819231501E-03
  3.75375375375375409E-01 -1.58274441727549505E-03 -4.19596712314906917E-03
  4.25425425425425496E-01 -4.59913243306441736E-03 -6.79345287601084737E-03
  4.75475475475475529E-01 -1.01371989327180972E-02 -9.67896513240812384E-03
  5.25525525525525561E-01 -1.91768985991485758E-02 -1.19716847230299812E-02
  5.75575575575575593E-01 -3.25486220189961095E-02 -1.21564690188868847E-02
  6.25625625625625736E-01 -5.06069514749982186E-02 -8.02655226851034173E-03
  6.75675675675675658E-01 -7.28081007120843643E-02  3.22621696550685422E-03
  7.25725725725725801E-01 -9.72480985581832685E-02  2.46835082143137922E-02
  7.75775775775775833E-01 -1.20298773524929431E-01  5.90583528665530183E-02
  8.25825825825825977E-01 -1.36564838515789155E-01  1.07748273246562817E-01
  8.75875875875876009E-01 -1.39406902848797587E-01  1.69764941372076400E-01
  9.25925925925926041E-01 -1.22150361396904675E-01  2.40919553460129360E-01
  9.75975975975976073E-01 -7.98108712907498047E-02  3.13734087793896776E-01
  1.02602602602602611E+00 -1.08220663289696466E-02  3.78397844018487195E-01
  1.07607607607607614E+00  8.19340813097626242E-02  4.24678655709034958E-01
  1.12612612612612617E+00  1.91325265067226941E-01  4.44207079393729443E-01
  1.17617617617617620E+00  3.07411024153901646E-01  4.32293067366349482E-01
  1.22622622622622646E+00  4.19569056785766170E-01  3.88631346316825499E-01
  1.27627627627627649E+00  5.18496315635150640E-01  3.16801435390815067E-01
  1.32632632632632652E+00  5.97495036158997572E-01  2.22981891044227332E-01
  1.37637637637637655E+00  6.52903372900056178E-01  1.14457134191959506E-01
  1.42642642642642659E+00  6.83859316558177111E-01 -1.67283185257046307E-03
  1.47647647647647662E+00  6.91666340586571060E-01 -1.19413348156577698E-01
  1.52652652652652665E+00  6.78967205127625206E-01 -2.34403064375023118E-01
  1.57657657657657690E+00  6.48867231782218279E-01 -3.44065584045724349E-01
  1.62662662662662671E+00  6.04125746202020975E-01 -4.47411482924607695E-01
  1.67667667667667719E+00  5.46530847068136483E-01 -5.44541844336060343E-01
  1.72672672672672722E+00  4.76558058714044386E-01 -6.35943905872798698E-01
  1.77677677677677726E+00  3.93377112046941535E-01 -7.21707039082283508E-01
  1.82682682682682729E+00  2.95217250227719941E-01 -8.00808920543821912E-01
  1.87687687687687732E+00  1.80039408780583637E-01 -8.70619942040205430E-01
  1.92692692692692713E+00  4.64039511169479363E-02 -9.26745963981204568E-01
  1.97697697697697716E+00 -1.05623354260179561E-01 -9.63276899994099045E-01
  2.02702702702702764E+00 -2.73705948058837578E-01 -9.73437873539501841E-01
  2.07707707707707767E+00 -4.52780020340813383E-01 -9.50562562516389153E-01
  2.12712712712712770E+00 -6.35031343355975553E-01 -8.89239871435190565E-01
  2.17717717717717774E+00 -8.10358277312141717E-01 -7.86440040794804895E-01
  2.22722722722722777E+00 -9.67287344272125482E-01 -6.42415548637286338E-01
  2.27727727727727780E+00 -1.09422274965086119E+00 -4.61199766999627059E-01
  2.32732732732732783E+00 -1.18084450837304367E+00 -2.50588534418709652E-01
  2.37737737737737787E+00 -1.21943495448895534E+00 -2.15756592277140252E-02
  2.42742742742742790E+00 -1.20591780184077280E+00  2.12692974394856571E-01
  2.47747747747747793E+00 -1.14161170946748380E+00  4.38748817574417749E-01
  2.52752752752752796E+00 -1.03161564423647389E+00  6.44696398163594253E-01
  2.57757757757757799E+00 -8.82961872219525490E-01  8.20444436315141634E-01
  2.62762762762762803E+00 -7.05058931771529673E-01  9.58593986920187824E-01
  2.67767767767767806E+00 -5.08617888822925024E-01  1.05498984363959880E+00
  2.72772772772772854E+00 -3.04473765501061699E-01  1.10884264836298696E+00
  2.77777777777777857E+00 -1.02470669385604660E-01  1.12241810627231087E+00
  2.82782782782782860E+00  8.94328578913403394E-02  1.10035398696132014E+00
  2.87787787787787863E+00  2.65717432449033286E-01  1.04872034630029409E+00
  2.92792792792792822E+00  4.23448458793690086E-01  9.73975257436376585E-01
  2.97797797797797825E+00  5.62010845914960089E-01  8.81981594060798346E-01
  3.02802802802802828E+00  6.82493952302606899E-01  7.77237970186847482E-01
  3.07807807807807876E+00  7.86842202594654649E-01  6.62440693513114742E-01
  3.12812812812812879E+00  8.76922854065835922E-01  5.38439135920677270E-01
  3.17817817817817883E+00  9.53674510763292460E-01  4.04582717439444572E-01
  3.22822822822822886E+00  1.01648622820503598E+00  2.59393728343176477E-01
  3.27827827827827889E+00  1.06291945494280782E+00  1.01446467757490319E-01
  3.32832832832832937E+00  1.08882933980910801E+00 -6.97018692998372658E-02
  3.37837837837837895E+00  1.08887666823960161E+00 -2.52693798342767006E-01
  3.42842842842842899E+00  1.05735705531274582E+00 -4.43817214241949809E-01
  3.47847847847847902E+00  9.89220289058538094E-01 -6.36823791127764105E-01
  3.52852852852852905E+00  8.81118650513388668E-01 -8.23171680220128654E-01
  3.57857857857857864E+00  7.32314415789221962E-01 -9.92676890328530570E-01
  3.62862862862862912E+00  5.45295261951799004E-01 -1.13449229115781458E+00
  3.67867867867867959E+00  3.25989107224902763E-01 -1.23828016432961929E+00
  3.72872872872872918E+00  8.35300283500655799E-02 -1.29541228361569360E+00
  3.77877877877877966E+00 -1.70405571030237540E-01 -1.30002563375925395E+00
  3.82882882882882924E+00 -4.22609344207413584E-01 -1.24978257675971682E+00
  3.87887887887887972E+00 -6.59564186622123350E-01 -1.14622764412125888E+00
  3.92892892892892931E+00 -8.68716720807359732E-01 -9.94691840539837724E-01
  3.97897897897897979E+00 -1.03963037778320144E+00 -8.03760123699672535E-01
  4.02902902902903026E+00 -1.16486968196903318E+00 -5.84378962758911991E-01
  4.07907907907907941E+00 -1.24050673865037919E+00 -3.48729944513630874E-01
  4.12912912912913033E+00 -1.26619627131378798E+00 -1.09025609283019409E-01
  4.17917917917917947E+00 -1.24482785735735146E+00  1.23609006996539719E-01
  4.22922922922923039E+00 -1.18182429550779688E+00  3.40022248222107470E-01
  4.27927927927927954E+00 -1.08420445040138480E+00  5.33580372542868386E-01
  4.32932932932933046E+00 -9.59559973035494007E-01  7.00315988690016100E-01
  4.37937937937938049E+00 -8.15103147943487594E-01  8.38687271944795310E-01
  4.42942942942942963E+00 -6.56926545724697886E-01  9.49014464690757342E-01
  4.47947947947948055E+00 -4.89576909738797972E-01  1.03270838356274353E+00
  4.52952952952952970E+00 -3.15992058779264007E-01  1.09143495440889504E+00
  4.57957957957958062E+00 -1.37789221001644063E-01  1.12636584026530717E+00
  4.62962962962962976E+00  4.41643351188866079E-02  1.13764746424366292E+00
  4.67967967967968068E+00  2.29013407142031500E-01  1.12418228631435424E+00
  4.72972972972973071E+00  4.15152137150798628E-01  1.08376319258089526E+00
  4.77977977977978075E+00  5.99583767293090486E-01  1.01354239352790132E+00
  4.82982982982983078E+00  7.77531706512754384E-01  9.10759245054698408E-01
  4.87987987987988081E+00  9.42391397885993465E-01  7.73605582466645902E-01
  4.92992992992993084E+00  1.08605779356535193E+00  6.02079841369275615E-01
  4.97997997997998088E+00  1.19960133757688858E+00  3.98677388583222936E-01
  5.03003003003003091E+00  1.27420602232004132E+00  1.68785668003344991E-01
  5.08008008008008094E+00  1.30223639643260714E+00 -7.93035679557232837E-02
  5.13013013013013097E+00  1.27827485883499214E+00 -3.34793273571989070E-01
  5.18018018018018100E+00  1.19997117094210104E+00 -5.85154648677989608E-01
  5.23023023023023104E+00  1.06857295732981949E+00 -8.17179255837848117E-01
  5.28028028028028107E+00  8.89054012335256716E-01 -1.01817077266390155E+00
  5.33033033033033110E+00  6.69817478337607630E-01 -1.17711760592312586E+00
  5.38038038038038113E+00  4.22012655666866576E-01 -1.28569306539560002E+00
  5.43043043043043117E+00  1.58557339789582585E-01 -1.33895795030610132E+00
  5.48048048048048120E+00 -1.07005206192391511E-01 -1.33568515248133357E+00
  5.53053053053053123E+00 -3.61668194716903313E-01 -1.27827948695179794E+00
  5.58058058058058126E+00 -5.93999025999659924E-01 -1.17232059826176904E+00
  5.63063063063063129E+00 -7.94931883835807818E-01 -1.02580545341327301E+00
  5.68068068068068133E+00 -9.58232030482040420E-01 -8.48203759174527949E-01
  5.73073073073073136E+00 -1.08059669443509243E+00 -6.49460097559751426E-01
  5.78078078078078228E+00 -1.16140945418933206E+00 -4.39077862307297617E-01
  5.83083083083083142E+00 -1.20221357291181752E+00 -2.25401804261220085E-01
  5.88088088088088234E+00 -1.20600748119425205E+00 -1.51807103942286897E-02
  5.93093093093093149E+00 -1.17648660253965565E+00  1.86555059031444315E-01
  5.98098098098098241E+00 -1.11735677032050318E+00  3.76317160814568397E-01
  6.03103103103103155E+00 -1.03182587761045208E+00  5.51746329625349863E-01
  6.08108108108108247E+00 -9.22345789442582720E-01  7.11059983517893124E-01
  6.13113113113113251E+00 -7.90632077388969123E-01  8.52475599514542215E-01
  6.18118118118118165E+00 -6.37942108722372891E-01  9.73724705734440699E-01
  6.23123123123123257E+00 -4.65549513249191416E-01  1.07175444784723828E+00
  6.28128128128128171E+00 -2.75320847431690052E-01  1.14268167249045005E+00
  6.33133133133133263E+00 -7.02823194332543449E-02  1.18202318864970035E+00
  6.38138138138138178E+00  1.44937228405691315E-01  1.18518083179049549E+00
  6.43143143143143270E+00  3.63885897832637195E-01  1.14811682073292176E+00
  6.48148148148148273E+00  5.78359216119143427E-01  1.06811929454012033E+00
  6.53153153153153276E+00  7.78786766202657299E-01  9.44535347049027529E-01
  6.58158158158158280E+00  9.54909525297048312E-01  7.79344231262738996E-01
  6.63163163163163283E+00  1.09667165248210607E+00  5.77459820648335009E-01
  6.68168168168168197E+00  1.19520878847730105E+00  3.46688662014867699E-01
  6.73173173173173289E+00  1.24379163314131835E+00  9.73231524192800235E-02
  6.78178178178178293E+00  1.23858507223331227E+00 -1.58590985042168869E-01
  6.83183183183183296E+00  1.17911046464471680E+00 -4.08219864398904786E-01
  6.88188188188188388E+00  1.06834648940901511E+00 -6.39009524068341217E-01
  6.93193193193193213E+00  9.12461694779593491E-01 -8.39715022279107104E-01
  6.98198198198198305E+00  7.20227220881624275E-01 -1.00126175944136464E+00
  7.03203203203203309E+00  5.02200578061653413E-01 -1.11734356725239103E+00
  7.08208208208208401E+00  2.69794838990157992E-01 -1.18470677346174202E+00
  7.13213213213213226E+00  3.43512265353602894E-02 -1.20311604971149677E+00
  7.18218218218218318E+00 -1.93680154699346324E-01 -1.17503882799836834E+00
  7.23223223223223322E+00 -4.05371852481658301E-01 -1.10511576848343251E+00
  7.28228228228228325E+00 -5.93715147797898690E-01 -9.99503139379888550E-01
  7.33233233233233417E+00 -7.53766891481049695E-01 -8.65178787676134431E-01
  7.38238238238238331E+00 -8.82565301790082302E-01 -7.09297525927971018E-01
  7.43243243243243334E+00 -9.78859594015291545E-01 -5.38666008675880992E-01
  7.48248248248248338E+00 -1.04271694814226845E+00 -3.59384162875641011E-01
  7.53253253253253430E+00 -1.07507924290390267E+00 -1.76673345348263233E-01
  7.58258258258258433E+00 -1.07734082861391078E+00  5.11566259495681904E-03
  7.63263263263263347E+00 -1.05100838701310928E+00  1.82345459599686732E-01
  7.68268268268268351E+00 -9.97486808150186421E-01  3.51833959168412813E-01
  7.73273273273273443E+00 -9.18013924413582871E-01  5.10553846653367671E-01
  7.78278278278278446E+00 -8.13744965619781491E-01  6.55350151270872039E-01
  7.83283283283283360E+00 -6.85967278417526249E-01  7.82731891457253415E-01
  7.88288288288288364E+00 -5.36408585914764369E-01  8.88783964497283474E-01
  7.93293293293293367E+00 -3.67588031590245001E-01  9.69231871227087760E-01
  7.98298298298298459E+00 -1.83148204199375136E-01  1.01967465838188698E+00
  8.03303303303303551E+00  1.19009695652472648E-02  1.03597959884830537E+00
  8.08308308308308376E+00  2.11096185902003824E-01  1.01480476193050539E+00
  8.13313313313313380E+00  4.06651251042430772E-01  9.54184417266540130E-01
  8.18318318318318383E+00  5.89835466286336763E-01  8.54083277233596783E-01
  8.23323323323323564E+00  7.51587343992460077E-01  7.16809166643856077E-01
  8.28328328328328567E+00  8.83297594200038283E-01  5.47180666881278976E-01
  8.33333333333333393E+00  9.77646827131317453E-01  3.52382230742235236E-01
  8.38338338338338396E+00  1.02935732096078025E+00  1.41499506864277896E-01
  8.43343343343343399E+00  1.03572694090059692E+00 -7.52035832696312107E-02
  8.48348348348348580E+00  9.96857420746690148E-01 -2.87148630650325254E-01
  8.53353353353353405E+00  9.15555745284164502E-01 -4.84305306548302172E-01
  8.58358358358358409E+00  7.96954874033998228E-01 -6.57923808918928432E-01
  8.63363363363363412E+00  6.47947889316742742E-01 -8.01052016932212285E-01
  8.68368368368368593E+00  4.76546295044063373E-01 -9.08809240527403306E-01
  8.73373373373373596E+00  2.91259471234422918E-01 -9.78439706879877025E-01
  8.78378378378378422E+00  1.00558919550557527E-01 -1.00920082155503432E+00
  8.83383383383383425E+00 -8.75473798910856860E-02 -1.00214945076137552E+00
  8.88388388388388606E+00 -2.65835678833314715E-01 -9.59878204013498104E-01
  8.93393393393393609E+00 -4.28102924000287322E-01 -8.86232250050791759E-01
  8.98398398398398612E+00 -5.69339436144652433E-01 -7.86015874532093761E-01
  9.03403403403403438E+00 -6.85846806701473466E-01 -6.64684851690545031E-01
  9.08408408408408441E+00 -7.75294790760329922E-01 -5.28019685015253093E-01
  9.13413413413413622E+00 -8.36699893456072541E-01 -3.81785081200333609E-01
  9.18418418418418625E+00 -8.70307315731064124E-01 -2.31397763781590105E-01
  9.23423423423423451E+00 -8.77369073911960728E-01 -8.16406366262776156E-02
  9.28428428428428454E+00 -8.59832172630689562E-01  6.35308627809208631E-02
  9.33433433433433635E+00 -8.19975832392675907E-01  2.01049503074195585E-01
  9.38438438438438638E+00 -7.60058334789840973E-01  3.28642541244119846E-01
  9.43443443443443641E+00 -6.82044791069392642E-01  4.44592289701071508E-01
  9.48448448448448467E+00 -5.87481901369726223E-01  5.47394925107793529E-01
  9.53453453453453648E+00 -4.77562659317156191E-01  6.35393335203359388E-01
  9.58458458458458651E+00 -3.53385089143962328E-01  7.06479295233339410E-01
  9.63463463463463654E+00 -2.16360997958625900E-01  7.57959507230470564E-01
  9.68468468468468657E+00 -6.86840629434841421E-02  7.86654354360766694E-01
  9.73473473473473661E+00  8.62652327468025476E-02  7.89248646942876997E-01
  9.78478478478478664E+00  2.43704230598330157E-01  7.62848848133806268E-01
  9.83483483483483667E+00  3.97516906912688650E-01  7.05637691877804341E-01
  9.88488488488488670E+00  5.40636409946217422E-01  6.17475658830670238E-01
  9.93493493493493496E+00  6.65688220910841677E-01  5.00297761754532333E-01
  9.98498498498498677E+00  7.65766955844383479E-01  3.58200115723720403E-01
  1.00350350350350368E+01  8.35182434339619584E-01  1.97192288892862527E-01
  1.00850850850850868E+01  8.70025690422863041E-01  2.46803054274766474E-02
  1.01351351351351369E+01  8.68467590550898061E-01 -1.51192003964506133E-01
  1.01851851851851869E+01  8.30785651881775333E-01 -3.22201374225417614E-01
  1.02352352352352369E+01  7.59184548099635426E-01 -4.80596044222293461E-01
  1.02852852852852870E+01  6.57507541166917009E-01 -6.19495104449426015E-01
  1.03353353353353370E+01  5.30924269926055126E-01 -7.33153377805858764E-01
  1.03853853853853870E+01  3.85638632680076088E-01 -8.17144291470609518E-01
  1.04354354354354371E+01  2.28612255012333843E-01 -8.68513302931655962E-01
  1.04854854854854871E+01  6.72659802648920557E-02 -8.85925538751475172E-01
  1.05355355355355371E+01 -9.08834390826327720E-02 -8.69789634278842594E-01
  1.05855855855855872E+01 -2.38670752014571441E-01 -8.22304421926531748E-01
  1.06356356356356372E+01 -3.69790175302506574E-01 -7.47361884624657358E-01
  1.06856856856856872E+01 -4.79294733843872334E-01 -6.50256587310598544E-01
  1.07357357357357373E+01 -5.63988008048004197E-01 -5.37195905050532829E-01
  1.07857857857857873E+01 -6.22609792780922544E-01 -4.14663377935321653E-01
  1.08358358358358373E+01 -6.55752073038452510E-01 -2.88739219448162554E-01
  1.08858858858858873E+01 -6.65502208498770731E-01 -1.64507799244845987E-01
  1.09359359359359374E+01 -6.54877147263144610E-01 -4.56710166966674894E-02
  1.09859859859859874E+01 -6.27164059294074816E-01  6.55584485171009229E-02
  1.10360360360360374E+01 -5.85303428443276430E-01  1.68274321238795072E-01
  1.10860860860860893E+01 -5.31436554422425211E-01  2.62458469378800074E-01
  1.11361361361361375E+01 -4.66698194373900366E-01  3.48427720724077628E-01
  1.11861861861861875E+01 -3.91280661587636358E-01  4.26266642853733613E-01
  1.12362362362362376E+01 -3.04742071842510120E-01  4.95361649677016125E-01
  1.12862862862862876E+01 -2.06488379547078021E-01  5.54126257664625754E-01
  1.13363363363363376E+01 -9.63311791282674967E-02  5.99969254330359414E-01
  1.13863863863863877E+01  2.49875002472257982E-02  6.29513505484755931E-01
  1.14364364364364377E+01  1.55405507143701244E-01  6.39028549112030886E-01
  1.14864864864864877E+01  2.91363792390173237E-01  6.25000890906948658E-01
  1.15365365365365395E+01  4.27880132671041413E-01  5.84739672661532262E-01
  1.15865865865865878E+01  5.58861307779862426E-01  5.16910305526779079E-01
  1.16366366366366378E+01  6.77595135024194106E-01  4.21909017101572192E-01
  1.16866866866866879E+01  7.77335256678648112E-01  3.02032275225321889E-01
  1.17367367367367397E+01  8.51890674130229564E-01  1.61441919988021571E-01
  1.17867867867867897E+01  8.96155818032532081E-01  5.96100320097118098E-03
  1.18368368368368380E+01  9.06550187134651408E-01 -1.57254894679651369E-01
  1.18868868868868880E+01  8.81360386738562651E-01 -3.20138295297599407E-01
  1.19369369369369380E+01  8.20980620925527926E-01 -4.74209300593344762E-01
  1.19869869869869898E+01  7.28032965470148175E-01 -6.11150149898373463E-01
  1.20370370370370381E+01  6.07329704340104248E-01 -7.23440244707752589E-01
  1.20870870870870881E+01  4.65633062397921016E-01 -8.05008016960501505E-01
  1.21371371371371382E+01  3.11183923442194310E-01 -8.51821041077319485E-01
  1.21871871871871900E+01  1.53011835441419608E-01 -8.62311736480554036E-01
  1.22372372372372400E+01  9.43372666408137325E-05 -8.37538082533150430E-01
  1.22872872872872883E+01 -1.39513480394819311E-01 -7.81014600694373229E-01
  1.23373373373373383E+01 -2.59429213163976824E-01 -6.98213985747271115E-01
  1.23873873873873901E+01 -3.55433876528102155E-01 -5.95816613561516051E-01
  1.24374374374374401E+01 -4.25616627660508562E-01 -4.80847933709561137E-01
  1.24874874874874902E+01 -4.70167145101699879E-01 -3.59869057189318498E-01
  1.25375375375375384E+01 -4.90889866117268314E-01 -2.38364073018169809E-01
  1.25875875875875884E+01 -4.90568058370076887E-01 -1.20408223877622692E-01
  1.26376376376376403E+01 -4.72318175433484866E-01 -8.62763479068676814E-03
  1.26876876876876903E+01 -4.39049480545353421E-01  9.56006051806522622E-02
  1.27377377377377385E+01 -3.93097247732209831E-01  1.91793660894843981E-01
  1.27877877877877886E+01 -3.36049706373117485E-01  2.79944442711357100E-01
  1.28378378378378404E+01 -2.68752913158994522E-01  3.60115530929082883E-01
  1.28878878878878904E+01 -1.91458043552920731E-01  4.32098993898755779E-01
  1.29379379379379404E+01 -1.04068999723408759E-01  4.95174267253449762E-01
  1.29879879879879887E+01 -6.44879716766276825E-03  5.47980304705237065E-01
  1.30380380380380387E+01  1.01253937803689284E-01  5.88507201333254737E-01
  1.30880880880880888E+01  2.18294056124746755E-01  6.14204274322587174E-01
  1.31381381381381388E+01  3.43067264676071404E-01  6.22194451543716220E-01
  1.31881881881881888E+01  4.72924992013568635E-01  6.09578280854905508E-01
  1.32382382382382406E+01  6.04092009398997876E-01  5.73804975782458704E-01
  1.32882882882882907E+01  7.31708216982453030E-01  5.13081990178876013E-01
  1.33383383383383372E+01  8.50011631061600270E-01  4.26787031100370862E-01
  1.33883883883883872E+01  9.52671856606154166E-01  3.15836189177965188E-01
  1.34384384384384390E+01  1.03326802373556648E+00  1.82951211425136817E-01
  1.34884884884884890E+01  1.08588025804649657E+00  3.27642661801736748E-02
  1.35385385385385391E+01  1.10573293351051949E+00 -1.28292143132305775E-01
  1.35885885885885891E+01  1.08980107610133081E+00 -2.92334785622629378E-01
  1.36386386386386391E+01  1.03728029085595819E+00 -4.50600916283821928E-01
  1.36886886886886909E+01  9.49833284575852699E-01 -5.94176830671238609E-01
  1.37387387387387410E+01  8.31561854925303101E-01 -7.14783638096252782E-01
  1.37887887887887874E+01  6.88703194426444898E-01 -8.05506135167499471E-01
  1.38388388388388393E+01  5.29099854240087542E-01 -8.61362951609773275E-01
  1.38888888888888893E+01  3.61529947020802156E-01 -8.79651124909042403E-01
  1.39389389389389393E+01  1.94998304937077593E-01 -8.60045502645671145E-01
  1.39889889889889893E+01  3.80777055508027262E-02 -8.04478354069756096E-01
  1.40390390390390394E+01 -1.01641635892145296E-01 -7.16853327837116527E-01
  1.40890890890890894E+01 -2.17972175327574014E-01 -6.02653039899357479E-01
  1.41391391391391412E+01 -3.06421934151077213E-01 -4.68484829651003742E-01
  1.41891891891891913E+01 -3.64368901841966464E-01 -3.21588268824327450E-01
  1.42392392392392377E+01 -3.91114876597594974E-01 -1.69316665903513963E-01
  1.42892892892892895E+01 -3.87803177108938191E-01 -1.86110715005356787E-02
  1.43393393393393396E+01 -3.57183051372403415E-01  1.24495483521095004E-01
  1.43893893893893896E+01 -3.03220044264399691E-01  2.55286975613530753E-01
  1.44394394394394396E+01 -2.30580891779641250E-01  3.70624631898806400E-01
  1.44894894894894897E+01 -1.44051830131506575E-01  4.69009586459536998E-01
  1.45395395395395415E+01 -4.79695590077123743E-02  5.50427039808471297E-01
  1.45895895895895915E+01  5.42506669902588570E-02  6.15985271658765710E-01
  1.46396396396396415E+01  1.60414407904043654E-01  6.67395613806684884E-01
  1.46896896896896916E+01  2.69619300541488915E-01  7.06366510367380185E-01
  1.47397397397397398E+01  3.82070671433973552E-01  7.34004799281439024E-01
  1.47897897897897899E+01  4.98649846697630350E-01  7.50328931547544986E-01
  1.48398398398398399E+01  6.20287112920134942E-01  7.53997516803104117E-01
  1.48898898898898899E+01  7.47238187473733273E-01  7.42334997189200041E-01
  1.49399399399399400E+01  8.78401279819205461E-01  7.11689151192949954E-01
  1.49899899899899918E+01  1.01082422048419440E+00  6.58086874164589997E-01
  1.50400400400400418E+01  1.13952471579117920E+00  5.78083123257235210E-01
  1.50900900900900918E+01  1.25768374247936832E+00  4.69648715156395336E-01
  1.51401401401401419E+01  1.35719298881752559E+00  3.32935114048433123E-01
  1.51901901901901901E+01  1.42947112828193901E+00  1.70788456582560089E-01
  1.52402402402402402E+01  1.46643082598663566E+00 -1.10590399905432738E-02
  1.52902902902902902E+01  1.46147851060187883E+00 -2.04140887405499433E-01
  1.53403403403403402E+01  1.41044425717080446E+00 -3.97741054784199743E-01
  1.53903903903903903E+01  1.31234871817095033E+00 -5.79687079200496114E-01
  1.54404404404404421E+01  1.16990939993500720E+00 -7.37411413502453206E-01
  1.54904904904904921E+01  9.89680172379696521E-01 -8.59205899362723846E-01
  1.55405405405405421E+01  7.81729494329673424E-01 -9.35536850342762016E-01
  1.55905905905905922E+01  5.58816314881729892E-01 -9.60227267960583220E-01
  1.56406406406406404E+01  3.35120504345744863E-01 -9.31282906265491484E-01
  1.56906906906906904E+01  1.24701015699514500E-01 -8.51171871876993280E-01
  1.57407407407407405E+01 -6.00563533972296101E-02 -7.26469373845537114E-01
  1.57907907907907905E+01 -2.09720426224481865E-01 -5.66920988419791994E-01
  1.58408408408408423E+01 -3.18606042806311052E-01 -3.84107889624328624E-01
  1.58908908908908924E+01 -3.84974052891369434E-01 -1.89970531204612242E-01
  1.59409409409409424E+01 -4.10667150880514586E-01  4.55295187218405714E-03
  1.59909909909909924E+01 -4.00308026714416620E-01  1.90575596311574502E-01
  1.60410410410410442E+01 -3.60238073930191027E-01  3.61884937362921599E-01
  1.60910910910910943E+01 -2.97382577074643828E-01  5.15111969688121785E-01
  1.61411411411411407E+01 -2.18206257197257919E-01  6.49483629587924272E-01
  1.61911911911911908E+01 -1.27886069952050291E-01  7.66242295972029641E-01
  1.62412412412412408E+01 -2.97860687532347269E-02  8.67843012796006397E-01
  1.62912912912912908E+01  7.47234114409973255E-02  9.57051902929764720E-01
  1.63413413413413409E+01  1.86101125841274667E-01  1.03606991767565160E+00
  1.63913913913913909E+01  3.06161437927249536E-01  1.10579545897666143E+00
  1.64414414414414445E+01  4.37359731910002547E-01  1.16531887123059219E+00
  1.64914914914914945E+01  5.81926332919651457E-01  1.21171494480043296E+00
  1.65415415415415445E+01  7.40951448399879253E-01  1.24017132933153995E+00
  1.65915915915915910E+01  9.13531484674242944E-01  1.24446376707269080E+00
  1.66416416416416411E+01  1.09609394728688847E+00  1.21776078192939030E+00
  1.66916916916916911E+01  1.28202312470417046E+00  1.15370456952363365E+00
  1.67417417417417411E+01  1.46170382879900984E+00  1.04766682504304742E+00
  1.67917917917917912E+01  1.62307343510894331E+00  8.98021167376046758E-01
  1.68418418418418447E+01  1.75271321210911868E+00  7.07220113191422861E-01
  1.68918918918918948E+01  1.83741593198122555E+00  4.82433804735624694E-01
  1.69419419419419448E+01  1.86604666563426358E+00  2.35522702673976403E-01
  1.69919919919919948E+01  1.83139065685044811E+00 -1.78017124951610241E-02
  1.70420420420420413E+01  1.73159713457200626E+00 -2.59615783877495121E-01
  1.70920920920920913E+01  1.57083521881061983E+00 -4.71993507972722770E-01
  1.71421421421421414E+01  1.35892187785528451E+00 -6.39349025634891599E-01
  1.71921921921921914E+01  1.10995359274271999E+00 -7.50370925298256553E-01
  1.72422422422422414E+01  8.40281160582476705E-01 -7.99097210387155199E-01
  1.72922922922922950E+01  5.66364196943768050E-01 -7.84956575780160981E-01
  1.73423423423423451E+01  3.03019346384732935E-01 -7.11943115457481013E-01
  1.73923923923923951E+01  6.23501599422505576E-02 -5.87325784601964496E-01
  1.74424424424424451E+01 -1.46646007726242256E-01 -4.20318634622416365E-01
  1.74924924924924952E+01 -3.18001029536795377E-01 -2.20986103265495171E-01
  1.75425425425425416E+01 -4.48477168166608431E-01  5.45567386032224906E-04
  1.75925925925925917E+01 -5.37213333445873187E-01  2.34638611041266931E-01
  1.76426426426426417E+01 -5.85369511756034355E-01  4.72557968329639810E-01
  1.76926926926926953E+01 -5.95746344800268668E-01  7.06811333669233433E-01
  1.77427427427427453E+01 -5.72339887215544851E-01  9.31415308325169833E-01
  1.77927927927927954E+01 -5.19818144283711869E-01  1.14204465223153284E+00
  1.78428428428428454E+01 -4.42948966271566491E-01  1.33601073506494661E+00
  1.78928928928928954E+01 -3.46046761187554452E-01  1.51203294936525534E+00
  1.79429429429429455E+01 -2.32526985550984611E-01  1.66980227060066122E+00
  1.79929929929929919E+01 -1.04659037995630338E-01  1.80937849949642038E+00
  1.80430430430430420E+01  3.64091490061385498E-02  1.93050348397683735E+00
  1.80930930930930920E+01  1.90315266072632161E-01  2.03194558015358062E+00
  1.81431431431431456E+01  3.56843248945859226E-01  2.11101093887600566E+00
  1.81931931931931956E+01  5.35045990856431009E-01  2.16336002253060933E+00
  1.82432432432432456E+01  7.22260117477490193E-01  2.18324703224556815E+00
  1.82932932932932957E+01  9.13205606028681283E-01  2.16424905310244231E+00
  1.83433433433433457E+01  1.09941068999247871E+00  2.10046614070840931E+00
  1.83933933933933957E+01  1.26921514774766209E+00  1.98805403384481005E+00
  1.84434434434434422E+01  1.40855579756101656E+00  1.82680844814018273E+00
  1.84934934934934923E+01  1.50259461858196430E+00  1.62138615095187344E+00
  1.85435435435435423E+01  1.53799423736824004E+00  1.38169403989296646E+00
  1.85935935935935959E+01  1.50532387685163260E+00  1.12210857990214241E+00
  1.86436436436436459E+01  1.40085380137485416E+00  8.59571624853929128E-01
  1.86936936936936959E+01  1.22710379275493109E+00  6.11136981496986142E-01
  1.87437437437437460E+01  9.92049286338013481E-01  3.91870244822080549E-01
  1.87937937937937960E+01  7.07576610161082531E-01  2.13770626231000266E-01
  1.88438438438438460E+01  3.88053147901215145E-01  8.56472027829154187E-02
  1.88938938938938961E+01  4.94507997243150629E-02  1.32530768937648476E-02
  1.89439439439439425E+01 -2.91258313372955158E-01 -9.50648221769158602E-04
  1.89939939939939961E+01 -6.17010118157608756E-01  4.16185660272352653E-02
  1.90440440440440462E+01 -9.12088131999097218E-01  1.35286937830295412E-01
  1.90940940940940962E+01 -1.16376933463058485E+00  2.70481720447741047E-01
  1.91441441441441462E+01 -1.36361173621245180E+00  4.34902167125342187E-01
  1.91941941941941963E+01 -1.50799141791084690E+00  6.15165046001486249E-01
  1.92442442442442463E+01 -1.59783719760850151E+00  7.98456439449629740E-01
  1.92942942942942963E+01 -1.63776332173324968E+00  9.73840015889642974E-01
  1.93443443443443464E+01 -1.63487841328182948E+00  1.13306876262768053E+00
  1.93943943943943928E+01 -1.59750495600817022E+00  1.27089376595558745E+00
  1.94444444444444464E+01 -1.53396892686750874E+00  1.38492379155948564E+00
  1.94944944944944965E+01 -1.45157635801724538E+00  1.47509427928598735E+00
  1.95445445445445465E+01 -1.35589459316808947E+00  1.54280996691919103E+00
  1.95945945945945965E+01 -1.25046713537108878E+00  1.58987345982647410E+00
  1.96446446446446465E+01 -1.13705852162001242E+00  1.61740104787493499E+00
  1.96946946946946966E+01 -1.01641511257622730E+00  1.62500772295297291E+00
  1.97447447447447466E+01 -8.89354623900703301E-01  1.61054618787550785E+00
  1.97947947947947966E+01 -7.57829934720306686E-01  1.57056110702003204E+00
  1.98448448448448431E+01 -6.25549778512609289E-01  1.50137530645961670E+00
  1.98948948948948967E+01 -4.97868839808222663E-01  1.40044044376147969E+00
  1.99449449449449467E+01 -3.80990624404929423E-01  1.26741960894037775E+00
  1.99949949949949968E+01 -2.80903222383682538E-01  1.10458630553932036E+00
  2.00450450450450468E+01 -2.02600649326334287E-01  9.16517511049297018E-01
  2.00950950950950968E+01 -1.49859964727678208E-01  7.09446772722386432E-01
  2.01451451451451469E+01 -1.25369575869896749E-01  4.90685684346057249E-01
  2.01951951951951969E+01 -1.30798543641635595E-01  2.68221842424002044E-01
  2.02452452452452469E+01 -1.66627488906175125E-01  5.03310844536430310E-02
  2.02952952952952970E+01 -2.31908859987073501E-01 -1.54925556714589269E-01
  2.03453453453453470E+01 -3.24211770577147507E-01 -3.40241067591238122E-01
  2.03953953953953970E+01 -4.39820386836224819E-01 -4.99453837634900921E-01
  2.04454454454454471E+01 -5.74047871699684853E-01 -6.27693664876752266E-01
  2.04954954954954971E+01 -7.21484879984684246E-01 -7.21343809239314182E-01
  2.05455455455455471E+01 -8.76103753356891057E-01 -7.77974716225513729E-01
  2.05955955955955972E+01 -1.03127124473614695E+00 -7.96390489638102328E-01
  2.06456456456456472E+01 -1.17979953842602114E+00 -7.76838770412110136E-01
  2.06956956956956972E+01 -1.31416406302521738E+00 -7.21325772380685293E-01
  2.07457457457457473E+01 -1.42695222857643578E+00 -6.33901423396913133E-01
  2.07957957957957973E+01 -1.51151478154793373E+00 -5.20763194312360622E-01
  2.08458458458458473E+01 -1.56271077110279166E+00 -3.90069252656316257E-01
  2.08958958958958974E+01 -1.57759450992461336E+00 -2.51426022808603433E-01
  2.09459459459459474E+01 -1.55589201333184479E+00 -1.15092667842738056E-01
  2.09959959959959974E+01 -1.50014532319188443E+00  8.99002053354760154E-03
  2.10460460460460475E+01 -1.41545881695824294E+00  1.12189671297291460E-01
  2.10960960960960975E+01 -1.30886143801380261E+00  1.88007945450772318E-01
  2.11461461461461475E+01 -1.18839499033328200E+00  2.32571929376337472E-01
  2.11961961961961975E+01 -1.06212253033911552E+00  2.44691684033084611E-01
  2.12462462462462476E+01 -9.37280014314304299E-01  2.25501483986913803E-01
  2.12962962962962976E+01 -8.19742494890364548E-01  1.77821882349294663E-01
  2.13463463463463476E+01 -7.13860950106490644E-01  1.05445131061877861E-01
  2.13963963963963977E+01 -6.22603487902427366E-01  1.25292452467337702E-02
  2.14464464464464477E+01 -5.47861160277575365E-01 -9.67939064921273379E-02
  2.14964964964964977E+01 -4.90772931454757755E-01 -2.18584828703964507E-01
  2.15465465465465478E+01 -4.51966383956100726E-01 -3.49092424929891954E-01
  2.15965965965965978E+01 -4.31667402176400261E-01 -4.84663516256349847E-01
  2.16466466466466478E+01 -4.29680803918982279E-01 -6.21647457615877697E-01
  2.16966966966966979E+01 -4.45277372293026497E-01 -7.56358503930501080E-01
  2.17467467467467479E+01 -4.77041617622081471E-01 -8.85132134014262939E-01
  2.17967967967967979E+01 -5.22740735619225516E-01 -1.00448281359144054E+00
  2.18468468468468480E+01 -5.79269831669041779E-01 -1.11134343367155131E+00
  2.18968968968968980E+01 -6.42713081180673051E-01 -1.20334466727803879E+00
  2.19469469469469480E+01 -7.08538032702913601E-01 -1.27907917440405483E+00
  2.19969969969969981E+01 -7.71915061516824652E-01 -1.33829290849557281E+00
  2.20470470470470481E+01 -8.28130622488911450E-01 -1.38195341360505708E+00
  2.20970970970970981E+01 -8.73044640826818652E-01 -1.41216060630086426E+00
  2.21471471471471517E+01 -9.03529917136871252E-01 -1.43188628662394302E+00
  2.21971971971971982E+01 -9.17823908738943373E-01 -1.44455334756237574E+00
  2.22472472472472482E+01 -9.15721054664018319E-01 -1.45349568661175743E+00
  2.22972972972972983E+01 -8.98542205267900740E-01 -1.46137615681851085E+00
  2.23473473473473483E+01 -8.68846720003216277E-01 -1.46967643711931828E+00
  2.23973973973973983E+01 -8.29909087287733938E-01 -1.47839117456591240E+00
  2.24474474474474484E+01 -7.85055852296410617E-01 -1.48603475664574503E+00
  2.24974974974974984E+01 -7.37019435800298717E-01 -1.48999182697672206E+00
  2.25475475475475520E+01 -6.87476146629200313E-01 -1.48713366848809114E+00
  2.25975975975976020E+01 -6.36880640390145136E-01 -1.47453119842704750E+00
  2.26476476476476485E+01 -5.84609445551372175E-01 -1.45006815406057732E+00
  2.26976976976976985E+01 -5.29328196370147053E-01 -1.41280697110580844E+00
  2.27477477477477485E+01 -4.69442855785089486E-01 -1.36305604288507309E+00
  2.27977977977977986E+01 -4.03498946243691592E-01 -1.30218331095537776E+00
  2.28478478478478486E+01 -3.30439496400780963E-01 -1.23228160908706252E+00
  2.28978978978978986E+01 -2.49693702470741463E-01 -1.15580613572154389E+00
  2.29479479479479487E+01 -1.61121593655479262E-01 -1.07528431561709814E+00
  2.29979979979980023E+01 -6.48754039499102181E-02 -9.93158582234322074E-01
  2.30480480480480523E+01  3.87464772182929129E-02 -9.11774723492300043E-01
  2.30980980980980988E+01  1.49383290927580764E-01 -8.33481427391946528E-01
  2.31481481481481488E+01  2.66590407236880378E-01 -7.60771635678752500E-01
  2.31981981981981988E+01  3.89709069581984258E-01 -6.96384571390648355E-01
  2.32482482482482489E+01  5.17662490396921138E-01 -6.43302423340691432E-01
  2.32982982982982989E+01  6.48738614958000337E-01 -6.04609509083943064E-01
  2.33483483483483489E+01  7.80427189898060703E-01 -5.83220758872683764E-01
  2.33983983983983990E+01  9.09369590481897916E-01 -5.81520219571729502E-01
  2.34484484484484526E+01  1.03145744825494701E+00 -6.00973150959269620E-01
  2.34984984984985026E+01  1.14208584226517629E+00 -6.41783698590916218E-01
  2.35485485485485526E+01  1.23653641028999184E+00 -7.02663651331197792E-01
  2.35985985985985991E+01  1.31044198032921200E+00 -7.80760025057882667E-01
  2.36486486486486491E+01  1.36027006969099129E+00 -8.71765481627886918E-01
  2.36986986986986992E+01  1.38375759997911341E+00 -9.70209897758826711E-01
  2.37487487487487492E+01  1.38023272731222102E+00 -1.06990591964531490E+00
  2.37987987987987992E+01  1.35077186334478494E+00 -1.16449801853237189E+00
  2.38488488488488528E+01  1.29816075045479673E+00 -1.24804640684243751E+00
  2.38988988988989028E+01  1.22665622995308143E+00 -1.31556794409164368E+00
  2.39489489489489529E+01  1.14157623023188881E+00 -1.36345889407339871E+00
  2.39989989989990029E+01  1.04877407484196272E+00 -1.38973996241262343E+00
  2.40490490490490494E+01  9.54073988014004004E-01 -1.39409064791464088E+00
  2.40990990990990994E+01  8.62753481522364307E-01 -1.37767368093184217E+00
  2.41491491491491495E+01  7.79152785468625098E-01 -1.34278623093935234E+00
  2.41991991991991995E+01  7.06470857308797551E-01 -1.29240717973104702E+00
  2.42492492492492495E+01  6.46772547145210930E-01 -1.22973279497978982E+00
  2.42992992992993031E+01  6.01185806665555766E-01 -1.15779917849211467E+00
  2.43493493493493531E+01  5.70220020563258156E-01 -1.07927188684589037E+00
  2.43993993993994032E+01  5.54100973900334970E-01 -9.96438991381486838E-01
  2.44494494494494532E+01  5.53010863550861043E-01 -9.11381775017003348E-01
  2.44994994994994997E+01  5.67152298069275140E-01 -8.26237263597473848E-01
  2.45495495495495497E+01  5.96616724843272661E-01 -7.43433562657868530E-01
  2.45995995995995997E+01  6.41107278364705158E-01 -6.65788117841278337E-01
  2.46496496496496498E+01  6.99616270061307444E-01 -5.96406567322672276E-01
  2.46996996996997034E+01  7.70172199832444226E-01 -5.38385144239961311E-01
  2.47497497497497534E+01  8.49751088154205636E-01 -4.94379132789223741E-01
  2.47997997997998034E+01  9.34403247001157844E-01 -4.66138622321801255E-01
  2.48498498498498535E+01  1.01959216003431030E+00 -4.54124886076975931E-01
  2.48998998998999035E+01  1.10068905288166552E+00 -4.57305719416419787E-01
  2.49499499499499535E+01  1.17352671672665476E+00 -4.73189908393993441E-01
  2.50000000000000000E+01  1.23489857083595522E+00 -4.98108347503233406E-01
  2.50500500500500500E+01  1.28289797927653537E+00 -5.27694264686404457E-01
  2.51001001001001001E+01  1.31702645583230771E+00 -5.57470015705068933E-01
  2.51501501501501536E+01  1.33805028036502094E+00 -5.83423142097323932E-01
  2.52002002002002037E+01  1.34764209989975980E+00 -6.02455924603250814E-01
  2.52502502502502537E+01  1.34789413768125765E+00 -6.12621221748057332E-01
  2.53003003003003037E+01  1.34081989700459081E+00 -6.13107386806074128E-01
  2.53503503503503538E+01  1.32796272633436807E+00 -6.03994787557040724E-01
  2.54004004004004038E+01  1.31020072655293607E+00 -5.85860388953821087E-01
  2.54504504504504503E+01  1.28778584874651414E+00 -5.59340463918206687E-01
  2.55005005005005003E+01  1.26059530212175419E+00 -5.24766653676675188E-01
  2.55505505505505504E+01  1.22852135685560482E+00 -4.81968236819754425E-01
  2.56006006006006039E+01  1.19189227777676754E+00 -4.30291276729261762E-01
  2.56506506506506540E+01  1.15180707330633325E+00 -3.68832612741746946E-01
  2.57007007007007040E+01  1.11028138849239855E+00 -2.96831504537243551E-01
  2.57507507507507540E+01  1.07014240752508294E+00 -2.14113290333807577E-01
  2.58008008008008041E+01  1.03467534836734565E+00 -1.21451966183796750E-01
  2.58508508508508541E+01  1.00710064985672920E+00 -2.07291721428876398E-02
  2.59009009009009006E+01  9.90022606363583413E-01  8.51769796963645076E-02
  2.59509509509509506E+01  9.85006548951836480E-01  1.92753661289462586E-01
  2.60010010010010042E+01  9.92399589567517060E-01  2.98364099218159706E-01
  2.60510510510510542E+01  1.01142621675033606E+00  3.98761025550425363E-01
  2.61011011011011078E+01  1.04050138337351772E+00  4.91463380733805744E-01
  2.61511511511511543E+01  1.07764399022735091E+00  5.74909195600599054E-01
  2.62012012012012008E+01  1.12085858075562728E+00  6.48374268699954626E-01
  2.62512512512512544E+01  1.16838001925020163E+00  7.11719242518008000E-01
  2.63013013013013008E+01  1.21873071739494643E+00  7.65072924646648334E-01
  2.63513513513513544E+01  1.27060304767885035E+00  8.08566154387064251E-01
  2.64014014014014009E+01  1.32263188050720459E+00  8.42201828607677339E-01
  2.64514514514514545E+01  1.37315064424889988E+00  8.65896402689850908E-01
  2.65015015015015045E+01  1.42002432563016168E+00  8.79672888039382705E-01
  2.65515515515515581E+01  1.46062725816434735E+00  8.83939873650205876E-01
  2.66016016016016046E+01  1.49199067979957256E+00  8.79766057628532439E-01
  2.66516516516516511E+01  1.51109680645418543E+00  8.69060356305536130E-01
  2.67017017017017046E+01  1.51525568464341531E+00  8.54592447856682869E-01
  2.67517517517517511E+01  1.50247906961651223E+00  8.39829863268388266E-01
  2.68018018018018047E+01  1.47176714476192250E+00  8.28613939437393032E-01
  2.68518518518518512E+01  1.42324762915341840E+00  8.24736388743413373E-01
  2.69019019019019048E+01  1.35814578049387502E+00  8.31501572146335355E-01
  2.69519519519519548E+01  1.27860704200362085E+00  8.51361002376743725E-01
  2.70020020020020084E+01  1.18742857370684751E+00  8.85685044540535760E-01
  2.70520520520520549E+01  1.08777025108815573E+00  9.34697263117743926E-01
  2.71021021021021014E+01  9.82905065047400051E-01  9.97551267732024072E-01
  2.71521521521521549E+01  8.76038124473799806E-01  1.07249527502168429E+00
  2.72022022022022014E+01  7.70186794967895660E-01  1.15706139883020875E+00
  2.72522522522522550E+01  6.68089979844518678E-01  1.24823691710228335E+00
  2.73023023023023050E+01  5.72113280655421330E-01  1.34260698839080561E+00
  2.73523523523523551E+01  4.84134283833161649E-01  1.43648186400356215E+00
  2.74024024024024051E+01  4.05414206402192889E-01  1.52602965363020315E+00
  2.74524524524524587E+01  3.36478328798888782E-01  1.60743299924067906E+00
  2.75025025025025052E+01  2.77036074402418508E-01  1.67707895998568901E+00
  2.75525525525525516E+01  2.25972924263691005E-01  1.73177713794713939E+00
  2.76026026026026052E+01  1.81439607956777105E-01  1.76898371239315289E+00
  2.76526526526526517E+01  1.41047564164011180E-01  1.78699384948104845E+00
  2.77027027027027053E+01  1.02154699344707958E-01  1.78505891663952232E+00
  2.77527527527527553E+01  6.21983268467886097E-02  1.76339340544562817E+00
  2.78028028028028054E+01  1.90128681119953770E-02  1.72305951251172251E+00
  2.78528528528528554E+01 -2.89327961490092461E-02  1.66574863729040223E+00
  2.79029029029029090E+01 -8.24265705561000178E-02  1.59350864968620476E+00
  2.79529529529529555E+01 -1.41548454162669368E-01  1.50848399278761480E+00
  2.80030030030030019E+01 -2.05825104493184891E-01  1.41273531109696227E+00
  2.80530530530530555E+01 -2.74442891444477532E-01  1.30818256614927519E+00
  2.81031031031031020E+01 -3.46440983334996511E-01  1.19667302497613193E+00
  2.81531531531531556E+01 -4.20817693171030072E-01  1.08012571816601755E+00
  2.82032032032032056E+01 -4.96524197399710543E-01  9.60668535496076559E-01
  2.82532532532532592E+01 -5.72373521228247473E-01  8.40683224857804112E-01
  2.83033033033033057E+01 -6.46933182759412029E-01  7.22711639679258444E-01
  2.83533533533533593E+01 -7.18476732244542227E-01  6.09236301178460837E-01
  2.84034034034034057E+01 -7.85041521132213815E-01  5.02400548484944864E-01
  2.84534534534534522E+01 -8.44594643911420029E-01  4.03756156662411880E-01
  2.85035035035035058E+01 -8.95267534047868851E-01  3.14114833600724008E-01
  2.85535535535535523E+01 -9.35595581927248121E-01  2.33543425171077179E-01
  2.86036036036036059E+01 -9.64697040680727258E-01  1.61495384302186379E-01
  2.86536536536536559E+01 -9.82344610713459576E-01  9.70292764944333114E-02
  2.87037037037037095E+01 -9.88916989469380114E-01  3.90432784670369376E-02
  2.87537537537537560E+01 -9.85254114587688856E-01 -1.35405144354021692E-02
  2.88038038038038096E+01 -9.72465477060824979E-01 -6.16814490469412627E-02
  2.88538538538538560E+01 -9.51747868248425721E-01 -1.06219569525751983E-01
  2.89039039039039096E+01 -9.24257848538143745E-01 -1.47943192237979554E-01
  2.89539539539539561E+01 -8.91061959962935135E-01 -1.87683085170241432E-01
  2.90040040040040026E+01 -8.53162806834433574E-01 -2.26390143996309690E-01
  2.90540540540540562E+01 -8.11578343315894624E-01 -2.65163474955210365E-01
  2.91041041041041062E+01 -7.67438958148767059E-01 -3.05212688702749146E-01
  2.91541541541541598E+01 -7.22063963642477047E-01 -3.47757737679805112E-01
  2.92042042042042063E+01 -6.76986079184834888E-01 -3.93887717511956115E-01
  2.92542542542542598E+01 -6.33907897389726083E-01 -4.44412475264415463E-01
  2.93043043043043063E+01 -5.94594177486341913E-01 -4.99743982433355993E-01
  2.93543543543543599E+01 -5.60722154852242305E-01 -5.59836943221655559E-01
  2.94044044044044064E+01 -5.33723149120761353E-01 -6.24202356588749896E-01
  2.94544544544544564E+01 -5.14649810537120778E-01 -6.91988941819062342E-01
  2.95045045045045065E+01 -5.04095342470170626E-01 -7.62111116748002249E-01
  2.95545545545545565E+01 -5.02177277085731233E-01 -8.33392570013989364E-01
  2.96046046046046101E+01 -5.08582736714640382E-01 -9.04693079906728204E-01
  2.96546546546546566E+01 -5.22658250772604527E-01 -9.74992709683214831E-01
  2.97047047047047101E+01 -5.43518182810362571E-01 -1.04341975326133962E+00
  2.97547547547547566E+01 -5.70143520612744537E-01 -1.10922359045230956E+00
  2.98048048048048102E+01 -6.01447402466661840E-01 -1.17170744144686090E+00
  2.98548548548548567E+01 -6.36293947436596175E-01 -1.23014591805471740E+00
  2.99049049049049067E+01 -6.73470325234080902E-01 -1.28371626487576096E+00
  2.99549549549549567E+01 -7.11625614047028177E-01 -1.33146941651183126E+00
  3.00050050050050068E+01 -7.49200823353778467E-01 -1.37235783352973573E+00
  3.00550550550550604E+01 -7.84379806638342392E-01 -1.40532318305728343E+00
  3.01051051051051068E+01 -8.15088850122479558E-01 -1.42943122210407325E+00
  3.01551551551551604E+01 -8.39063219894188861E-01 -1.44402753727592525E+00
  3.02052052052052069E+01 -8.53983602354125737E-01 -1.44887995737270425E+00
  3.02552552552552605E+01 -8.57667848546722511E-01 -1.44427417913549294E+00
  3.03053053053053070E+01 -8.48288500290784730E-01 -1.43103878617006663E+00
  3.03553553553553570E+01 -8.24578582498807555E-01 -1.41049192145258462E+00
  3.04054054054054070E+01 -7.85989404243931267E-01 -1.38431970927151693E+00
  3.04554554554554571E+01 -7.32773981194562163E-01 -1.35441083016193953E+00
  3.05055055055055107E+01 -6.65984855641290840E-01 -1.32267849515489777E+00
  3.05555555555555571E+01 -5.87390925407575426E-01 -1.29089927985319020E+00
  3.06056056056056107E+01 -4.99330324002460413E-01 -1.26058973997811785E+00
  3.06556556556556572E+01 -4.04523313495640247E-01 -1.23293027768252261E+00
  3.07057057057057108E+01 -3.05870668244882016E-01 -1.20873526635678497E+00
  3.07557557557557573E+01 -2.06260552493701566E-01 -1.18846133207303151E+00
  3.08058058058058073E+01 -1.08401944419977497E-01 -1.17224237318109425E+00
  3.08558558558558609E+01 -1.46963350694298504E-02 -1.15993963526788257E+00
  3.09059059059059074E+01  7.28473670987504346E-02 -1.15119691600426788E+00
  3.09559559559559609E+01  1.52656091022803614E-01 -1.14549381270411743E+00
  3.10060060060060074E+01  2.23600222105736796E-01 -1.14219302267009848E+00
  3.10560560560560610E+01  2.84974554248989820E-01 -1.14058041181713943E+00
  3.11061061061061075E+01  3.36462140258525055E-01 -1.13989850760790845E+00
  3.11561561561561611E+01  3.78089431999127257E-01 -1.13937515880959550E+00
  3.12062062062062076E+01  4.10178841697437346E-01 -1.13824942000409179E+00
  3.12562562562562576E+01  4.33302258838251131E-01 -1.13579640556159833E+00
  3.13063063063063112E+01  4.48236764429276846E-01 -1.13135208436905477E+00
  3.13563563563563577E+01  4.55922223265473714E-01 -1.12433796800970409E+00
  3.14064064064064112E+01  4.57419769745017801E-01 -1.11428464661320525E+00
  3.14564564564564577E+01  4.53870343617235328E-01 -1.10085241549096979E+00
  3.15065065065065113E+01  4.46453097859990933E-01 -1.08384700146762092E+00
  3.15565565565565578E+01  4.36344325152983548E-01 -1.06322868701449424E+00
  3.16066066066066114E+01  4.24678196911128958E-01 -1.03911383027084581E+00
  3.16566566566566578E+01  4.12510870855749001E-01 -1.01176865947071892E+00
  3.17067067067067114E+01  4.00789364518579050E-01 -9.81596016147956885E-01
  3.17567567567567615E+01  3.90326138335812201E-01 -9.49116227140676449E-01
  3.18068068068068079E+01  3.81779801988305856E-01 -9.14943425135403499E-01
  3.18568568568568615E+01  3.75641966990457599E-01 -8.79758484922471995E-01
  3.19069069069069080E+01  3.72230140056980185E-01 -8.44279480242245306E-01
  3.19569569569569616E+01  3.71686669227638378E-01 -8.09230401227844731E-01
  3.20070070070070116E+01  3.73983978223389135E-01 -7.75308944787367893E-01
  3.20570570570570652E+01  3.78936458765234685E-01 -7.43154513193754918E-01
  3.21071071071071117E+01  3.86219272999209606E-01 -7.13318014889264052E-01
  3.21571571571571653E+01  3.95393886767952230E-01 -6.86235465243754450E-01
  3.22072072072072118E+01  4.05939469129020403E-01 -6.62207545019691479E-01
  3.22572572572572582E+01  4.17288508270547365E-01 -6.41387072620959287E-01
  3.23073073073073118E+01  4.28864299589494569E-01 -6.23775769606625952E-01
  3.23573573573573583E+01  4.40117525679407207E-01 -6.09230832940156564E-01
  3.24074074074074119E+01  4.50559072968181762E-01 -5.97480821897936387E-01
  3.24574574574574584E+01  4.59786538352823848E-01 -5.88149392565760043E-01
  3.25075075075075119E+01  4.67502521401949089E-01 -5.80784620354454884E-01
  3.25575575575575584E+01  4.73523671563419013E-01 -5.74891149993585815E-01
  3.26076076076076120E+01  4.77780435998967634E-01 -5.69962258426551127E-01
  3.26576576576576585E+01  4.80308398346207310E-01 -5.65509110789425562E-01
  3.27077077077077050E+01  4.81232892193103945E-01 -5.61084988524348405E-01
  3.27577577577577586E+01  4.80749123544288059E-01 -5.56302991600461039E-01
  3.28078078078078121E+01  4.79100288799323148E-01 -5.50846561800142798E-01
  3.28578578578578657E+01  4.76556113452629382E-01 -5.44473031121074147E-01
  3.29079079079079122E+01  4.73393885211921384E-01 -5.37011163403223746E-01
  3.29579579579579658E+01  4.69883470703274242E-01 -5.28354238379580843E-01
  3.30080080080080123E+01  4.66277071621597095E-01 -5.18450558760564451E-01
  3.30580580580580659E+01  4.62803697338088571E-01 -5.07293305879040535E-01
  3.31081081081081123E+01  4.59667618852735604E-01 -4.94911427113212676E-01
  3.31581581581581588E+01  4.57049531458923741E-01 -4.81362749030584902E-01
  3.32082082082082124E+01  4.55108876757453706E-01 -4.66729855862034526E-01
  3.32582582582582589E+01  4.53985804278998761E-01 -4.51118569475576325E-01
  3.33083083083083125E+01  4.53801578710393949E-01 -4.34658246299163609E-01
  3.33583583583583589E+01  4.54656789925019789E-01 -4.17502689316738562E-01
  3.34084084084084125E+01  4.56627379483699192E-01 -3.99830339588084449E-01
  3.34584584584584590E+01  4.59759115446460254E-01 -3.81842579579016350E-01
  3.35085085085085126E+01  4.64061595591237441E-01 -3.63759399349513290E-01
  3.35585585585585591E+01  4.69503051275532823E-01 -3.45812240838514140E-01
  3.36086086086086127E+01  4.76007139856333084E-01 -3.28234414224821636E-01
  3.36586586586586591E+01  4.83452598660101873E-01 -3.11249953011075664E-01
  3.37087087087087127E+01  4.91676180742270985E-01 -2.95062060264347947E-01
  3.37587587587587663E+01  5.00478810650961004E-01 -2.79842370446480138E-01
  3.38088088088088128E+01  5.09634480177036053E-01 -2.65722132321900117E-01
  3.38588588588588664E+01  5.18901106391094324E-01 -2.52786163141912712E-01
  3.39089089089089128E+01  5.28032412611124768E-01 -2.41070096068881606E-01
  3.39589589589589664E+01  5.36789851126046158E-01 -2.30561094968191160E-01
  3.40090090090090129E+01  5.44953634520595531E-01 -2.21201877666459074E-01
  3.40590590590590594E+01  5.52332054109110349E-01 -2.12897588130626120E-01
  3.41091091091091130E+01  5.58768426983328292E-01 -2.05524800258798074E-01
  3.41591591591591595E+01  5.64145228052454817E-01 -1.98941735667067465E-01
  3.42092092092092130E+01  5.68385232801412288E-01 -1.92998659619564222E-01
  3.42592592592592595E+01  5.71449810438758310E-01 -1.87547414200821855E-01
  3.43093093093093131E+01  5.73334833202652216E-01 -1.82449180983358356E-01
  3.43593593593593596E+01  5.74064951722081607E-01 -1.77579839479946378E-01
  3.44094094094094132E+01  5.73687166043145069E-01 -1.72832671407143840E-01
  3.44594594594594597E+01  5.72264647458671005E-01 -1.68118589371826554E-01
  3.45095095095095132E+01  5.69871620290461456E-01 -1.63364457371004773E-01
  3.45595595595595597E+01  5.66589820094423935E-01 -1.58510338128554973E-01
  3.46096096096096133E+01  5.62506667664462556E-01 -1.53506594339492014E-01
  3.46596596596596669E+01  5.57714919141343857E-01 -1.48311674896749762E-01
  3.47097097097097134E+01  5.52313251145068018E-01 -1.42891164209485860E-01
  3.47597597597597670E+01  5.46407072836350594E-01 -1.37218326092201109E-01
  3.48098098098098134E+01  5.40108846675773524E-01 -1.31276010212187655E-01
  3.48598598598598670E+01  5.33537334251854678E-01 -1.25059479890763325E-01
  3.49099099099099135E+01  5.26815424178175506E-01 -1.18579516705105775E-01
  3.49599599599599671E+01  5.20066492595359198E-01 -1.11865085289419047E-01
  3.50100100100100136E+01  5.13409537810927574E-01 -1.04964900687044130E-01
  3.50600600600600600E+01  5.06953570729788416E-01 -9.79474092585882750E-02
  3.51101101101101136E+01  5.00791896795564795E-01 -9.08989368984625679E-02
  3.51601601601601601E+01  4.94996974265627387E-01 -8.39200322169280782E-02
  3.52102102102102137E+01  4.89616475936616058E-01 -7.71202936682359869E-02
  3.52602602602602602E+01  4.84671031054296486E-01 -7.06121796539599667E-02
  3.53103103103103138E+01  4.80153908312098809E-01 -6.45044306911932430E-02
  3.53603603603603602E+01  4.76032655357826351E-01 -5.88957676538227545E-02
  3.54104104104104138E+01  4.72252473688912933E-01 -5.38694699473039329E-02
  3.54604604604604674E+01  4.68740915486074217E-01 -4.94892969509207956E-02
  3.55105105105105139E+01  4.65413367216272467E-01 -4.57970215639003989E-02
  3.55605605605605675E+01  4.62178747332669226E-01 -4.28116296302850155E-02
  3.56106106106106139E+01  4.58944891223344587E-01 -4.05300380385622064E-02
  3.56606606606606675E+01  4.55623211155315899E-01 -3.89290274448865076E-02
  3.57107107107107140E+01  4.52132377287292164E-01 -3.79679933889085844E-02
  3.57607607607607676E+01  4.48400937349127893E-01 -3.75920999679460952E-02
  3.58108108108108141E+01  4.44368947135354464E-01 -3.77354677881309997E-02
  3.58608608608608677E+01  4.39988797298254741E-01 -3.83241257388564419E-02
  3.59109109109109141E+01  4.35225479889902234E-01 -3.92785799433160790E-02
  3.59609609609609606E+01  4.30056538445537762E-01 -4.05159766236580302E-02
  3.60110110110110142E+01  4.24471897035412216E-01 -4.19519354287159058E-02
  3.60610610610610607E+01  4.18473683705486377E-01 -4.35021902746452749E-02
  3.61111111111111143E+01  4.12076072933413196E-01 -4.50841898137301494E-02
  3.61611611611611607E+01  4.05305090210313634E-01 -4.66187826602422542E-02
  3.62112112112112143E+01  3.98198265156670395E-01 -4.80320543664756669E-02
  3.62612612612612608E+01  3.90803996468107151E-01 -4.92573091151462389E-02
  3.63113113113113144E+01  3.83180503932422534E-01 -5.02371153570395079E-02
  3.63613613613613680E+01  3.75394284807015810E-01 -5.09252753162190153E-02
  3.64114114114114145E+01  3.67518054426417329E-01 -5.12885434601156320E-02
  3.64614614614614680E+01  3.59628222041514345E-01 -5.13079136378910838E-02
  3.65115115115115145E+01  3.51802020342368627E-01 -5.09793183979195194E-02
  3.65615615615615681E+01  3.44114460245648901E-01 -5.03136322430256383E-02
  3.66116116116116146E+01  3.36635313675769265E-01 -4.93359351312328415E-02
  3.66616616616616682E+01  3.29426332410821032E-01 -4.80840633328666126E-02
  3.67117117117117147E+01  3.22538890891604646E-01 -4.66065414671872069E-02
  3.67617617617617682E+01  3.16012199302711794E-01 -4.49600430882580934E-02
  3.68118118118118147E+01  3.09872177270143878E-01 -4.32065610811935633E-02
  3.68618618618618612E+01  3.04131016866230341E-01 -4.14104803230385676E-02
  3.69119119119119148E+01  2.98787405082481305E-01 -3.96357342146864203E-02
  3.69619619619619613E+01  2.93827328000474453E-01 -3.79431977640407175E-02
  3.70120120120120148E+01  2.89225346565279096E-01 -3.63884292088152567E-02
  3.70620620620620613E+01  2.84946219080628838E-01 -3.50198270672976222E-02
  3.71121121121121149E+01  2.80946747179871503E-01 -3.38772270213806084E-02
  3.71621621621621685E+01  2.77177736481268755E-01 -3.29909286843833860E-02
  3.72122122122122150E+01  2.73585985295681067E-01 -3.23811193313660872E-02
  3.72622622622622686E+01  2.70116239114658152E-01 -3.20576507944465849E-02
  3.73123123123123150E+01  2.66713070321782930E-01 -3.20201253976472866E-02
  3.73623623623623686E+01  2.63322658234011964E-01 -3.22582538305647565E-02
  3.74124124124124151E+01  2.59894452628827488E-01 -3.27524582472077108E-02
  3.74624624624624687E+01  2.56382704626155866E-01 -3.34747037076501205E-02
  3.75125125125125152E+01  2.52747843951447781E-01 -3.43895472333364122E-02
  3.75625625625625688E+01  2.48957673924284861E-01 -3.54553943579363345E-02
  3.76126126126126152E+01  2.44988348004032019E-01 -3.66259476771821219E-02
  3.76626626626626688E+01  2.40825087094416579E-01 -3.78518213807848766E-02
  3.77127127127127153E+01  2.36462597051561640E-01 -3.90822819083607512E-02
  3.77627627627627689E+01  2.31905151985044744E-01 -4.02670600838394219E-02
  3.78128128128128154E+01  2.27166321015441985E-01 -4.13581668557316609E-02
  3.78628628628628618E+01  2.22268333271487789E-01 -4.23116353839518428E-02
  3.79129129129129154E+01  2.17241096463039823E-01 -4.30891084508060948E-02
  3.79629629629629619E+01  2.12120906230974071E-01 -4.36591931340322842E-02
  3.80130130130130155E+01  2.06948904264664696E-01 -4.39985146612245359E-02
  3.80630630630630691E+01  2.01769360503090467E-01 -4.40924178068292094E-02
  3.81131131131131156E+01  1.96627866494605147E-01 -4.39352856930219360E-02
  3.81631631631631691E+01  1.91569531662984405E-01 -4.35304702869883237E-02
  3.82132132132132227E+01  1.86637271138714256E-01 -4.28898536332214531E-02
  3.82632632632632692E+01  1.81870263305442620E-01 -4.20330811665042200E-02
  3.83133133133133157E+01  1.77302638654342704E-01 -4.09865258513347278E-02
  3.83633633633633693E+01  1.72962441164914438E-01 -3.97820526236009817E-02
  3.84134134134134158E+01  1.68870881975425630E-01 -3.84556559308276355E-02
  3.84634634634634693E+01  1.65041885337190969E-01 -3.70460394983665176E-02
  3.85135135135135158E+01  1.61481911066967049E-01 -3.55931982781335920E-02
  3.85635635635635694E+01  1.58190027352366619E-01 -3.41370501107865279E-02
  3.86136136136136159E+01  1.55158203161814084E-01 -3.27161514973027603E-02
  3.86636636636636695E+01  1.52371789909886590E-01 -3.13665203678409263E-02
  3.87137137137137159E+01  1.49810165820997598E-01 -3.01205805380056861E-02
  3.87637637637637624E+01  1.47447521550153532E-01 -2.90062384029810584E-02
  3.88138138138138160E+01  1.45253769997792992E-01 -2.80461020813043381E-02
  3.88638638638638625E+01  1.43195565274308240E-01 -2.72568555658339769E-02
  3.89139139139139161E+01  1.41237414549995166E-01 -2.66488038064848221E-02
  3.89639639639639697E+01  1.39342862055995276E-01 -2.62256072262010594E-02
  3.90140140140140232E+01  1.37475717569740058E-01 -2.59842243899967018E-02
  3.90640640640640697E+01  1.35601293691500729E-01 -2.59150783834752665E-02
  3.91141141141141233E+01  1.33687608730320956E-01 -2.60024555944395330E-02
  3.91641641641641698E+01  1.31706506642401078E-01 -2.62251354231419279E-02
  3.92142142142142163E+01  1.29634643447216813E-01 -2.65572369531347080E-02
  3.92642642642642699E+01  1.27454291627281779E-01 -2.69692551519367697E-02
  3.93143143143143163E+01  1.25153920371062460E-01 -2.74292462363534342E-02
  3.93643643643643699E+01  1.22728519785445939E-01 -2.79041108568961818E-02
  3.94144144144144164E+01  1.20179650585186884E-01 -2.83609159212932782E-02
  3.94644644644644700E+01  1.17515216146421658E-01 -2.87681920432717141E-02
  3.95145145145145165E+01  1.14748969884030660E-01 -2.90971442315765619E-02
  3.95645645645645700E+01  1.11899786301364185E-01 -2.93227185715271427E-02
  3.96146146146146165E+01  1.08990737431980275E-01 -2.94244769247537855E-02
  3.96646646646646630E+01  1.06048026572968940E-01 -2.93872443092599023E-02
  3.97147147147147166E+01  1.03099837306746045E-01 -2.92015084968853568E-02
  3.97647647647647702E+01  1.00175157330406883E-01 -2.88635670943169463E-02
  3.98148148148148167E+01  9.73026335558726113E-02 -2.83754324553464055E-02
  3.98648648648648702E+01  9.45095078324972443E-02 -2.77445177718211866E-02
  3.99149149149149238E+01  9.18206724824372350E-02 -2.69831374428735511E-02
  3.99649649649649703E+01  8.92578729896459366E-02 -2.61078606091796929E-02
  4.00150150150150239E+01  8.68390731622445261E-02 -2.51387584091193814E-02
  4.00650650650650704E+01  8.45779873260639053E-02 -2.40985835025418552E-02
  4.01151151151151169E+01  8.24837757166465707E-02 -2.30119156548584045E-02
  4.01651651651651704E+01  8.05608938353675197E-02 -2.19043009439779772E-02
  4.02152152152152169E+01  7.88090841626744448E-02 -2.08014057968865934E-02
  4.02652652652652705E+01  7.72234987692290292E-02 -1.97282017709687028E-02
  4.03153153153153170E+01  7.57949431091920062E-02 -1.87081935854648343E-02
  4.03653653653653706E+01  7.45102334840631042E-02 -1.77627016985390657E-02
  4.04154154154154170E+01  7.33526622206831513E-02 -1.69102115074289891E-02
  4.04654654654654706E+01  7.23025646450021070E-02 -1.61658033664271242E-02
  4.05155155155155171E+01  7.13379799833337297E-02 -1.55406801222708040E-02
  4.05655655655655636E+01  7.04353943813829236E-02 -1.50418107214237984E-02
  4.06156156156156172E+01  6.95705487393010052E-02 -1.46717087241773573E-02
  4.06656656656656708E+01  6.87192878025926490E-02 -1.44283626204422602E-02
  4.07157157157157243E+01  6.78584208985886089E-02 -1.43053304158343702E-02
  4.07657657657657708E+01  6.69665598615650920E-02 -1.42920041868765668E-02
  4.08158158158158244E+01  6.60248969062276342E-02 -1.43740417016498343E-02
  4.08658658658658709E+01  6.50178850957220250E-02 -1.45339525551069458E-02
  4.09159159159159245E+01  6.39337868907841472E-02 -1.47518165231838062E-02
  4.09659659659659710E+01  6.27650620031477147E-02 -1.50061029778523515E-02
  4.10160160160160245E+01  6.15085740299139150E-02 -1.52745531280733468E-02
  4.10660660660660710E+01  6.01656054678326516E-02 -1.55350822879912025E-02
  4.11161161161161175E+01  5.87416818511569336E-02 -1.57666578089139982E-02
  4.11661661661661711E+01  5.72462169654048003E-02 -1.59501099408632108E-02
  4.12162162162162176E+01  5.56920013855051813E-02 -1.60688375960463953E-02
  4.12662662662662711E+01  5.40945650752646737E-02 -1.61093783473768327E-02
  4.13163163163163176E+01  5.24714507496528981E-02 -1.60618213171597538E-02
  4.13663663663663712E+01  5.08414376898511863E-02 -1.59200520009370669E-02
  4.14164164164164177E+01  4.92237555850186179E-02 -1.56818285355550396E-02
  4.14664664664664713E+01  4.76373249706281213E-02 -1.53486984853300062E-02
  4.15165165165165178E+01  4.61000554755476022E-02 -1.49257730576462262E-02
  4.15665665665665713E+01  4.46282261566162755E-02 -1.44213811954265834E-02
  4.16166166166166249E+01  4.32359645974726842E-02 -1.38466289813048218E-02
  4.16666666666666714E+01  4.19348340793018956E-02 -1.32148903275448523E-02
  4.17167167167167250E+01  4.07335317581802095E-02 -1.25412534303403038E-02
  4.17667667667667715E+01  3.96376959254920377E-02 -1.18419445782031053E-02
  4.18168168168168251E+01  3.86498172974751933E-02 -1.11337473705801441E-02
  4.18668668668668715E+01  3.77692477783920164E-02 -1.04334319495733470E-02
  4.19169169169169251E+01  3.69922999056328944E-02 -9.75720605633332433E-03
  4.19669669669669716E+01  3.63124306758390997E-02 -9.12019794634569801E-03
  4.20170170170170181E+01  3.57205040688295047E-02 -8.53598051667721694E-03
  4.20670670670670717E+01  3.52051267840908233E-02 -8.01614623569757781E-03
  4.21171171171171181E+01  3.47530510863238579E-02 -7.56994323846319449E-03
  4.21671671671671717E+01  3.43496370387419356E-02 -7.20398375482799325E-03
  4.22172172172172182E+01  3.39793638376135604E-02 -6.92203634655118565E-03
  4.22672672672672718E+01  3.36263767178691386E-02 -6.72491279120176425E-03
  4.23173173173173183E+01  3.32750524114215490E-02 -6.61045856031674140E-03
  4.23673673673673719E+01  3.29105629325360943E-02 -6.57365258908401001E-03
  4.24174174174174183E+01  3.25194150731333564E-02 -6.60681752827326028E-03
  4.24674674674674719E+01  3.20899418820015658E-02 -6.69993620587361598E-03
  4.25175175175175255E+01  3.16127229098065385E-02 -6.84106406137914656E-03
  4.25675675675675720E+01  3.10809122839121321E-02 -7.01682140348638440E-03
  4.26176176176176256E+01  3.04904576922590889E-02 -7.21294406671284163E-03
  4.26676676676676720E+01  2.98401988659196191E-02 -7.41486695079771746E-03
  4.27177177177177256E+01  2.91318407440617280E-02 -7.60831246348460822E-03
  4.27677677677677721E+01  2.83698036411417602E-02 -7.77985534234239794E-03
  4.28178178178178257E+01  2.75609598003381043E-02 -7.91743680322990612E-03
  4.28678678678678722E+01  2.67142720920166797E-02 -8.01080434373943433E-03
  4.29179179179179187E+01  2.58403557511396251E-02 -8.05185851356257642E-03
  4.29679679679679722E+01  2.49509875249194005E-02 -8.03489408024082169E-03
  4.30180180180180187E+01  2.40585881854410225E-02 -7.95672968983208995E-03
  4.30680680680680723E+01  2.31757040234751022E-02 -7.81672673190901730E-03
  4.31181181181181188E+01  2.23145108580199390E-02 -7.61670409043881374E-03
  4.31681681681681724E+01  2.14863606262978742E-02 -7.36076032969451739E-03
  4.32182182182182189E+01  2.07013862377555952E-02 -7.05501832405303238E-03
  4.32682682682682724E+01  1.99681756111954913E-02 -6.70730928064651455E-03
  4.33183183183183260E+01  1.92935211716143383E-02 -6.32681360325967803E-03
  4.33683683683683725E+01  1.86822469781987681E-02 -5.92367534482880851E-03
  4.34184184184184261E+01  1.81371123650528911E-02 -5.50860544462604233E-03
  4.34684684684684726E+01  1.76587886183307737E-02 -5.09248694109643019E-03
  4.35185185185185262E+01  1.72459037466807241E-02 -4.68599326972654086E-03
  4.35685685685685726E+01  1.68951496557050683E-02 -4.29922889968292667E-03
  4.36186186186186262E+01  1.66014457565549951E-02 -3.94140012218280669E-03
  4.36686686686686727E+01  1.63581529388396318E-02 -3.62052283640611726E-03
  4.37187187187187263E+01  1.61573316574549625E-02 -3.34317361971289218E-03
  4.37687687687687728E+01  1.59900374290405760E-02 -3.11429005348251315E-03
  4.38188188188188263E+01  1.58466462124261555E-02 -2.93702597953158411E-03
  4.38688688688688728E+01  1.57172009749821755E-02 -2.81266684582576459E-03
  4.39189189189189193E+01  1.55917693437834480E-02 -2.74060935540700610E-03
  4.39689689689689729E+01  1.54608008096543733E-02 -2.71840811838967552E-03
  4.40190190190190194E+01  1.53154707448361731E-02 -2.74188987654052328E-03
  4.40690690690690730E+01  1.51479977715496955E-02 -2.80533318133808487E-03
  4.41191191191191194E+01  1.49519210081989033E-02 -2.90170831854512021E-03
  4.41691691691691730E+01  1.47223245845149592E-02 -3.02296902735579940E-03
  4.42192192192192266E+01  1.44559986251110214E-02 -3.16038445605830573E-03
  4.42692692692692802E+01  1.41515286129527459E-02 -3.30489714188241402E-03
  4.43193193193193267E+01  1.38093085114781161E-02 -3.44749089060691254E-03
  4.43693693693693731E+01  1.34314770022611035E-02 -3.57955149159410379E-03
  4.44194194194194267E+01  1.30217803704567089E-02 -3.69320337505798981E-03
  4.44694694694694732E+01  1.25853695951530838E-02 -3.78160662854213269E-03
  4.45195195195195268E+01  1.21285427353484809E-02 -3.83920115003436686E-03
  4.45695695695695733E+01  1.16584464508612089E-02 -3.86188792964663446E-03
  4.46196196196196269E+01  1.11827522488784740E-02 -3.84714123985001408E-03
  4.46696696696696733E+01  1.07093236939351782E-02 -3.79404954526402953E-03
  4.47197197197197269E+01  1.02458903692026395E-02 -3.70328687631129791E-03
  4.47697697697697734E+01  9.79974294588749177E-03 -3.57701993626927334E-03
  4.48198198198198199E+01  9.37746150952316684E-03 -3.41875908280068249E-03
  4.48698698698698735E+01  8.98468656898426810E-03 -3.23316338623996086E-03
  4.49199199199199199E+01  8.62593921957700155E-03 -3.02581116055661639E-03
  4.49699699699699735E+01  8.30449401406499650E-03 -2.80294772770758481E-03
  4.50200200200200200E+01  8.02230543760373317E-03 -2.57122183034015064E-03
  4.50700700700700736E+01  7.77998663940673591E-03 -2.33742122398878727E-03
  4.51201201201201272E+01  7.57683732331742264E-03 -2.10821675446906491E-03
  4.51701701701701808E+01  7.41091644382450409E-03 -1.88992284953933562E-03
  4.52202202202202272E+01  7.27915453332343698E-03 -1.68828098502206035E-03
  4.52702702702702737E+01  7.17749999799526233E-03 -1.50827143421769223E-03
  4.53203203203203273E+01  7.10109344247406796E-03 -1.35395752801005607E-03
  4.53703703703703738E+01  7.04446390183246455E-03 -1.22836573818729724E-03
  4.54204204204204274E+01  7.00174068344931906E-03 -1.13340409915905051E-03
  4.54704704704704739E+01  6.96687430108876120E-03 -1.06982072514630864E-03
  4.55205205205205274E+01  6.93385971544339865E-03 -1.03720337326503910E-03
  4.55705705705705739E+01  6.89695482061921609E-03 -1.03402007039882790E-03
  4.56206206206206275E+01  6.85088691139037337E-03 -1.05769971382652572E-03
  4.56706706706706740E+01  6.79103982935206664E-03 -1.10475026270353258E-03
  4.57207207207207205E+01  6.71361471813756213E-03 -1.17091069575526552E-03
  4.57707707707707740E+01  6.61575790369722458E-03 -1.25133139986575537E-03
  4.58208208208208205E+01  6.49565040795205880E-03 -1.34077618981125126E-03
  4.58708708708708741E+01  6.35255501101310554E-03 -1.43383787725818198E-03
  4.59209209209209277E+01  6.18681855604354299E-03 -1.52515834628076229E-03
  4.59709709709709742E+01  5.99982924958232522E-03 -1.60964357578631946E-03
  4.60210210210210278E+01  5.79393091512571921E-03 -1.68266406531230933E-03
  4.60710710710710813E+01  5.57229834794019212E-03 -1.74023171135381902E-03
  4.61211211211211278E+01  5.33877992418048484E-03 -1.77914533363186930E-03
  4.61711711711711743E+01  5.09771527751668764E-03 -1.79709869633151395E-03
  4.62212212212212279E+01  4.85373704064754122E-03 -1.79274689176771112E-03
  4.62712712712712744E+01  4.61156626985290141E-03 -1.76572920112287482E-03
  4.63213213213213280E+01  4.37581119327087441E-03 -1.71664884842068297E-03
  4.63713713713713744E+01  4.15077836780399466E-03 -1.64701224984676285E-03
  4.64214214214214280E+01  3.94030426561746156E-03 -1.55913227953736544E-03
  4.64714714714714745E+01  3.74761384903505440E-03 -1.45600160701259552E-03
  4.65215215215215281E+01  3.57521096752293514E-03 -1.34114323559823508E-03
  4.65715715715715746E+01  3.42480356659140717E-03 -1.21844595746585320E-03
  4.66216216216216210E+01  3.29726487311601335E-03 -1.09199255610492531E-03
  4.66716716716716746E+01  3.19263003172809380E-03 -9.65888285443456448E-04
  4.67217217217217211E+01  3.11012619975462685E-03 -8.44096517374446579E-04
  4.67717717717717747E+01  3.04823291656521099E-03 -7.30287570910404926E-04
  4.68218218218218283E+01  3.00476866588182028E-03 -6.27705712496838542E-04
  4.68718718718718819E+01  2.97699893580293277E-03 -5.39058234231986374E-04
  4.69219219219219283E+01  2.96176071821096934E-03 -4.66429443036485783E-04
  4.69719719719719819E+01  2.95559823150999329E-03 -4.11221375129661680E-04
  4.70220220220220284E+01  2.95490464995449165E-03 -3.74122109715625210E-04
  4.70720720720720820E+01  2.95606473635723604E-03 -3.55101697046803335E-04
  4.71221221221221285E+01  2.95559347162709920E-03 -3.53434928422344773E-04
  4.71721721721721750E+01  2.95026603835521180E-03 -3.67749441731878241E-04
  4.72222222222222285E+01  2.93723484567054959E-03 -3.96096959097165860E-04
  4.72722722722722750E+01  2.91412969028346635E-03 -4.36044783541339573E-04
  4.73223223223223286E+01  2.87913765263679566E-03 -4.84784042075450531E-04
  4.73723723723723751E+01  2.83105994659720419E-03 -5.39250570027200371E-04
  4.74224224224224287E+01  2.76934368911777333E-03 -5.96253816294669051E-04
  4.74724724724724751E+01  2.69408743354864269E-03 -6.52608752017257653E-04
  4.75225225225225287E+01  2.60602030118544346E-03 -7.05265530925957228E-04
  4.75725725725725752E+01  2.50539180417368298E-03 -7.50659672498126505E-04
  4.76226226226226288E+01  2.39329005027294093E-03 -7.85444451433000516E-04
  4.76726726726726753E+01  2.27254839756273631E-03 -8.07551028881209158E-04
  4.77227227227227289E+01  2.14636116383182642E-03 -8.15628196977701827E-04
  4.77727727727727824E+01  2.01809754868007615E-03 -8.09094627871213791E-04
  4.78228228228228289E+01  1.89111083359743857E-03 -7.88143683228243776E-04
  4.78728728728728825E+01  1.76855545004181111E-03 -7.53701328007045962E-04
  4.79229229229229290E+01  1.65322380337583168E-03 -7.07341407312080659E-04
  4.79729729729729826E+01  1.54741284204117373E-03 -6.51165709171279200E-04
  4.80230230230230291E+01  1.45282764708890445E-03 -5.87658525537810227E-04
  4.80730730730730755E+01  1.37052617882731575E-03 -5.19526708584207774E-04
  4.81231231231231291E+01  1.30090610420703114E-03 -4.49536506579999249E-04
  4.81731731731731756E+01  1.24373162762662763E-03 -3.80357851943832596E-04
  4.82232232232232292E+01  1.19819567830667341E-03 -3.14425421045778117E-04
  4.82732732732732757E+01  1.16301081989304963E-03 -2.53823883940132921E-04
  4.83233233233233292E+01  1.13652092590564558E-03 -2.00202521104880538E-04
  4.83733733733733757E+01  1.11682502805730680E-03 -1.54722010055089940E-04
  4.84234234234234293E+01  1.10190475743967707E-03 -1.18033866010134019E-04
  4.84734734734734758E+01  1.08974738043492040E-03 -9.02909154944359749E-05
  4.85235235235235294E+01  1.07845747021462083E-03 -7.11854086273734648E-05
  4.85735735735735759E+01  1.06635162253246145E-03 -6.00100113374937318E-05
  4.86236236236236294E+01  1.05203218983562015E-03 -5.57359983745248715E-05
  4.86736736736736830E+01  1.03443764701174911E-03 -5.71024916595360376E-05
  4.87237237237237295E+01  1.01286880731100287E-03 -6.27105278012877836E-05
  4.87737737737737831E+01  9.86991589679213658E-04 -7.11160449367270568E-05
  4.88238238238238296E+01  9.56818331223638482E-04 -8.09164911943443496E-05
  4.88738738738738832E+01  9.22670692988698327E-04 -9.08266072979382433E-05
  4.89239239239239296E+01  8.85127993708473022E-04 -9.97399543513824411E-05
  4.89739739739739761E+01  8.44965310414288713E-04 -1.06773875819775199E-04
  4.90240240240240297E+01  8.03085906078659841E-04 -1.11296734115161374E-04
  4.90740740740740762E+01  7.60452494472213612E-04 -1.12937385181911289E-04
  4.91241241241241298E+01  7.18021553866443922E-04 -1.11577892805055274E-04
  4.91741741741741762E+01  6.76684387076475677E-04 -1.07331388940285584E-04
  4.92242242242242298E+01  6.37217937433785472E-04 -1.00507717079903518E-04
  4.92742742742742763E+01  6.00247557449191450E-04 -9.15700232490469535E-05
  4.93243243243243299E+01  5.66223042469439996E-04 -8.10857667429838562E-05
  4.93743743743743764E+01  5.35408340185210751E-04 -6.96757064037003182E-05
  4.94244244244244300E+01  5.07884481017843292E-04 -5.79642873491258197E-05
  4.94744744744744835E+01  4.83564491540813878E-04 -4.65345287065488836E-05
  4.95245245245245300E+01  4.62218392587779910E-04 -3.58900258976934173E-05
  4.95745745745745836E+01  4.43505875213055475E-04 -2.64260692255147392E-05
  4.96246246246246301E+01  4.27013910251814257E-04 -1.84111858233802161E-05
  4.96746746746746837E+01  4.12296389401420815E-04 -1.19796775830590953E-05
  4.97247247247247302E+01  3.98912916298727288E-04 -7.13499547347962761E-06
  4.97747747747747837E+01  3.86464055243195047E-04 -3.76309975148803674E-06
  4.98248248248248302E+01  3.74620686024862393E-04 -1.65434082719536747E-06
  4.98748748748748838E+01  3.63145582759497011E-04 -5.31886864504571743E-07
  4.99249249249249303E+01  3.51905904742507109E-04 -8.43458553287563532E-08
  4.99749749749749768E+01  3.40875926087221427E-04  0.00000000000000000E+00
# pulse generated by run 1472803 (fbR0002)
