# OCT iter        711;   J_T =   9.957421717913E-04;   pulse_id =          1                                                                                                                                                                                   
#               time [ns]              abs(E) [au]        phase(E) [rad/pi]
   2.5025025025025027E-02   5.4310638369395375E-03   4.6177556810914100E-01
   7.5075075075075076E-02   2.1531067903844195E-02   5.3673728174139113E-01
   1.2512512512512516E-01   4.8283421221833649E-02   6.0008362994517550E-01
   1.7517517517517520E-01   8.5400236766308049E-02   6.6209887921686683E-01
   2.2522522522522526E-01   1.3237465722187308E-01   7.2427206858821191E-01
   2.7527527527527529E-01   1.8842411373291851E-01   7.8713252574579162E-01
   3.2532532532532538E-01   2.5245299975826457E-01   8.5099974779256993E-01
   3.7537537537537541E-01   3.2303730668005143E-01   9.1612511483941905E-01
   4.2542542542542550E-01   3.9843562072078670E-01   9.8272283507131275E-01
   4.7547547547547553E-01   4.7662787351841013E-01  -9.4903149708168633E-01
   5.2552552552552556E-01   5.5537818835344888E-01  -8.7901467754156359E-01
   5.7557557557557559E-01   6.3231330362962190E-01  -8.0717065040560687E-01
   6.2562562562562574E-01   7.0500787711891821E-01  -7.3351472457713096E-01
   6.7567567567567566E-01   7.7107621192884124E-01  -6.5811814458449358E-01
   7.2572572572572580E-01   8.2828191015356156E-01  -5.8107507845267092E-01
   7.7577577577577583E-01   8.7467499975156726E-01  -5.0247365305475478E-01
   8.2582582582582598E-01   9.0873168946558180E-01  -4.2241013718063314E-01
   8.7587587587587601E-01   9.2941319172036996E-01  -3.4108332408254272E-01
   9.2592592592592604E-01   9.3602922264774069E-01  -2.5897131928023337E-01
   9.7597597597597607E-01   9.2786999668790349E-01  -1.7702965021822553E-01
   1.0260260260260261E+00   9.0380413356392975E-01  -9.6793134947866039E-02
   1.0760760760760761E+00   8.6230947391765012E-01  -2.0277923185607265E-02
   1.1261261261261262E+00   8.0235636536924038E-01   5.0301927545506699E-02
   1.1761761761761762E+00   7.2494371895298393E-01   1.1284587984307606E-01
   1.2262262262262265E+00   6.3431591669784648E-01   1.6552466656990861E-01
   1.2762762762762765E+00   5.3784658771777016E-01   2.0674166045788900E-01
   1.3263263263263265E+00   4.4445819161569144E-01   2.3507994059016174E-01
   1.3763763763763766E+00   3.6236211183628164E-01   2.4964735694450324E-01
   1.4264264264264266E+00   2.9702339498446295E-01   2.5127337101161429E-01
   1.4764764764764766E+00   2.4987384772625179E-01   2.4417780312520682E-01
   1.5265265265265267E+00   2.1828152647291860E-01   2.3588593584320558E-01
   1.5765765765765769E+00   1.9722688001786073E-01   2.3384702781379033E-01
   1.6266266266266267E+00   1.8179330284074688E-01   2.4194543335183458E-01
   1.6766766766766772E+00   1.6867999847972573E-01   2.6032658019609550E-01
   1.7267267267267272E+00   1.5627021284767004E-01   2.8721426903810532E-01
   1.7767767767767773E+00   1.4404137655772151E-01   3.2041455179168515E-01
   1.8268268268268273E+00   1.3199035127815223E-01   3.5799504716886549E-01
   1.8768768768768773E+00   1.2027519016733441E-01   3.9848301706583272E-01
   1.9269269269269271E+00   1.0904454933295060E-01   4.4088719994232634E-01
   1.9769769769769772E+00   9.8381213500771336E-02   4.8467733183672718E-01
   2.0270270270270276E+00   8.8302062436455914E-02   5.2976277532174598E-01
   2.0770770770770777E+00   7.8780423425185916E-02   5.7648199210481055E-01
   2.1271271271271277E+00   6.9774640837781815E-02   6.2561322257828156E-01
   2.1771771771771777E+00   6.1257562816919360E-02   6.7842387223118783E-01
   2.2272272272272278E+00   5.3247246981083483E-02   7.3677856147074838E-01
   2.2772772772772778E+00   4.5841569199532826E-02   8.0329827466389603E-01
   2.3273273273273278E+00   3.9258627268241066E-02   8.8142598574705178E-01
   2.3773773773773779E+00   3.3873455261300457E-02   9.7481817151522843E-01
   2.4274274274274279E+00   3.0198243076844024E-02  -9.1523174968144227E-01
   2.4774774774774779E+00   2.8719459846604217E-02  -7.9445965072752023E-01
   2.5275275275275280E+00   2.9499368547451364E-02  -6.7593829725545052E-01
   2.5775775775775780E+00   3.2043160320902979E-02  -5.7122394501621021E-01
   2.6276276276276280E+00   3.5638904096280316E-02  -4.8382726456948832E-01
   2.6776776776776781E+00   3.9668016386163581E-02  -4.1167442743161187E-01
   2.7277277277277285E+00   4.3700453585932435E-02  -3.5135939992551002E-01
   2.7777777777777786E+00   4.7468938384185887E-02  -2.9999413418558446E-01
   2.8278278278278286E+00   5.0824382100503739E-02  -2.5549383339469378E-01
   2.8778778778778786E+00   5.3701171542893451E-02  -2.1639360220013365E-01
   2.9279279279279282E+00   5.6091641128444274E-02  -1.8161575868172533E-01
   2.9779779779779783E+00   5.8024710508603618E-02  -1.5028621965749098E-01
   3.0280280280280283E+00   5.9545389826114341E-02  -1.2160925503785357E-01
   3.0780780780780788E+00   6.0694262707062296E-02  -9.4795211704018625E-02
   3.1281281281281288E+00   6.1488187019743908E-02  -6.9035825905195997E-02
   3.1781781781781788E+00   6.1904937420908246E-02  -4.3519393288630581E-02
   3.2282282282282289E+00   6.1874888559350034E-02  -1.7471662457137868E-02
   3.2782782782782789E+00   6.1281867593524261E-02   9.7975061572699307E-03
   3.3283283283283294E+00   5.9973369675597243E-02   3.8861882382127233E-02
   3.3783783783783790E+00   5.7778321320659617E-02   7.0175418642042589E-02
   3.4284284284284290E+00   5.4529323261076380E-02   1.0410574952542892E-01
   3.4784784784784790E+00   5.0086101763201246E-02   1.4101490375764911E-01
   3.5285285285285291E+00   4.4357575159243857E-02   1.8142235752994551E-01
   3.5785785785785786E+00   3.7321440209679646E-02   2.2637811371159494E-01
   3.6286286286286291E+00   2.9044027064817932E-02   2.7855180448711558E-01
   3.6786786786786796E+00   1.9721734527954275E-02   3.4667882285423962E-01
   3.7287287287287292E+00   9.9549130647793530E-03   4.7705836223864334E-01
   3.7787787787787797E+00   5.7668391752061145E-03  -9.9909038529191641E-01
   3.8288288288288292E+00   1.5123009404080063E-02  -7.1801487219660776E-01
   3.8788788788788797E+00   2.6311700314138924E-02  -6.2649713361533466E-01
   3.9289289289289293E+00   3.7371663537576726E-02  -5.6389303567778803E-01
   3.9789789789789798E+00   4.7769372920820334E-02  -5.1053121120476275E-01
   4.0290290290290303E+00   5.7127014555119315E-02  -4.6165321804554382E-01
   4.0790790790790794E+00   6.5145540967958909E-02  -4.1575120089846018E-01
   4.1291291291291303E+00   7.1605295783088621E-02  -3.7238459854842088E-01
   4.1791791791791795E+00   7.6376433076217401E-02  -3.3157763674612795E-01
   4.2292292292292304E+00   7.9429170975393301E-02  -2.9361303662357746E-01
   4.2792792792792795E+00   8.0841673354467430E-02  -2.5894761866672900E-01
   4.3293293293293305E+00   8.0804603313701789E-02  -2.2815909015417940E-01
   4.3793793793793805E+00   7.9620579855904677E-02  -2.0187420370637360E-01
   4.4294294294294296E+00   7.7694226944075628E-02  -1.8063283635711966E-01
   4.4794794794794806E+00   7.5504442864534199E-02  -1.6464827894086520E-01
   4.5295295295295297E+00   7.3547453590659534E-02  -1.5347195836577851E-01
   4.5795795795795806E+00   7.2244544744600278E-02  -1.4569590058643145E-01
   4.6296296296296298E+00   7.1830650468501456E-02  -1.3896220212746857E-01
   4.6796796796796807E+00   7.2270605608448973E-02  -1.3046461288325045E-01
   4.7297297297297307E+00   7.3252702834183697E-02  -1.1772909311784906E-01
   4.7797797797797807E+00   7.4264566031349025E-02  -9.9172007463317779E-02
   4.8298298298298308E+00   7.4707082863979202E-02  -7.4161760283530304E-02
   4.8798798798798808E+00   7.3997500706209321E-02  -4.2725750044856355E-02
   4.9299299299299308E+00   7.1640917167411208E-02  -5.1704065008170231E-03
   4.9799799799799809E+00   6.7273177354570349E-02   3.8252824720332125E-02
   5.0300300300300309E+00   6.0685662824599439E-02   8.7673992350004101E-02
   5.0800800800800809E+00   5.1842197342391039E-02   1.4414180394311976E-01
   5.1301301301301310E+00   4.0903109558165278E-02   2.1109418520128764E-01
   5.1801801801801810E+00   2.8316782750380819E-02   3.0016326712712538E-01
   5.2302302302302310E+00   1.5475559966733998E-02   4.6628932432618320E-01
   5.2802802802802811E+00   1.1129199423669463E-02   9.1778977055691402E-01
   5.3303303303303311E+00   2.3176077359196801E-02  -7.9902669626394485E-01
   5.3803803803803811E+00   3.8552940022802372E-02  -6.8173238419232107E-01
   5.4304304304304312E+00   5.3818638410766263E-02  -5.9920381522994015E-01
   5.4804804804804812E+00   6.7955740702716663E-02  -5.2795884427341866E-01
   5.5305305305305312E+00   8.0297779208248377E-02  -4.6163105007817468E-01
   5.5805805805805813E+00   9.0327389684944859E-02  -3.9790985187580469E-01
   5.6306306306306313E+00   9.7652540437105625E-02  -3.3582055515706838E-01
   5.6806806806806813E+00   1.0200874309701331E-01  -2.7493675772141740E-01
   5.7307307307307314E+00   1.0326291189415188E-01  -2.1510687823201208E-01
   5.7807807807807823E+00   1.0141371187404181E-01  -1.5636104820796479E-01
   5.8308308308308314E+00   9.6587882899716718E-02  -9.8907682518023454E-02
   5.8808808808808823E+00   8.9033905934516641E-02  -4.3208364515619532E-02
   5.9309309309309315E+00   7.9116016915962414E-02   9.8253495650199186E-03
   5.9809809809809824E+00   6.7314849581033204E-02   5.8370434517620043E-02
   6.0310310310310316E+00   5.4251148312230844E-02   9.8543929616606601E-02
   6.0810810810810825E+00   4.0787380588187962E-02   1.2123665241873983E-01
   6.1311311311311325E+00   2.8422870774148162E-02   1.0309594453088843E-01
   6.1811811811811816E+00   2.0605064230139535E-02  -2.1517131414825036E-03
   6.2312312312312326E+00   2.2186873938774752E-02  -1.5081755000726896E-01
   6.2812812812812817E+00   3.0438374971119862E-02  -2.0647211164721463E-01
   6.3313313313313326E+00   3.9961844727526466E-02  -1.9121580401378888E-01
   6.3813813813813818E+00   4.8498009198482135E-02  -1.4254758858170569E-01
   6.4314314314314327E+00   5.5204806175967375E-02  -7.5246344514320426E-02
   6.4814814814814827E+00   5.9784552094111952E-02   5.4407878781747967E-03
   6.5315315315315328E+00   6.2283404888379634E-02   9.8083335863923385E-02
   6.5815815815815828E+00   6.3070439937449235E-02   2.0303433828239301E-01
   6.6316316316316328E+00   6.2862850349821697E-02   3.2133049009614439E-01
   6.6816816816816820E+00   6.2723271802701999E-02   4.5334804350279762E-01
   6.7317317317317329E+00   6.3920223703917256E-02   5.9686996243664081E-01
   6.7817817817817829E+00   6.7557875473721038E-02   7.4589270066501923E-01
   6.8318318318318330E+00   7.4125036666730315E-02   8.9257564387516919E-01
   6.8818818818818839E+00   8.3355456383816334E-02  -9.6873803523700841E-01
   6.9319319319319321E+00   9.4496521902873651E-02  -8.3977655890299585E-01
   6.9819819819819831E+00   1.0666544162074282E-01  -7.1959217423325095E-01
   7.0320320320320331E+00   1.1905897755970134E-01  -6.0632288325067230E-01
   7.0820820820820840E+00   1.3102388689432670E-01  -4.9816153094432913E-01
   7.1321321321321323E+00   1.4206078031423303E-01  -3.9366006193378905E-01
   7.1821821821821832E+00   1.5180644090594539E-01  -2.9173745139340640E-01
   7.2322322322322332E+00   1.6001258218996242E-01  -1.9160009600394282E-01
   7.2822822822822832E+00   1.6652662016708680E-01  -9.2655339957187222E-02
   7.3323323323323342E+00   1.7127497968694158E-01   5.5577394148429377E-03
   7.3823823823823833E+00   1.7424704411240088E-01   1.0341645331718539E-01
   7.4324324324324333E+00   1.7547699749547921E-01   2.0124505462891901E-01
   7.4824824824824834E+00   1.7502167636408569E-01   2.9933491976998572E-01
   7.5325325325325343E+00   1.7293509358277065E-01   3.9796402498045852E-01
   7.5825825825825843E+00   1.6924374582750537E-01   4.9742672129556104E-01
   7.6326326326326335E+00   1.6392988977915723E-01   5.9808493339152868E-01
   7.6826826826826835E+00   1.5693151902916103E-01   7.0045193759463109E-01
   7.7327327327327344E+00   1.4816752015540929E-01   8.0532289772619814E-01
   7.7827827827827845E+00   1.3759562978374609E-01   9.1397700377546476E-01
   7.8328328328328336E+00   1.2531232604340026E-01  -9.7150269861657845E-01
   7.8828828828828836E+00   1.1171229235080254E-01  -8.4772953995038813E-01
   7.9329329329329337E+00   9.7743000861430493E-02  -7.0938177777182077E-01
   7.9829829829829846E+00   8.5283935430870927E-02  -5.4929649596697194E-01
   8.0330330330330355E+00   7.7427183646596606E-02  -3.6287309342410612E-01
   8.0830830830830838E+00   7.7555661253865399E-02  -1.6003786201554115E-01
   8.1331331331331338E+00   8.6579158468160208E-02   3.4094242715577844E-02
   8.1831831831831838E+00   1.0203537152426341E-01   2.0412188216917104E-01
   8.2332332332332356E+00   1.2052557296911137E-01   3.5212116237672614E-01
   8.2832832832832857E+00   1.3940789205370840E-01   4.8559439824407624E-01
   8.3333333333333339E+00   1.5697401769217453E-01   6.1087374329679689E-01
   8.3833833833833840E+00   1.7227901173757421E-01   7.3234965104214611E-01
   8.4334334334334340E+00   1.8503524274753341E-01   8.5301472525610278E-01
   8.4834834834834858E+00   1.9556695945496699E-01   9.7489974815020208E-01
   8.5335335335335341E+00   2.0476040027187162E-01  -9.0078633937755737E-01
   8.5835835835835841E+00   2.1394419330774270E-01  -7.7374398601714101E-01
   8.6336336336336341E+00   2.2464719791941332E-01  -6.4472492142866167E-01
   8.6836836836836859E+00   2.3823449318121501E-01  -5.1546342354923225E-01
   8.7337337337337360E+00   2.5552369699769772E-01  -3.8820871086122932E-01
   8.7837837837837842E+00   2.7655086838521736E-01  -2.6500364665643095E-01
   8.8338338338338342E+00   3.0058664198124652E-01  -1.4712496728387783E-01
   8.8838838838838861E+00   3.2634980199052982E-01  -3.4949526139439552E-02
   8.9339339339339361E+00   3.5228340093005051E-01   7.1845609889801362E-02
   8.9839839839839861E+00   3.7679094523233475E-01   1.7398968387840452E-01
   9.0340340340340344E+00   3.9839785692200891E-01   2.7238805208412048E-01
   9.0840840840840844E+00   4.1584508158263295E-01   3.6799231660274812E-01
   9.1341341341341362E+00   4.2813462226624072E-01   4.6174953837734450E-01
   9.1841841841841863E+00   4.3454721081104269E-01   5.5460049053708016E-01
   9.2342342342342345E+00   4.3465010254809233E-01   6.4750615969397851E-01
   9.2842842842842845E+00   4.2831061966262463E-01   7.4149224056597385E-01
   9.3343343343343363E+00   4.1572858402979035E-01   8.3770804130550891E-01
   9.3843843843843864E+00   3.9749795298159041E-01   9.3749706472883687E-01
   9.4344344344344364E+00   3.7470384985192973E-01  -9.5753324899881154E-01
   9.4844844844844847E+00   3.4905122645325304E-01  -8.4548876526066430E-01
   9.5345345345345365E+00   3.2299145969358756E-01  -7.2434035199411007E-01
   9.5845845845845865E+00   2.9973399902989412E-01  -5.9250635996242063E-01
   9.6346346346346365E+00   2.8288929913542737E-01  -4.5010719915353042E-01
   9.6846846846846866E+00   2.7545304962700090E-01  -3.0040216235543549E-01
   9.7347347347347366E+00   2.7836287926892261E-01  -1.4956061281335395E-01
   9.7847847847847866E+00   2.8976457153047896E-01  -3.7436434176789514E-03
   9.8348348348348367E+00   3.0579240166678295E-01   1.3385739470302507E-01
   9.8848848848848867E+00   3.2209564241230970E-01   2.6332671646164624E-01
   9.9349349349349350E+00   3.3498944389264840E-01   3.8664712673117602E-01
   9.9849849849849868E+00   3.4199114506406408E-01   5.0650311910118928E-01
   1.0035035035035037E+01   3.4201291684059615E-01   6.2576812602384235E-01
   1.0085085085085087E+01   3.3544874719497242E-01   7.4740509189254778E-01
   1.0135135135135137E+01   3.2425372817319975E-01   8.7441367885752952E-01
   1.0185185185185187E+01   3.1198460829594304E-01  -9.9056742944011689E-01
   1.0235235235235237E+01   3.0356866409157118E-01  -8.4643569070380964E-01
   1.0285285285285287E+01   3.0432246115413880E-01  -6.9544757384110500E-01
   1.0335335335335337E+01   3.1801977836087847E-01  -5.4379189303788944E-01
   1.0385385385385387E+01   3.4513110120963880E-01  -3.9875317524730824E-01
   1.0435435435435437E+01   3.8289434104954695E-01  -2.6473913927125858E-01
   1.0485485485485487E+01   4.2691718415815089E-01  -1.4231784451005322E-01
   1.0535535535535537E+01   4.7267822168147217E-01  -2.9818095858076460E-02
   1.0585585585585587E+01   5.1624567604391480E-01   7.5051345710696771E-02
   1.0635635635635637E+01   5.5447154460946269E-01   1.7443669131387166E-01
   1.0685685685685687E+01   5.8499449244447355E-01   2.7014983193929665E-01
   1.0735735735735737E+01   6.0620601222824433E-01   3.6370818159084400E-01
   1.0785785785785787E+01   6.1722378691181778E-01   4.5643307375556708E-01
   1.0835835835835837E+01   6.1787826924126721E-01   5.4954760569709471E-01
   1.0885885885885887E+01   6.0871075921229878E-01   6.4425813923115305E-01
   1.0935935935935937E+01   5.9098097061842214E-01   7.4181269008057649E-01
   1.0985985985985987E+01   5.6667945349874604E-01   8.4352075008132743E-01
   1.1036036036036037E+01   5.3852769672142875E-01   9.5069646593287127E-01
   1.1086086086086089E+01   5.0991635144062719E-01  -9.3554432642708318E-01
   1.1136136136136138E+01   4.8467538869335142E-01  -8.1470833174771218E-01
   1.1186186186186188E+01   4.6652644783653602E-01  -6.8752696912742806E-01
   1.1236236236236238E+01   4.5816518269860584E-01  -5.5636975493614194E-01
   1.1286286286286288E+01   4.6027460971404804E-01  -4.2486471291950090E-01
   1.1336336336336338E+01   4.7110115594561897E-01  -2.9663676022122842E-01
   1.1386386386386388E+01   4.8694692895484304E-01  -1.7405410161998564E-01
   1.1436436436436438E+01   5.0321632944147532E-01  -5.7854729717379608E-02
   1.1486486486486488E+01   5.1539953641460279E-01   5.2460311272674906E-02
   1.1536536536536540E+01   5.1970624831601209E-01   1.5807400396596738E-01
   1.1586586586586588E+01   5.1339529876721690E-01   2.6050408717847473E-01
   1.1636636636636638E+01   4.9493253141508425E-01   3.6151077596833309E-01
   1.1686686686686688E+01   4.6407816127425355E-01   4.6322019342412746E-01
   1.1736736736736740E+01   4.2198395913592823E-01   5.6846468146377704E-01
   1.1786786786786790E+01   3.7141394366649116E-01   6.8142065322152001E-01
   1.1836836836836838E+01   3.1730086035718069E-01   8.0859775521144595E-01
   1.1886886886886888E+01   2.6791490121044553E-01   9.5934095860891677E-01
   1.1936936936936938E+01   2.3597389165120622E-01  -8.5926272839492401E-01
   1.1986986986986990E+01   2.3462621394678912E-01  -6.6007929028797796E-01
   1.2037037037037038E+01   2.6519398911498782E-01  -4.7661101085918067E-01
   1.2087087087087088E+01   3.1574862905010553E-01  -3.2526162505525269E-01
   1.2137137137137138E+01   3.7327256548813642E-01  -2.0029233359882403E-01
   1.2187187187187190E+01   4.2891994042654252E-01  -9.2217889796498129E-02
   1.2237237237237240E+01   4.7717790902042334E-01   5.7288221079447657E-03
   1.2287287287287288E+01   5.1459717306365171E-01   9.7833257756142045E-02
   1.2337337337337338E+01   5.3912504276531137E-01   1.8692188183827871E-01
   1.2387387387387390E+01   5.4981657448125243E-01   2.7506589298954004E-01
   1.2437437437437440E+01   5.4672075886995009E-01   3.6400795316124868E-01
   1.2487487487487490E+01   5.3084837481817182E-01   4.5544270587199565E-01
   1.2537537537537538E+01   5.0419114180779090E-01   5.5122985107108946E-01
   1.2587587587587588E+01   4.6979235874952907E-01   6.5355536158900240E-01
   1.2637637637637640E+01   4.3186703650479258E-01   7.6495196724422854E-01
   1.2687687687687690E+01   3.9589005030173402E-01   8.8787938667953326E-01
   1.2737737737737739E+01   3.6832178629835843E-01  -9.7667205555373615E-01
   1.2787787787787789E+01   3.5530399450041344E-01  -8.3154958333108897E-01
   1.2837837837837840E+01   3.6012852476314056E-01  -6.8436610320815106E-01
   1.2887887887887890E+01   3.8130843725909247E-01  -5.4391329897056051E-01
   1.2937937937937940E+01   4.1349309178777244E-01  -4.1519223121062465E-01
   1.2987987987987989E+01   4.5010701037674317E-01  -2.9859934889460249E-01
   1.3038038038038039E+01   4.8521084944805404E-01  -1.9215831508846767E-01
   1.3088088088088089E+01   5.1408068578513777E-01  -9.3425490666460970E-02
   1.3138138138138139E+01   5.3317701974501563E-01  -2.5882831925385085E-04
   1.3188188188188189E+01   5.3999494218310162E-01   8.9057121769871989E-02
   1.3238238238238241E+01   5.3295318569853323E-01   1.7590955623199528E-01
   1.3288288288288291E+01   5.1133485494823327E-01   2.6151253419980997E-01
   1.3338338338338337E+01   4.7525952993908377E-01   3.4709377436509742E-01
   1.3388388388388387E+01   4.2567353262769403E-01   4.3416911800651342E-01
   1.3438438438438439E+01   3.6437274558890143E-01   5.2507515232110369E-01
   1.3488488488488489E+01   2.9414506875798413E-01   6.2426295548749378E-01
   1.3538538538538539E+01   2.1938611497931745E-01   7.4207352055379738E-01
   1.3588588588588589E+01   1.4881154420495574E-01   9.0706510744400515E-01
   1.3638638638638639E+01   1.0639709888946973E-01  -8.1735725876178378E-01
   1.3688688688688691E+01   1.2736851351324602E-01  -5.0503406613440416E-01
   1.3738738738738741E+01   1.8754856553634047E-01  -3.1216211141358452E-01
   1.3788788788788787E+01   2.5405214306907625E-01  -1.8530812842684263E-01
   1.3838838838838839E+01   3.1515117316312352E-01  -8.4098739604658287E-02
   1.3888888888888889E+01   3.6593736672312915E-01   5.9198085092129118E-03
   1.3938938938938939E+01   4.0371266473307943E-01   9.0710864547581038E-02
   1.3988988988988989E+01   4.2695114322748001E-01   1.7332606357561728E-01
   1.4039039039039039E+01   4.3504398130253835E-01   2.5573823341333052E-01
   1.4089089089089089E+01   4.2824644088643354E-01   3.3959559228064468E-01
   1.4139139139139141E+01   4.0769142834717653E-01   4.2666445726401420E-01
   1.4189189189189191E+01   3.7545016010041432E-01   5.1924284254250663E-01
   1.4239239239239238E+01   3.3468154607892953E-01   6.2069728754143993E-01
   1.4289289289289290E+01   2.8997544559621385E-01   7.3615172808238383E-01
   1.4339339339339340E+01   2.4800080299304264E-01   8.7269790857189067E-01
   1.4389389389389390E+01   2.1801773714937334E-01  -9.6400367256909758E-01
   1.4439439439439440E+01   2.0962512447992571E-01  -7.8123121685178865E-01
   1.4489489489489490E+01   2.2548776595637607E-01  -6.0381217012910748E-01
   1.4539539539539541E+01   2.5835527806562636E-01  -4.5038583965654383E-01
   1.4589589589589592E+01   2.9806099632792576E-01  -3.2090311032039748E-01
   1.4639639639639642E+01   3.3678520582025928E-01  -2.0826770200871209E-01
   1.4689689689689692E+01   3.6937620528581350E-01  -1.0629869722745316E-01
   1.4739739739739740E+01   3.9246544140168671E-01  -1.0948817199883913E-02
   1.4789789789789790E+01   4.0384985908430315E-01   8.0251613611386760E-02
   1.4839839839839840E+01   4.0218916202726585E-01   1.6877404749714697E-01
   1.4889889889889890E+01   3.8687545651239680E-01   2.5546106579737848E-01
   1.4939939939939940E+01   3.5797629761915717E-01   3.4073546659262421E-01
   1.4989989989989992E+01   3.1619530781743410E-01   4.2469956363949374E-01
   1.5040040040040042E+01   2.6282288055440373E-01   5.0712345351168608E-01
   1.5090090090090092E+01   1.9967116578120642E-01   5.8718227611172702E-01
   1.5140140140140142E+01   1.2901190774391352E-01   6.6202777941152546E-01
   1.5190190190190190E+01   5.3692023952393052E-02   7.1262787686628926E-01
   1.5240240240240240E+01   2.6509860839365323E-02  -4.3913665316573140E-02
   1.5290290290290290E+01   1.0235105402061187E-01  -4.5772407620920323E-02
   1.5340340340340340E+01   1.7513539284873472E-01   2.1363511848942907E-02
   1.5390390390390390E+01   2.4080374308677188E-01   9.4630834763127947E-02
   1.5440440440440442E+01   2.9627274533518311E-01   1.6920329600281969E-01
   1.5490490490490492E+01   3.3886484473565515E-01   2.4405503087649302E-01
   1.5540540540540542E+01   3.6651087965929929E-01   3.1907199589524365E-01
   1.5590590590590592E+01   3.7798610908686281E-01   3.9458056457664098E-01
   1.5640640640640640E+01   3.7310112011241414E-01   4.7129494551898549E-01
   1.5690690690690690E+01   3.5280267164424856E-01   5.5043106753610749E-01
   1.5740740740740740E+01   3.1917814279559331E-01   6.3400254760356201E-01
   1.5790790790790791E+01   2.7542189213273954E-01   7.2546747229555930E-01
   1.5840840840840842E+01   2.2593472479301402E-01   8.3113888903468003E-01
   1.5890890890890892E+01   1.7696011225945862E-01   9.6295705380936858E-01
   1.5940940940940942E+01   1.3837812371265440E-01  -8.6003481986917629E-01
   1.5990990990990992E+01   1.2416502580957289E-01  -6.3504179873744926E-01
   1.6041041041041044E+01   1.3960686370292050E-01  -4.1855724038657272E-01
   1.6091091091091094E+01   1.7198601355126489E-01  -2.5148639412991330E-01
   1.6141141141141141E+01   2.0778564876601882E-01  -1.2126258413512805E-01
   1.6191191191191191E+01   2.3976856168858782E-01  -1.0725745022380943E-02
   1.6241241241241241E+01   2.6429384252715243E-01   8.9662795283943053E-02
   1.6291291291291291E+01   2.7935760683048177E-01   1.8467309763911882E-01
   1.6341341341341341E+01   2.8379900220025289E-01   2.7669506181642278E-01
   1.6391391391391391E+01   2.7698036078515242E-01   3.6689879936895875E-01
   1.6441441441441444E+01   2.5864005761659908E-01   4.5577515288527648E-01
   1.6491491491491495E+01   2.2881148740924162E-01   5.4338005973316461E-01
   1.6541541541541545E+01   1.8777760296272752E-01   6.2937784702369770E-01
   1.6591591591591591E+01   1.3606356688528307E-01   7.1268913736682882E-01
   1.6641641641641641E+01   7.4495147326236119E-02   7.8856213488526872E-01
   1.6691691691691691E+01   6.2234551764170478E-03   6.1196334116562245E-01
   1.6741741741741741E+01   7.3688457217088624E-02  -4.2044097035767629E-03
   1.6791791791791791E+01   1.5589182439655755E-01   6.5213747849936374E-02
   1.6841841841841845E+01   2.3988859081260155E-01   1.4024062024296169E-01
   1.6891891891891895E+01   3.2177279920770396E-01   2.1503769373542786E-01
   1.6941941941941945E+01   3.9699438349845578E-01   2.8840325245568066E-01
   1.6991991991991995E+01   4.6063609151818247E-01   3.5990437173019879E-01
   1.7042042042042041E+01   5.0789889752518125E-01   4.2936925570370160E-01
   1.7092092092092091E+01   5.3471399734967029E-01   4.9679159953982011E-01
   1.7142142142142141E+01   5.3836921497493140E-01   5.6233571362710733E-01
   1.7192192192192191E+01   5.1801619383999331E-01   6.2639112277709785E-01
   1.7242242242242241E+01   4.7494006555756219E-01   6.8969102543397176E-01
   1.7292292292292295E+01   4.1252507027212681E-01   7.5357269244012870E-01
   1.7342342342342345E+01   3.3593653275636010E-01   8.2062046455589055E-01
   1.7392392392392395E+01   2.5169220349938121E-01   8.9652553352248399E-01
   1.7442442442442445E+01   1.6773702940420268E-01   9.9670906886985777E-01
   1.7492492492492495E+01   9.7096701773568023E-02  -8.2571242844800619E-01
   1.7542542542542542E+01   7.5064511872187628E-02  -4.7969469900646861E-01
   1.7592592592592592E+01   1.1283071525978251E-01  -2.2535652646487825E-01
   1.7642642642642642E+01   1.6072127007753970E-01  -1.0156343181643718E-01
   1.7692692692692695E+01   2.0109443420452575E-01  -1.8966451084701706E-02
   1.7742742742742745E+01   2.3053689809760602E-01   4.8979501891553145E-02
   1.7792792792792795E+01   2.4870142554345392E-01   1.1071841001504011E-01
   1.7842842842842845E+01   2.5621003707816281E-01   1.6929112472718613E-01
   1.7892892892892895E+01   2.5405954941870151E-01   2.2536219322124820E-01
   1.7942942942942945E+01   2.4341038612042976E-01   2.7787579357255277E-01
   1.7992992992992992E+01   2.2561182461579457E-01   3.2379651346273319E-01
   1.8043043043043042E+01   2.0260438267134068E-01   3.5712958728527111E-01
   1.8093093093093092E+01   1.7814021033991076E-01   3.6741794044206288E-01
   1.8143143143143146E+01   1.6038720491878475E-01   3.4137064648536070E-01
   1.8193193193193196E+01   1.6348412539719143E-01   2.8187805063781229E-01
   1.8243243243243246E+01   1.9832668840423162E-01   2.2867260722310853E-01
   1.8293293293293296E+01   2.6148097984792262E-01   2.1134063234649417E-01
   1.8343343343343346E+01   3.4273839183000870E-01   2.2428638042678598E-01
   1.8393393393393396E+01   4.3231502044343456E-01   2.5458838772148273E-01
   1.8443443443443442E+01   5.2083561023462255E-01   2.9340663282517798E-01
   1.8493493493493492E+01   5.9850386144509604E-01   3.3539418700267065E-01
   1.8543543543543542E+01   6.5524910685706395E-01   3.7700774087102251E-01
   1.8593593593593596E+01   6.8183043719955105E-01   4.1542187181181439E-01
   1.8643643643643646E+01   6.7174265251691134E-01   4.4786803196918862E-01
   1.8693693693693696E+01   6.2353528230806554E-01   4.7114740964620755E-01
   1.8743743743743746E+01   5.4264045817671835E-01   4.8108750002265854E-01
   1.8793793793793796E+01   4.4150662943554170E-01   4.7160404256987143E-01
   1.8843843843843846E+01   3.3763318751011762E-01   4.3288568631415275E-01
   1.8893893893893896E+01   2.5109930720254386E-01   3.4957294897566188E-01
   1.8943943943943943E+01   2.0287388747652779E-01   2.1183505393357205E-01
   1.8993993993993996E+01   2.0434989844597615E-01   5.7729262368490276E-02
   1.9044044044044046E+01   2.4195605068327330E-01  -5.3808142300025341E-02
   1.9094094094094096E+01   2.9465319933577261E-01  -1.1612566109561444E-01
   1.9144144144144146E+01   3.4947152701973899E-01  -1.4361617828452311E-01
   1.9194194194194196E+01   3.9906664211698212E-01  -1.4710247742808649E-01
   1.9244244244244246E+01   4.3929374928244280E-01  -1.3329647764911867E-01
   1.9294294294294296E+01   4.6884994636639821E-01  -1.0679515873662458E-01
   1.9344344344344346E+01   4.8915589444592322E-01  -7.1223459154240137E-02
   1.9394394394394393E+01   5.0382482938313944E-01  -2.9804777397993046E-02
   1.9444444444444446E+01   5.1777527892241981E-01   1.4444005871247030E-02
   1.9494494494494496E+01   5.3624796988378043E-01   5.8850706846098534E-02
   1.9544544544544546E+01   5.6392867802790791E-01   1.0144827647075169E-01
   1.9594594594594597E+01   6.0420845903098852E-01   1.4126061711903609E-01
   1.9644644644644647E+01   6.5852179985756776E-01   1.7819364320040365E-01
   1.9694694694694697E+01   7.2579867044159752E-01   2.1252112137351231E-01
   1.9744744744744747E+01   8.0220945467186622E-01   2.4430206172013852E-01
   1.9794794794794797E+01   8.8139945647982354E-01   2.7305128306599663E-01
   1.9844844844844843E+01   9.5534794875119122E-01   2.9771371627170728E-01
   1.9894894894894897E+01   1.0159212826370922E+00   3.1683295839750503E-01
   1.9944944944944947E+01   1.0569942238415571E+00   3.2884332650392506E-01
   1.9994994994994997E+01   1.0765148556903916E+00   3.3249711889043854E-01
   2.0045045045045047E+01   1.0772851605853080E+00   3.2741295284916377E-01
   2.0095095095095097E+01   1.0653592695116909E+00   3.1454010926008580E-01
   2.0145145145145147E+01   1.0465526380512944E+00   2.9612852103923470E-01
   2.0195195195195197E+01   1.0234965501221041E+00   2.7497266453814095E-01
   2.0245245245245247E+01   9.9541173422857343E-01   2.5332166706002840E-01
   2.0295295295295297E+01   9.6025932468735808E-01   2.3216398614298089E-01
   2.0345345345345347E+01   9.1725502011651372E-01   2.1118688276328668E-01
   2.0395395395395397E+01   8.6824916497412075E-01   1.8923418085690333E-01
   2.0445445445445447E+01   8.1765544550568425E-01   1.6500275538955894E-01
   2.0495495495495497E+01   7.7126998194973340E-01   1.3780245548008097E-01
   2.0545545545545547E+01   7.3451612677609401E-01   1.0817845024225106E-01
   2.0595595595595597E+01   7.1076923259576996E-01   7.8055385151880111E-02
   2.0645645645645647E+01   7.0051935162104850E-01   5.0154326749254519E-02
   2.0695695695695697E+01   7.0179220449872592E-01   2.6992193970785259E-02
   2.0745745745745747E+01   7.1140644018087695E-01   1.0182933206607240E-02
   2.0795795795795797E+01   7.2615372737083228E-01   3.7798079802355634E-04
   2.0845845845845847E+01   7.4335456916064890E-01  -2.4264180036966559E-03
   2.0895895895895897E+01   7.6086652621115458E-01   1.4005487393337109E-03
   2.0945945945945947E+01   7.7688187343009418E-01   1.1248753575813702E-02
   2.0995995995995997E+01   7.8976446910429710E-01   2.6272987345345847E-02
   2.1046046046046047E+01   7.9800510607513464E-01   4.5377159025634668E-02
   2.1096096096096097E+01   8.0027551869274627E-01   6.7244821251474074E-02
   2.1146146146146148E+01   7.9554211095103466E-01   9.0436689665543038E-02
   2.1196196196196198E+01   7.8320364119686570E-01   1.1353535105678426E-01
   2.1246246246246248E+01   7.6320294188383142E-01   1.3529228836010770E-01
   2.1296296296296298E+01   7.3604948373870738E-01   1.5472764725196958E-01
   2.1346346346346348E+01   7.0271891445536350E-01   1.7114871706372714E-01
   2.1396396396396398E+01   6.6446608552359931E-01   1.8408050571292081E-01
   2.1446446446446448E+01   6.2264484477062121E-01   1.9312779457565005E-01
   2.1496496496496498E+01   5.7862604841745435E-01   1.9780225338343224E-01
   2.1546546546546548E+01   5.3385835926658975E-01   1.9735106508309072E-01
   2.1596596596596598E+01   4.9006966375667554E-01   1.9063229598110584E-01
   2.1646646646646648E+01   4.4957716862206226E-01   1.7613181609230782E-01
   2.1696696696696698E+01   4.1561908107855416E-01   1.5234069996392291E-01
   2.1746746746746748E+01   3.9245696196354307E-01   1.1882575358507209E-01
   2.1796796796796798E+01   3.8475344740868517E-01   7.7925296819148143E-02
   2.1846846846846848E+01   3.9592137092242646E-01   3.5522748389838710E-02
   2.1896896896896898E+01   4.2636720795700178E-01  -1.1842682719851716E-03
   2.1946946946946948E+01   4.7330751138456034E-01  -2.7408608566182262E-02
   2.1996996996996998E+01   5.3215785353511458E-01  -4.2107867828826077E-02
   2.2047047047047048E+01   5.9796537746846612E-01  -4.6709988786320294E-02
   2.2097097097097098E+01   6.6610134587538672E-01  -4.3515788087390789E-02
   2.2147147147147152E+01   7.3243153133370731E-01  -3.4832434599113886E-02
   2.2197197197197198E+01   7.9332209091527561E-01  -2.2681514751020156E-02
   2.2247247247247248E+01   8.4565404353006834E-01  -8.7533188068652963E-03
   2.2297297297297298E+01   8.8688713074618963E-01   5.5665448008765245E-03
   2.2347347347347348E+01   9.1515931116704197E-01   1.9152535367797385E-02
   2.2397397397397398E+01   9.2939290800061636E-01   3.1082042717889738E-02
   2.2447447447447448E+01   9.2938254164866940E-01   4.0564204826742264E-02
   2.2497497497497498E+01   9.1584972152329025E-01   4.6864440163270939E-02
   2.2547547547547552E+01   8.9044810954957621E-01   4.9248663611295776E-02
   2.2597597597597602E+01   8.5568653925046556E-01   4.6976608440802980E-02
   2.2647647647647648E+01   8.1472465837916974E-01   3.9362032775948741E-02
   2.2697697697697699E+01   7.7102401210151450E-01   2.5889335771062703E-02
   2.2747747747747749E+01   7.2791408588821915E-01   6.3458487517614234E-03
   2.2797797797797799E+01   6.8820835294950677E-01  -1.9078701705928978E-02
   2.2847847847847849E+01   6.5399698468721645E-01  -4.9744228689596638E-02
   2.2897897897897899E+01   6.2661691012749321E-01  -8.4539092768588425E-02
   2.2947947947947949E+01   6.0664526158205156E-01  -1.2187050561310331E-01
   2.2997997997998002E+01   5.9376045938129529E-01  -1.5974275555550371E-01
   2.3048048048048052E+01   5.8655167348170500E-01  -1.9605424234826968E-01
   2.3098098098098099E+01   5.8261127198800522E-01  -2.2909368731215554E-01
   2.3148148148148149E+01   5.7914247495942384E-01  -2.5796409772798823E-01
   2.3198198198198199E+01   5.7387034280144733E-01  -2.8265040259680330E-01
   2.3248248248248249E+01   5.6574682690197786E-01  -3.0371400142262273E-01
   2.3298298298298299E+01   5.5509006992393473E-01  -3.2182507056325338E-01
   2.3348348348348349E+01   5.4317340084715549E-01  -3.3736156636957892E-01
   2.3398398398398399E+01   5.3154390784200722E-01  -3.5021429340757743E-01
   2.3448448448448453E+01   5.2140207706707686E-01  -3.5984507383571540E-01
   2.3498498498498503E+01   5.1327693885288905E-01  -3.6555383463849267E-01
   2.3548548548548553E+01   5.0706133448023061E-01  -3.6682260336393202E-01
   2.3598598598598599E+01   5.0230303120698006E-01  -3.6357793719067300E-01
   2.3648648648648649E+01   4.9856364381487056E-01  -3.5627948792570119E-01
   2.3698698698698699E+01   4.9569002066993229E-01  -3.4584094792100156E-01
   2.3748748748748749E+01   4.9393615788834311E-01  -3.3344378186469970E-01
   2.3798798798798799E+01   4.9394903177606114E-01  -3.2030496188722929E-01
   2.3848848848848853E+01   4.9665653713656421E-01  -3.0744542643927941E-01
   2.3898898898898903E+01   5.0308763329898809E-01  -2.9550366781942422E-01
   2.3948948948948953E+01   5.1414804108253098E-01  -2.8464414749394185E-01
   2.3998998998999003E+01   5.3038848665287730E-01  -2.7459756903343635E-01
   2.4049049049049049E+01   5.5182476317962526E-01  -2.6482230129831391E-01
   2.4099099099099099E+01   5.7786845602394199E-01  -2.5471605100623462E-01
   2.4149149149149149E+01   6.0738929993281066E-01  -2.4378581745368796E-01
   2.4199199199199199E+01   6.3887800977776577E-01  -2.3172330457655274E-01
   2.4249249249249250E+01   6.7064862226481026E-01  -2.1839512501156738E-01
   2.4299299299299303E+01   7.0102507612915366E-01  -2.0379384854190810E-01
   2.4349349349349353E+01   7.2848473511133982E-01  -1.8799521495159666E-01
   2.4399399399399403E+01   7.5176220648541558E-01  -1.7114509903251215E-01
   2.4449449449449453E+01   7.6993522265892878E-01  -1.5347383018742564E-01
   2.4499499499499500E+01   7.8251080670483719E-01  -1.3531426138678412E-01
   2.4549549549549550E+01   7.8950403528407220E-01  -1.1709168179894663E-01
   2.4599599599599600E+01   7.9146991306190606E-01  -9.9266446522462984E-02
   2.4649649649649650E+01   7.8944018224337420E-01  -8.2241719168736252E-02
   2.4699699699699703E+01   7.8474990542631651E-01  -6.6278448710118024E-02
   2.4749749749749753E+01   7.7879734210494855E-01  -5.1461689955945002E-02
   2.4799799799799803E+01   7.7281923583627221E-01  -3.7732092872158389E-02
   2.4849849849849853E+01   7.6774921136606633E-01  -2.4959149289254960E-02
   2.4899899899899903E+01   7.6417584129920080E-01  -1.3018090995940656E-02
   2.4949949949949954E+01   7.6237468845768042E-01  -1.8444547149681016E-03
   2.5000000000000000E+01   7.6238014931225462E-01   8.5392615137939928E-03
   2.5050050050050050E+01   7.6407722873977968E-01   1.8018983478326412E-02
   2.5100100100100100E+01   7.6730766546602924E-01   2.6401026380488142E-02
   2.5150150150150154E+01   7.7198620939721097E-01   3.3440991290639696E-02
   2.5200200200200204E+01   7.7821080847072954E-01   3.8893883049637749E-02
   2.5250250250250254E+01   7.8633223654068229E-01   4.2586833266709624E-02
   2.5300300300300304E+01   7.9693738305830397E-01   4.4503976736776682E-02
   2.5350350350350354E+01   8.1071238560988290E-01   4.4855691837064969E-02
   2.5400400400400404E+01   8.2819559784976016E-01   4.4093599917153496E-02
   2.5450450450450450E+01   8.4949030943206794E-01   4.2844010635602718E-02
   2.5500500500500500E+01   8.7404304570138169E-01   4.1767885100792712E-02
   2.5550550550550550E+01   9.0057437646455663E-01   4.1392256636028892E-02
   2.5600600600600604E+01   9.2719089174695868E-01   4.1968845349203379E-02
   2.5650650650650654E+01   9.5165596674679931E-01   4.3399685494563897E-02
   2.5700700700700704E+01   9.7177466447471905E-01   4.5249931604632719E-02
   2.5750750750750754E+01   9.8582811092932876E-01   4.6856083592051984E-02
   2.5800800800800804E+01   9.9294346531437949E-01   4.7518223492519905E-02
   2.5850850850850854E+01   9.9323870547778881E-01   4.6721462518443058E-02
   2.5900900900900901E+01   9.8763917361138132E-01   4.4287828308268322E-02
   2.5950950950950951E+01   9.7746399698828224E-01   4.0376384867467321E-02
   2.6001001001001004E+01   9.6405043682680946E-01   3.5347961723307439E-02
   2.6051051051051054E+01   9.4860606633796229E-01   2.9605317026985163E-02
   2.6101101101101108E+01   9.3224144075331161E-01   2.3507847660580280E-02
   2.6151151151151154E+01   9.1602116951410506E-01   1.7370935172803002E-02
   2.6201201201201201E+01   9.0094268641364161E-01   1.1499411699241541E-02
   2.6251251251251254E+01   8.8785916787773500E-01   6.2068558509516423E-03
   2.6301301301301301E+01   8.7740696074110869E-01   1.8013122830759605E-03
   2.6351351351351354E+01   8.6998672983967296E-01  -1.4566583197005646E-03
   2.6401401401401401E+01   8.6581330708999982E-01  -3.4028158450763036E-03
   2.6451451451451454E+01   8.6501184202647297E-01  -4.0004213347968609E-03
   2.6501501501501505E+01   8.6771143215256774E-01  -3.3370475236097060E-03
   2.6551551551551558E+01   8.7408367618214411E-01  -1.5867020610557023E-03
   2.6601601601601605E+01   8.8429657851863563E-01   1.0459267530365250E-03
   2.6651651651651651E+01   8.9839465521048778E-01   4.3740585691698598E-03
   2.6701701701701705E+01   9.1615264188959156E-01   8.2512859297487768E-03
   2.6751751751751751E+01   9.3696126619311604E-01   1.2565007134721747E-02
   2.6801801801801805E+01   9.5978420974482259E-01   1.7211266184642884E-02
   2.6851851851851851E+01   9.8319468324648784E-01   2.2062526261544989E-02
   2.6901901901901905E+01   1.0054862488434801E+00   2.6933593869662823E-02
   2.6951951951951955E+01   1.0248637614723841E+00   3.1552759114789386E-02
   2.7002002002002008E+01   1.0397262850166606E+00   3.5561653814340489E-02
   2.7052052052052055E+01   1.0490078797722437E+00   3.8578173053554106E-02
   2.7102102102102101E+01   1.0524485124764007E+00   4.0328203479693694E-02
   2.7152152152152155E+01   1.0506278720595630E+00   4.0786634775500576E-02
   2.7202202202202201E+01   1.0447148767902592E+00   4.0233510267298184E-02
   2.7252252252252255E+01   1.0360848907998028E+00   3.9185361787097271E-02
   2.7302302302302305E+01   1.0260144239346944E+00   3.8253076505780609E-02
   2.7352352352352355E+01   1.0155386012553902E+00   3.8003032623177356E-02
   2.7402402402402405E+01   1.0054370526685257E+00   3.8853606270210568E-02
   2.7452452452452459E+01   9.9630195050743253E-01   4.1003404272778619E-02
   2.7502502502502505E+01   9.8866391388175556E-01   4.4394048728267674E-02
   2.7552552552552552E+01   9.8313894399194024E-01   4.8727568717847676E-02
   2.7602602602602605E+01   9.8052869127551245E-01   5.3554511089449898E-02
   2.7652652652652652E+01   9.8179801648870657E-01   5.8420569619092637E-02
   2.7702702702702705E+01   9.8788740880492210E-01   6.3022884782179239E-02
   2.7752752752752755E+01   9.9939014486145838E-01   6.7306376269896925E-02
   2.7802802802802805E+01   1.0162082487743387E+00   7.1448088144657362E-02
   2.7852852852852855E+01   1.0373433114850428E+00   7.5733816297550022E-02
   2.7902902902902909E+01   1.0609322568129005E+00   8.0389527102764244E-02
   2.7952952952952955E+01   1.0845267976049946E+00   8.5444673361964388E-02
   2.8003003003003002E+01   1.1055227001302694E+00   9.0672265888778164E-02
   2.8053053053053056E+01   1.1216267240322020E+00   9.5611435484875718E-02
   2.8103103103103102E+01   1.1312756222922664E+00   9.9661988711767999E-02
   2.8153153153153156E+01   1.1339261840273305E+00   1.0223582857793728E-01
   2.8203203203203206E+01   1.1301073984241043E+00   1.0292978516567156E-01
   2.8253253253253259E+01   1.1211480628744737E+00   1.0164973282879312E-01
   2.8303303303303306E+01   1.1086456327860199E+00   9.8611241794115803E-02
   2.8353353353353359E+01   1.0939348700348035E+00   9.4205976651911605E-02
   2.8403403403403406E+01   1.0778279374040531E+00   8.8815667299223772E-02
   2.8453453453453452E+01   1.0606874721333479E+00   8.2683280617368501E-02
   2.8503503503503506E+01   1.0426824078577412E+00   7.5890711747186229E-02
   2.8553553553553552E+01   1.0240376140487384E+00   6.8417889127689396E-02
   2.8603603603603606E+01   1.0051717305315073E+00   6.0230868062605046E-02
   2.8653653653653656E+01   9.8670517589328544E-01   5.1358463532997195E-02
   2.8703703703703709E+01   9.6936742585003466E-01   4.1937774627623478E-02
   2.8753753753753756E+01   9.5384727317002427E-01   3.2223866528874011E-02
   2.8803803803803810E+01   9.4062767137522907E-01   2.2565985062800688E-02
   2.8853853853853856E+01   9.2984158462137645E-01   1.3354548622216082E-02
   2.8903903903903910E+01   9.2118469570591710E-01   4.9454155306629813E-03
   2.8953953953953956E+01   9.1391996605659542E-01  -2.4246621640933367E-03
   2.9004004004004003E+01   9.0699603095433357E-01  -8.7073580312061073E-03
   2.9054054054054056E+01   8.9927180123594308E-01  -1.4068782750757739E-02
   2.9104104104104106E+01   8.8980055564038463E-01  -1.8852837972486332E-02
   2.9154154154154160E+01   8.7809084882782429E-01  -2.3483244382343168E-02
   2.9204204204204206E+01   8.6424638630901207E-01  -2.8331595411455104E-02
   2.9254254254254260E+01   8.4891628237813810E-01  -3.3599813223745549E-02
   2.9304304304304306E+01   8.3306941337040896E-01  -3.9267619575585132E-02
   2.9354354354354360E+01   8.1770169431913931E-01  -4.5128602948646512E-02
   2.9404404404404406E+01   8.0361658940130565E-01  -5.0891055167036681E-02
   2.9454454454454456E+01   7.9135322217202142E-01  -5.6285002612087430E-02
   2.9504504504504506E+01   7.8123233590919750E-01  -6.1123783614173435E-02
   2.9554554554554556E+01   7.7343690374748908E-01  -6.5308055498439030E-02
   2.9604604604604610E+01   7.6806433795519724E-01  -6.8795399336914365E-02
   2.9654654654654657E+01   7.6513621512787211E-01  -7.1566683244499815E-02
   2.9704704704704710E+01   7.6458354522550165E-01  -7.3607689792840311E-02
   2.9754754754754757E+01   7.6623094107886613E-01  -7.4908822666299626E-02
   2.9804804804804810E+01   7.6979421375261847E-01  -7.5476848107147637E-02
   2.9854854854854857E+01   7.7489575295673874E-01  -7.5350775151471303E-02
   2.9904904904904907E+01   7.8109556345539710E-01  -7.4615601725226105E-02
   2.9954954954954957E+01   7.8793250044247043E-01  -7.3409843116345852E-02
   3.0005005005005007E+01   7.9496808119217999E-01  -7.1924393415328039E-02
   3.0055055055055060E+01   8.0182332346170693E-01  -7.0391583857399034E-02
   3.0105105105105107E+01   8.0819831085317539E-01  -6.9064969849009811E-02
   3.0155155155155160E+01   8.1386658138771317E-01  -6.8192625903389134E-02
   3.0205205205205207E+01   8.1864299982062461E-01  -6.7988898911192489E-02
   3.0255255255255260E+01   8.2233277494593959E-01  -6.8610504892292007E-02
   3.0305305305305307E+01   8.2467643184902650E-01  -7.0141936772996391E-02
   3.0355355355355357E+01   8.2530697042385670E-01  -7.2593125417786175E-02
   3.0405405405405407E+01   8.2373145559821948E-01  -7.5910689710872836E-02
   3.0455455455455457E+01   8.1934481372110324E-01  -8.0003296563385992E-02
   3.0505505505505511E+01   8.1148283907194307E-01  -8.4779674456348708E-02
   3.0555555555555557E+01   7.9952093347891118E-01  -9.0192420856671812E-02
   3.0605605605605611E+01   7.8301495140595012E-01  -9.6273531689618067E-02
   3.0655655655655657E+01   7.6185671698709601E-01  -1.0314503426990873E-01
   3.0705705705705711E+01   7.3639273003006622E-01  -1.1099555671483197E-01
   3.0755755755755757E+01   7.0745311283648593E-01  -1.2002786825788811E-01
   3.0805805805805807E+01   6.7626725789537889E-01  -1.3039330406686694E-01
   3.0855855855855861E+01   6.4428548162772048E-01  -1.4213051951387135E-01
   3.0905905905905907E+01   6.1295654888666218E-01  -1.5512211185942537E-01
   3.0955955955955961E+01   5.8351856378166322E-01  -1.6907985097033443E-01
   3.1006006006006007E+01   5.5685106079404600E-01  -1.8356700638423251E-01
   3.1056056056056061E+01   5.3341672050397104E-01  -1.9805838067024931E-01
   3.1106106106106107E+01   5.1329542843662923E-01  -2.1202385382738534E-01
   3.1156156156156161E+01   4.9628668084293986E-01  -2.2500837258870116E-01
   3.1206206206206208E+01   4.8203874818296150E-01  -2.3668161644225311E-01
   3.1256256256256258E+01   4.7016259936148397E-01  -2.4684535402520025E-01
   3.1306306306306311E+01   4.6030371215366833E-01  -2.5540557409029113E-01
   3.1356356356356358E+01   4.5216574137722093E-01  -2.6232839844678901E-01
   3.1406406406406411E+01   4.4549671048065265E-01  -2.6759969821272900E-01
   3.1456456456456458E+01   4.4005645527474974E-01  -2.7120144776266997E-01
   3.1506506506506511E+01   4.3558403841987514E-01  -2.7310838447989028E-01
   3.1556556556556558E+01   4.3177855245154079E-01  -2.7330051957357959E-01
   3.1606606606606611E+01   4.2829919929552390E-01  -2.7178268765096703E-01
   3.1656656656656658E+01   4.2478340746380655E-01  -2.6860215339007842E-01
   3.1706706706706711E+01   4.2087686386209777E-01  -2.6385826219214498E-01
   3.1756756756756761E+01   4.1626741454489741E-01  -2.5770221812645772E-01
   3.1806806806806808E+01   4.1071543427808216E-01  -2.5032841755206880E-01
   3.1856856856856862E+01   4.0407543749424174E-01  -2.4196044269684214E-01
   3.1906906906906908E+01   3.9630632304099267E-01  -2.3283493385930878E-01
   3.1956956956956962E+01   3.8746997207701256E-01  -2.2318576140670415E-01
   3.2007007007007012E+01   3.7771961405576232E-01  -2.1322988954141023E-01
   3.2057057057057065E+01   3.6728038937642044E-01  -2.0315551815554178E-01
   3.2107107107107112E+01   3.5642497468311202E-01  -1.9311270665917354E-01
   3.2157157157157165E+01   3.4544716827575450E-01  -1.8320672214868186E-01
   3.2207207207207212E+01   3.3463612978740076E-01  -1.7349465955441368E-01
   3.2257257257257258E+01   3.2425364952589847E-01  -1.6398618769804571E-01
   3.2307307307307312E+01   3.1451642302454297E-01  -1.5464927120686742E-01
   3.2357357357357358E+01   3.0558478262829653E-01  -1.4542116814202841E-01
   3.2407407407407412E+01   2.9755862805367955E-01  -1.3622389934765325E-01
   3.2457457457457458E+01   2.9048040303432587E-01  -1.2698203943898570E-01
   3.2507507507507512E+01   2.8434400477596211E-01  -1.1763963938634452E-01
   3.2557557557557558E+01   2.7910770108852895E-01  -1.0817287373972920E-01
   3.2607607607607612E+01   2.7470867624080864E-01  -9.8595798075921184E-02
   3.2657657657657658E+01   2.7107682675021932E-01  -8.8958151609580968E-02
   3.2707707707707705E+01   2.6814582637231504E-01  -7.9335917763331820E-02
   3.2757757757757759E+01   2.6586012230475531E-01  -6.9816850837330760E-02
   3.2807807807807812E+01   2.6417725847374340E-01  -6.0484096261930104E-02
   3.2857857857857866E+01   2.6306565543592286E-01  -5.1401305510658447E-02
   3.2907907907907912E+01   2.6249867308838498E-01  -4.2602313770801946E-02
   3.2957957957957966E+01   2.6244640338969111E-01  -3.4087563320983651E-02
   3.3008008008008012E+01   2.6286709572142214E-01  -2.5828099243362341E-02
   3.3058058058058066E+01   2.6370027115516459E-01  -1.7776331763819028E-02
   3.3108108108108112E+01   2.6486331826834081E-01  -9.8812130636101760E-03
   3.3158158158158159E+01   2.6625267457486357E-01  -2.1044619343064466E-03
   3.3208208208208212E+01   2.6774972488183335E-01   5.5656874153697253E-03
   3.3258258258258259E+01   2.6923053560676730E-01   1.3106016706292599E-02
   3.3308308308308312E+01   2.7057773663663892E-01   2.0456643831934275E-02
   3.3358358358358359E+01   2.7169241200715416E-01   2.7526211063464086E-02
   3.3408408408408413E+01   2.7250380553651549E-01   3.4202809420521653E-02
   3.3458458458458459E+01   2.7297495508885983E-01   4.0368656512605530E-02
   3.3508508508508513E+01   2.7310299449624931E-01   4.5916024178116070E-02
   3.3558558558558559E+01   2.7291376687202790E-01   5.0761658754460121E-02
   3.3608608608608613E+01   2.7245150819975605E-01   5.4856981739957171E-02
   3.3658658658658659E+01   2.7176552316336133E-01   5.8191850298092998E-02
   3.3708708708708713E+01   2.7089670025381213E-01   6.0790750975960484E-02
   3.3758758758758766E+01   2.6986705055801957E-01   6.2701962294918798E-02
   3.3808808808808813E+01   2.6867494628526312E-01   6.3982084387099666E-02
   3.3858858858858866E+01   2.6729739019013904E-01   6.4679760516705459E-02
   3.3908908908908913E+01   2.6569881069780349E-01   6.4822809246330285E-02
   3.3958958958958966E+01   2.6384411458431833E-01   6.4412143912863609E-02
   3.4009009009009013E+01   2.6171258020050747E-01   6.3424087324889730E-02
   3.4059059059059059E+01   2.5930894254171383E-01   6.1820603492447668E-02
   3.4109109109109113E+01   2.5666871124753426E-01   5.9565125332502432E-02
   3.4159159159159159E+01   2.5385615784426790E-01   5.6640371775368743E-02
   3.4209209209209213E+01   2.5095518365022595E-01   5.3063945454091516E-02
   3.4259259259259260E+01   2.4805505742842887E-01   4.8897694167253251E-02
   3.4309309309309313E+01   2.4523437685435451E-01   4.4247957553169695E-02
   3.4359359359359360E+01   2.4254715512137481E-01   3.9255922021541614E-02
   3.4409409409409413E+01   2.4001440774017421E-01   3.4079975421044038E-02
   3.4459459459459460E+01   2.3762308863056950E-01   2.8874312290105234E-02
   3.4509509509509513E+01   2.3533217276473800E-01   2.3769102573524173E-02
   3.4559559559559560E+01   2.3308381679822937E-01   1.8856816515130076E-02
   3.4609609609609613E+01   2.3081646348555235E-01   1.4187166394788632E-02
   3.4659659659659667E+01   2.2847672253424231E-01   9.7705629459334167E-03
   3.4709709709709713E+01   2.2602766906533794E-01   5.5879601206538483E-03
   3.4759759759759767E+01   2.2345242435690393E-01   1.6039559530352612E-03
   3.4809809809809813E+01   2.2075310179100580E-01  -2.2200249670446489E-03
   3.4859859859859867E+01   2.1794614215996921E-01  -5.9150468671012486E-03
   3.4909909909909913E+01   2.1505561511896060E-01  -9.4981467742704991E-03
   3.4959959959959967E+01   2.1210622010615901E-01  -1.2970642899509437E-02
   3.5010010010010014E+01   2.0911752483048718E-01  -1.6320927965135065E-02
   3.5060060060060060E+01   2.0610050982188099E-01  -1.9530554392875422E-02
   3.5110110110110114E+01   2.0305685618692604E-01  -2.2581851867663975E-02
   3.5160160160160160E+01   1.9998076367775758E-01  -2.5465162514788413E-02
   3.5210210210210214E+01   1.9686256308490188E-01  -2.8184062654960384E-02
   3.5260260260260260E+01   1.9369309679506955E-01  -3.0757559365832719E-02
   3.5310310310310314E+01   1.9046781853813666E-01  -3.3219007754071384E-02
   3.5360360360360360E+01   1.8718976821339495E-01  -3.5612185501963774E-02
   3.5410410410410414E+01   1.8387092243430278E-01  -3.7985446514070632E-02
   3.5460460460460467E+01   1.8053180690979639E-01  -4.0385108775719290E-02
   3.5510510510510514E+01   1.7719960085650852E-01  -4.2849234312812123E-02
   3.5560560560560567E+01   1.7390521277288828E-01  -4.5402780023231316E-02
   3.5610610610610614E+01   1.7067993462955883E-01  -4.8054785857489499E-02
   3.5660660660660668E+01   1.6755228271516134E-01  -5.0797868124452847E-02
   3.5710710710710714E+01   1.6454552082983986E-01  -5.3609858347901898E-02
   3.5760760760760768E+01   1.6167616541064356E-01  -5.6457049124996661E-02
   3.5810810810810814E+01   1.5895353828571490E-01  -5.9298262918515421E-02
   3.5860860860860868E+01   1.5638021522836093E-01  -6.2088910973175898E-02
   3.5910910910910914E+01   1.5395306666237032E-01  -6.4784367609136445E-02
   3.5960960960960961E+01   1.5166453087039647E-01  -6.7342294819792800E-02
   3.6011011011011014E+01   1.4950380185817333E-01  -6.9723910739906997E-02
   3.6061061061061061E+01   1.4745772852507930E-01  -7.1894491993676285E-02
   3.6111111111111114E+01   1.4551136707155346E-01  -7.3823554354634655E-02
   3.6161161161161161E+01   1.4364826043683024E-01  -7.5485143068379335E-02
   3.6211211211211214E+01   1.4185060344576025E-01  -7.6858512528678896E-02
   3.6261261261261261E+01   1.4009947476758791E-01  -7.7929250341201059E-02
   3.6311311311311314E+01   1.3837528029576851E-01  -7.8690679753012541E-02
   3.6361361361361368E+01   1.3665847539697851E-01  -7.9145220489370866E-02
   3.6411411411411414E+01   1.3493054127493068E-01  -7.9305335746171532E-02
   3.6461461461461468E+01   1.3317510864793519E-01  -7.9193743555821414E-02
   3.6511511511511515E+01   1.3137906870765084E-01  -7.8842698251979454E-02
   3.6561561561561568E+01   1.2953349593420238E-01  -7.8292313066950253E-02
   3.6611611611611615E+01   1.2763422923118975E-01  -7.7588059204540358E-02
   3.6661661661661668E+01   1.2568200918846842E-01  -7.6777711010565519E-02
   3.6711711711711715E+01   1.2368213819754810E-01  -7.5908094542833246E-02
   3.6761761761761768E+01   1.2164370360145557E-01  -7.5022031305052250E-02
   3.6811811811811815E+01   1.1957846991912877E-01  -7.4155849244468733E-02
   3.6861861861861861E+01   1.1749959441028532E-01  -7.3337761372437665E-02
   3.6911911911911915E+01   1.1542034368100633E-01  -7.2587293876102438E-02
   3.6961961961961961E+01   1.1335298406595222E-01  -7.1915791615205449E-02
   3.7012012012012015E+01   1.1130798576244767E-01  -7.1327859194069490E-02
   3.7062062062062061E+01   1.0929362528873132E-01  -7.0823438276523404E-02
   3.7112112112112115E+01   1.0731600209659713E-01  -7.0400107776746157E-02
   3.7162162162162168E+01   1.0537941508831779E-01  -7.0055149554132293E-02
   3.7212212212212215E+01   1.0348698573531798E-01  -6.9786961778686277E-02
   3.7262262262262269E+01   1.0164137662354968E-01  -6.9595521186446005E-02
   3.7312312312312315E+01   9.9845443503252293E-02  -6.9481773639222894E-02
   3.7362362362362369E+01   9.8102676225900437E-02  -6.9446038841948568E-02
   3.7412412412412415E+01   9.6417325626189390E-02  -6.9485715409062260E-02
   3.7462462462462469E+01   9.4794172318136763E-02  -6.9592734107301768E-02
   3.7512512512512515E+01   9.3237960234496736E-02  -6.9751301637426044E-02
   3.7562562562562569E+01   9.1752582169069341E-02  -6.9936482189577570E-02
   3.7612612612612615E+01   9.0340156048521136E-02  -7.0114066128259211E-02
   3.7662662662662669E+01   8.9000159670802548E-02  -7.0241977620793317E-02
   3.7712712712712715E+01   8.7728791505792741E-02  -7.0273202171602517E-02
   3.7762762762762769E+01   8.6518694041930216E-02  -7.0159922026566762E-02
   3.7812812812812815E+01   8.5359118660447361E-02  -6.9858299001622673E-02
   3.7862862862862862E+01   8.4236537975635989E-02  -6.9333202871410288E-02
   3.7912912912912915E+01   8.3135637769258669E-02  -6.8562184366612683E-02
   3.7962962962962962E+01   8.2040560784655714E-02  -6.7538129563526339E-02
   3.8013013013013015E+01   8.0936239336343821E-02  -6.6270263835658552E-02
   3.8063063063063069E+01   7.9809647006688994E-02  -6.4783436311890055E-02
   3.8113113113113116E+01   7.8650819213721496E-02  -6.3115852334308553E-02
   3.8163163163163169E+01   7.7453531258708089E-02  -6.1315595909064859E-02
   3.8213213213213223E+01   7.6215572057191691E-02  -5.9436386868845476E-02
   3.8263263263263269E+01   7.4938604215803672E-02  -5.7533057720633329E-02
   3.8313313313313316E+01   7.3627650287408863E-02  -5.5657229118500101E-02
   3.8363363363363369E+01   7.2290286536263848E-02  -5.3853623008277028E-02
   3.8413413413413416E+01   7.0935656172484915E-02  -5.2157382414435426E-02
   3.8463463463463469E+01   6.9573431184400264E-02  -5.0592663086938695E-02
   3.8513513513513516E+01   6.8212853522750819E-02  -4.9172620778064564E-02
   3.8563563563563569E+01   6.6861971378395557E-02  -4.7900742664795000E-02
   3.8613613613613616E+01   6.5527155416738814E-02  -4.6773280204204355E-02
   3.8663663663663669E+01   6.4212936498280582E-02  -4.5782365219906633E-02
   3.8713713713713716E+01   6.2922156787189404E-02  -4.4919269358249976E-02
   3.8763763763763762E+01   6.1656378257503759E-02  -4.4177231229313205E-02
   3.8813813813813816E+01   6.0416454610405131E-02  -4.3553339705941725E-02
   3.8863863863863862E+01   5.9203150837205086E-02  -4.3049117080632311E-02
   3.8913913913913916E+01   5.8017692157451485E-02  -4.2669663801018630E-02
   3.8963963963963970E+01   5.6862140256382032E-02  -4.2421469618876488E-02
   3.9014014014014023E+01   5.5739526101960174E-02  -4.2309227298753180E-02
   3.9064064064064070E+01   5.4653709828733417E-02  -4.2332173911905822E-02
   3.9114114114114123E+01   5.3608983244478436E-02  -4.2480606406432121E-02
   3.9164164164164170E+01   5.2609473404481792E-02  -4.2733250790327734E-02
   3.9214214214214216E+01   5.1658440533557073E-02  -4.3056089166197957E-02
   3.9264264264264270E+01   5.0757584883406703E-02  -4.3403057176674205E-02
   3.9314314314314316E+01   4.9906480503243152E-02  -4.3718729226515013E-02
   3.9364364364364370E+01   4.9102237317233274E-02  -4.3942754990710847E-02
   3.9414414414414416E+01   4.8339457971368661E-02  -4.4015472720697259E-02
   3.9464464464464470E+01   4.7610508546304546E-02  -4.3883887594234498E-02
   3.9514514514514516E+01   4.6906071717188698E-02  -4.3507131101828765E-02
   3.9564564564564570E+01   4.6215907518850963E-02  -4.2860626828060730E-02
   3.9614614614614617E+01   4.5529718728363450E-02  -4.1938440655367976E-02
   3.9664664664664663E+01   4.4838008891439927E-02  -4.0753613482728282E-02
   3.9714714714714717E+01   4.4132830261750966E-02  -3.9336580366937934E-02
   3.9764764764764770E+01   4.3408341851539141E-02  -3.7732013080335490E-02
   3.9814814814814817E+01   4.2661128341173540E-02  -3.5994561104121338E-02
   3.9864864864864870E+01   4.1890263096429223E-02  -3.4184018122675172E-02
   3.9914914914914924E+01   4.1097128806864440E-02  -3.2360432365567987E-02
   3.9964964964964970E+01   4.0285034732400533E-02  -3.0579634805360641E-02
   4.0015015015015024E+01   3.9458688846946872E-02  -2.8889593864268731E-02
   4.0065065065065070E+01   3.8623595467099162E-02  -2.7327920507271886E-02
   4.0115115115115117E+01   3.7785453547261628E-02  -2.5920736523889498E-02
   4.0165165165165170E+01   3.6949627097755663E-02  -2.4682974789279798E-02
   4.0215215215215217E+01   3.6120746957896951E-02  -2.3620006179626788E-02
   4.0265265265265271E+01   3.5302483209700523E-02  -2.2730301557977419E-02
   4.0315315315315317E+01   3.4497502002187187E-02  -2.2008670861602780E-02
   4.0365365365365371E+01   3.3707592996723629E-02  -2.1449512419012638E-02
   4.0415415415415417E+01   3.2933928388151554E-02  -2.1049484660700526E-02
   4.0465465465465471E+01   3.2177395701561730E-02  -2.0809091515438929E-02
   4.0515515515515517E+01   3.1438937335200888E-02  -2.0732841773596543E-02
   4.0565565565565564E+01   3.0719831311182163E-02  -2.0827873503197501E-02
   4.0615615615615617E+01   3.0021859205145520E-02  -2.1101191119538374E-02
   4.0665665665665671E+01   2.9347326598604385E-02  -2.1555909661755197E-02
   4.0715715715715724E+01   2.8698925667819432E-02  -2.2187107098235990E-02
   4.0765765765765771E+01   2.8079455421393135E-02  -2.2978021882790380E-02
   4.0815815815815824E+01   2.7491439269140109E-02  -2.3897369152024610E-02
   4.0865865865865871E+01   2.6936698641083247E-02  -2.4898455976291794E-02
   4.0915915915915924E+01   2.6415951974849819E-02  -2.5920538590405079E-02
   4.0965965965965971E+01   2.5928507897931601E-02  -2.6892499004009269E-02
   4.1016016016016025E+01   2.5472108778628003E-02  -2.7738486261318505E-02
   4.1066066066066071E+01   2.5042957455378951E-02  -2.8384769537521018E-02
   4.1116116116116117E+01   2.4635930130735968E-02  -2.8766795775962174E-02
   4.1166166166166171E+01   2.4244948354673449E-02  -2.8835408148564671E-02
   4.1216216216216218E+01   2.3863459094562556E-02  -2.8561368837065733E-02
   4.1266266266266271E+01   2.3484958604438780E-02  -2.7937674641988500E-02
   4.1316316316316318E+01   2.3103494566157658E-02  -2.6979550253564372E-02
   4.1366366366366371E+01   2.2714090126555710E-02  -2.5722349890799138E-02
   4.1416416416416418E+01   2.2313049418918349E-02  -2.4217831294269861E-02
   4.1466466466466471E+01   2.1898122920682314E-02  -2.2529374293041544E-02
   4.1516516516516518E+01   2.1468529273737772E-02  -2.0726724194218320E-02
   4.1566566566566571E+01   2.1024845907221801E-02  -1.8880787813403757E-02
   4.1616616616616625E+01   2.0568793000831184E-02  -1.7058931921183906E-02
   4.1666666666666671E+01   2.0102943757351614E-02  -1.5321149411312882E-02
   4.1716716716716725E+01   1.9630398628616080E-02  -1.3717369950200533E-02
   4.1766766766766771E+01   1.9154462057945316E-02  -1.2286090537287877E-02
   4.1816816816816825E+01   1.8678357402318366E-02  -1.1054376785126271E-02
   4.1866866866866872E+01   1.8205009010735403E-02  -1.0039134909838730E-02
   4.1916916916916925E+01   1.7736910343911321E-02  -9.2493883738845942E-03
   4.1966966966966972E+01   1.7276084475768647E-02  -8.6891372142214700E-03
   4.2017017017017018E+01   1.6824129881007156E-02  -8.3602660001549992E-03
   4.2067067067067072E+01   1.6382332052654724E-02  -8.2649293859143810E-03
   4.2117117117117118E+01   1.5951812173344650E-02  -8.4069005753831735E-03
   4.2167167167167172E+01   1.5533679285502229E-02  -8.7915170680356747E-03
   4.2217217217217218E+01   1.5129152880154487E-02  -9.4240816301217577E-03
   4.2267267267267272E+01   1.4739628393603862E-02  -1.0306845047299241E-02
   4.2317317317317318E+01   1.4366667886562493E-02  -1.1434976301272036E-02
   4.2367367367367372E+01   1.4011910826981722E-02  -1.2792177702732742E-02
   4.2417417417417418E+01   1.3676913764138045E-02  -1.4346784250273054E-02
   4.2467467467467472E+01   1.3362940907038644E-02  -1.6049248758621210E-02
   4.2517517517517526E+01   1.3070738143521722E-02  -1.7831809209825404E-02
   4.2567567567567572E+01   1.2800328747126289E-02  -1.9610836552058891E-02
   4.2617617617617626E+01   1.2550868194340883E-02  -2.1291893702524985E-02
   4.2667667667667672E+01   1.2320587507710284E-02  -2.2776990333252201E-02
   4.2717717717717726E+01   1.2106840400849687E-02  -2.3973036554398548E-02
   4.2767767767767772E+01   1.1906252081253253E-02  -2.4800228563157504E-02
   4.2817817817817826E+01   1.1714950824024909E-02  -2.5199126073578292E-02
   4.2867867867867872E+01   1.1528851133014863E-02  -2.5135487423725133E-02
   4.2917917917917919E+01   1.1343951757564603E-02  -2.4602402458815422E-02
   4.2967967967967972E+01   1.1156613260210358E-02  -2.3619754713274887E-02
   4.3018018018018019E+01   1.0963786673046762E-02  -2.2231427403307098E-02
   4.3068068068068072E+01   1.0763174585651961E-02  -2.0500882003867568E-02
   4.3118118118118119E+01   1.0553316393212603E-02  -1.8505790732934058E-02
   4.3168168168168172E+01   1.0333598702854363E-02  -1.6332344079951031E-02
   4.3218218218218219E+01   1.0104199192333393E-02  -1.4069740693789905E-02
   4.3268268268268272E+01   9.8659773443135531E-03  -1.1805245601038006E-02
   4.3318318318318326E+01   9.6203286079588699E-03  -9.6200975457412310E-03
   4.3368368368368373E+01   9.3690199264350460E-03  -7.5864598524254048E-03
   4.3418418418418426E+01   9.1140244088850179E-03  -5.7655305318647871E-03
   4.3468468468468473E+01   8.8573713130352099E-03  -4.2068408315377665E-03
   4.3518518518518526E+01   8.6010244926951595E-03  -2.9486658426317444E-03
   4.3568568568568573E+01   8.3467981723620872E-03  -2.0193457339213895E-03
   4.3618618618618626E+01   8.0963136323212778E-03  -1.4391850588059149E-03
   4.3668668668668673E+01   7.8509946448357942E-03  -1.2224856081594158E-03
   4.3718718718718726E+01   7.6120940174859405E-03  -1.3792062426691148E-03
   4.3768768768768773E+01   7.3807391786962894E-03  -1.9157586352257807E-03
   4.3818818818818826E+01   7.1579821058421937E-03  -2.8345574094959945E-03
   4.3868868868868873E+01   6.9448385361013144E-03  -4.1321475859545055E-03
   4.3918918918918919E+01   6.7423034775234633E-03  -5.7960152850740718E-03
   4.3968968968968973E+01   6.5513343748695016E-03  -7.8005156088968037E-03
   4.4019019019019019E+01   6.3727993881138477E-03  -1.0102671853814030E-02
   4.4069069069069073E+01   6.2073953210854639E-03  -1.2638839935414474E-02
   4.4119119119119119E+01   6.0555467102952091E-03  -1.5323304581876331E-02
   4.4169169169169173E+01   5.9173031166285086E-03  -1.8049701669535637E-02
   4.4219219219219227E+01   5.7922543607581700E-03  -2.0695715071265493E-02
   4.4269269269269280E+01   5.6794822444468165E-03  -2.3130838116290048E-02
   4.4319319319319327E+01   5.5775619793887090E-03  -2.5226283004891534E-02
   4.4369369369369373E+01   5.4846180624015198E-03  -2.6865587464268106E-02
   4.4419419419419427E+01   5.3984297179971493E-03  -2.7954291593174460E-02
   4.4469469469469473E+01   5.3165727172316537E-03  -2.8427296279936270E-02
   4.4519519519519527E+01   5.2365793199709186E-03  -2.8253067554242412E-02
   4.4569569569569573E+01   5.1560970528544258E-03  -2.7434515422364390E-02
   4.4619619619619627E+01   5.0730295384216481E-03  -2.6006944971236703E-02
   4.4669669669669673E+01   4.9856473184125161E-03  -2.4033825616326460E-02
   4.4719719719719727E+01   4.8926620745136842E-03  -2.1601230544445307E-02
   4.4769769769769773E+01   4.7932626773049894E-03  -1.8811720138588631E-02
   4.4819819819819820E+01   4.6871154526625320E-03  -1.5778267839647159E-02
   4.4869869869869873E+01   4.5743337801930134E-03  -1.2618632024813158E-02
   4.4919919919919920E+01   4.4554237587084789E-03  -9.4504116874122284E-03
   4.4969969969969974E+01   4.3312134276912440E-03  -6.3869054994884419E-03
   4.5020020020020020E+01   4.2027731448562840E-03  -3.5338195816160644E-03
   4.5070070070070074E+01   4.0713343403755492E-03  -9.8682314848330547E-04
   4.5120120120120127E+01   3.9382130731876767E-03   1.1700863895011771E-03
   4.5170170170170181E+01   3.8047436286760008E-03   2.8654931411366633E-03
   4.5220220220220227E+01   3.6722258350464832E-03   4.0408949265559792E-03
   4.5270270270270274E+01   3.5418878879722826E-03   4.6506847316949837E-03
   4.5320320320320327E+01   3.4148643781802841E-03   4.6620884026055773E-03
   4.5370370370370374E+01   3.2921871183623492E-03   4.0554201057530536E-03
   4.5420420420420427E+01   3.1747845422246202E-03   2.8250115388449766E-03
   4.5470470470470474E+01   3.0634842166463315E-03   9.8107120873542741E-04
   4.5520520520520527E+01   2.9590126674824795E-03  -1.4474856287791957E-03
   4.5570570570570574E+01   2.8619874861871251E-03  -4.4095227657457089E-03
   4.5620620620620628E+01   2.7728986169112844E-03  -7.8281628529093244E-03
   4.5670670670670674E+01   2.6920786515594632E-03  -1.1598298944921400E-02
   4.5720720720720720E+01   2.6196654249903682E-03  -1.5586362417715072E-02
   4.5770770770770774E+01   2.5555634559350682E-03  -1.9633442058738442E-02
   4.5820820820820821E+01   2.4994128999569864E-03  -2.3562325260151631E-02
   4.5870870870870874E+01   2.4505748487507664E-03  -2.7188180408825896E-02
   4.5920920920920928E+01   2.4081396756236080E-03  -3.0331655871701460E-02
   4.5970970970970974E+01   2.3709610875142237E-03  -3.2832469935175884E-02
   4.6021021021021028E+01   2.3377137066438692E-03  -3.4561384427204758E-02
   4.6071071071071081E+01   2.3069677745677520E-03  -3.5428861624633566E-02
   4.6121121121121128E+01   2.2772720632013312E-03  -3.5389523551385332E-02
   4.6171171171171174E+01   2.2472356975847155E-03  -3.4442446858656925E-02
   4.6221221221221228E+01   2.2156010094217618E-03  -3.2628041314271994E-02
   4.6271271271271274E+01   2.1813019775590039E-03  -3.0022624961740071E-02
   4.6321321321321328E+01   2.1435054618123583E-03  -2.6731834315286047E-02
   4.6371371371371374E+01   2.1016347264169559E-03  -2.2883803924754677E-02
   4.6421421421421428E+01   2.0553764189077187E-03  -1.8622748802406917E-02
   4.6471471471471475E+01   2.0046732073728266E-03  -1.4103287588595420E-02
   4.6521521521521528E+01   1.9497048035204440E-03  -9.4856086087204469E-03
   4.6571571571571575E+01   1.8908602648202788E-03  -4.9314198695286872E-03
   4.6621621621621621E+01   1.8287044067773687E-03  -6.0052816849807250E-04
   4.6671671671671675E+01   1.7639409535875283E-03   3.3521572115091905E-03
   4.6721721721721721E+01   1.6973747578784429E-03   6.7794237148190526E-03
   4.6771771771771775E+01   1.6298750441342145E-03   9.5445960630435572E-03
   4.6821821821821828E+01   1.5623411766360726E-03   1.1524662774268923E-02
   4.6871871871871882E+01   1.4956719214278911E-03   1.2613932419414041E-02
   4.6921921921921928E+01   1.4307385766864761E-03   1.2728441224916178E-02
   4.6971971971971982E+01   1.3683617281372914E-03   1.1811262557621089E-02
   4.7022022022022028E+01   1.3092908261178916E-03   9.8387101555467218E-03
   4.7072072072072082E+01   1.2541854014574011E-03   6.8271421526030730E-03
   4.7122122122122128E+01   1.2035966905178325E-03   2.8396486516685938E-03
   4.7172172172172175E+01   1.1579488632177430E-03  -2.0086077379156907E-03
   4.7222222222222229E+01   1.1175199891753417E-03  -7.5480805978279612E-03
   4.7272272272272275E+01   1.0824242003870800E-03  -1.3557379731681158E-02
   4.7322322322322329E+01   1.0525978412686881E-03  -1.9772045947628224E-02
   4.7372372372372375E+01   1.0277931897107679E-03  -2.5899812505814079E-02
   4.7422422422422429E+01   1.0075830806912777E-03  -3.1640993503019292E-02
   4.7472472472472475E+01   9.9137830630046525E-04  -3.6711106810084437E-02
   4.7522522522522529E+01   9.7845737149451447E-04  -4.0862052925244752E-02
   4.7572572572572575E+01   9.6850815485000389E-04  -4.3830242723303423E-02
   4.7622622622622629E+01   9.6086966261191937E-04  -4.5374670393261110E-02
   4.7672672672672675E+01   9.5422276145848927E-04  -4.5403097855959487E-02
   4.7722722722722729E+01   9.4743638822735734E-04  -4.3949462347684945E-02
   4.7772772772772782E+01   9.3959191054492606E-04  -4.1129213765847841E-02
   4.7822822822822829E+01   9.2998003893077523E-04  -3.7109841391087500E-02
   4.7872872872872883E+01   9.1809118848591113E-04  -3.2092014048866246E-02
   4.7922922922922929E+01   9.0360485983137246E-04  -2.6297188136064492E-02
   4.7972972972972983E+01   8.8637792848043841E-04  -1.9959032834545268E-02
   4.8023023023023029E+01   8.6643075169430474E-04  -1.3317159564968477E-02
   4.8073073073073076E+01   8.4393055703973336E-04  -6.6122274096102685E-03
   4.8123123123123129E+01   8.1917223406933505E-04  -8.1717475542163770E-05
   4.8173173173173176E+01   7.9255699586878894E-04   6.0442722736690430E-03
   4.8223223223223229E+01   7.6456942644179571E-04   1.1547838820265114E-02
   4.8273273273273276E+01   7.3575331222861440E-04   1.6229264047476034E-02
   4.8323323323323329E+01   7.0668649539984917E-04   1.9914610353321559E-02
   4.8373373373373376E+01   6.7795488177559084E-04   2.2465060041880206E-02
   4.8423423423423429E+01   6.5012577117701264E-04   2.3787648085903220E-02
   4.8473473473473476E+01   6.2372092497883650E-04   2.3846336266786370E-02
   4.8523523523523529E+01   5.9919028288535304E-04   2.2671550470180730E-02
   4.8573573573573576E+01   5.7688794242712874E-04   2.0365603901529233E-02
   4.8623623623623629E+01   5.5705273362988692E-04   1.7101265731937033E-02
   4.8673673673673683E+01   5.3979612314664560E-04   1.3111519874849004E-02
   4.8723723723723730E+01   5.2509988920234913E-04   8.6704090069800073E-03
   4.8773773773773783E+01   5.1282482121525904E-04   4.0673208169845565E-03
   4.8823823823823830E+01   5.0272980996798400E-04  -4.2083065208391694E-04
   4.8873873873873883E+01   4.9449870763101564E-04  -4.5543477020398449E-03
   4.8923923923923930E+01   4.8777098386595827E-04  -8.1482464783858982E-03
   4.8973973973973976E+01   4.8217194160067416E-04  -1.1080569441598968E-02
   4.9024024024024030E+01   4.7733903552566592E-04  -1.3291973843512517E-02
   4.9074074074074076E+01   4.7294220418002820E-04  -1.4778725115679759E-02
   4.9124124124124130E+01   4.6869753033626261E-04  -1.5581822141677309E-02
   4.9174174174174176E+01   4.6437460076607711E-04  -1.5774709124695630E-02
   4.9224224224224230E+01   4.5979852015144609E-04  -1.5451321614307942E-02
   4.9274274274274276E+01   4.5484771588238698E-04  -1.4715462452236814E-02
   4.9324324324324330E+01   4.4944860561739382E-04  -1.3671928635218109E-02
   4.9374374374374376E+01   4.4356803895821402E-04  -1.2419475096358070E-02
   4.9424424424424430E+01   4.3720427480998511E-04  -1.1045572322874994E-02
   4.9474474474474484E+01   4.3037717146104996E-04  -9.6229187239298183E-03
   4.9524524524524530E+01   4.2311825815256930E-04  -8.2077282038052670E-03
   4.9574574574574584E+01   4.1546140404876395E-04  -6.8398615691835666E-03
   4.9624624624624630E+01   4.0743486109540714E-04  -5.5448576467995257E-03
   4.9674674674674684E+01   3.9905547884216481E-04  -4.3378191842693625E-03
   4.9724724724724730E+01   3.9032582116297428E-04  -3.2289195065357663E-03
   4.9774774774774784E+01   3.8123472104728019E-04  -2.2300453674474023E-03
   4.9824824824824830E+01   3.7176148013192735E-04  -1.3618252658865891E-03
   4.9874874874874884E+01   3.6188347407638472E-04  -6.6005876770551747E-04
   4.9924924924924930E+01   3.5158640722988429E-04  -1.8039334022170499E-04
   4.9974974974974977E+01   3.4087592608722143E-04   0.0000000000000000E+00
# pulse generated by run 1472803 (fbR0002)
