# OCT iter        711;   J_T =   9.957421717913E-04;   pulse_id =          1                                                                                                                                                                                   
#               time [ns]            Re(ampl) [au]            Im(ampl) [au]                                                                                                                                                                                    
  2.50250250250250265E-02  6.50626163161638999E-04  5.39195140897263427E-03
  7.50750750750750762E-02 -2.47946440971274227E-03  2.13878269424670059E-02
  1.25125125125125164E-01 -1.49324618756333394E-02  4.59163407428964526E-02
  1.75175175175175196E-01 -4.16344405041605137E-02  7.45638907491219388E-02
  2.25225225225225256E-01 -8.57400459304159535E-02  1.00854818419640016E-01
  2.75275275275275289E-01 -1.47837878443460996E-01  1.16822978618815673E-01
  3.25325325325325376E-01 -2.25296130876735529E-01  1.13904216335125971E-01
  3.75375375375375409E-01 -3.11887380264322667E-01  8.41389537548417193E-02
  4.25425425425425496E-01 -3.97848852964074129E-01  2.16155974779582219E-02
  4.75475475475475529E-01 -4.70530752274834319E-01 -7.59930324329808338E-02
  5.25525525525525561E-01 -5.15742241214955155E-01 -2.06045802493848323E-01
  5.75575575575575593E-01 -5.19794287462376770E-01 -3.60047236718304076E-01
  6.25625625625625736E-01 -4.72040833064829468E-01 -5.23654044880000447E-01
  6.75675675675675658E-01 -3.67467580086061452E-01 -6.77883546184907315E-01
  7.25725725725725801E-01 -2.08693754376117618E-01 -8.01559629454997813E-01
  7.75775775775775833E-01 -6.79721491965144895E-03 -8.74648588325471543E-01
  8.25825825825825977E-01  2.19321518333109117E-01 -8.81868105237415989E-01
  8.75875875875876009E-01  4.44973759774222044E-01 -8.15970118359880869E-01
  9.25925925925926041E-01  6.42957847788611092E-01 -6.80261649380274114E-01
  9.75975975975976073E-01  7.88031849232229908E-01 -4.89845419851244690E-01
  1.02602602602602611E+00  8.62338902081253744E-01 -2.70616942936956040E-01
  1.07607607607607614E+00  8.60560300076486984E-01 -5.48962543385350318E-02
  1.12612612612612617E+00  7.92358614300830322E-01  1.26267824055877498E-01
  1.17617617617617620E+00  6.79862866613727301E-01  2.51654283192534134E-01
  1.22622622622622646E+00  5.50468027376526670E-01  3.15185077394893265E-01
  1.27627627627627649E+00  4.28334273775418994E-01  3.25282495423490914E-01
  1.32632632632632652E+00  3.28659965855492286E-01  2.99208474041356920E-01
  1.37637637637637655E+00  2.56512414972707159E-01  2.55944683592606692E-01
  1.42642642642642659E+00  2.09185382671192466E-01  2.10865769732318270E-01
  1.47647647647647662E+00  1.79889542324245005E-01  1.73426331160800778E-01
  1.52652652652652665E+00  1.61038303031446561E-01  1.47354978728577252E-01
  1.57657657657657690E+00  1.46354968018749032E-01  1.32206904274363019E-01
  1.62662662662662671E+00  1.31758559648247786E-01  1.25253690233727788E-01
  1.67667667667667719E+00  1.15343186805730941E-01  1.23080831751408507E-01
  1.72672672672672722E+00  9.68560653581496955E-02  1.22634750486124183E-01
  1.77677677677677726E+00  7.70227739810941670E-02  1.21718570682129726E-01
  1.82682682682682729E+00  5.69498877727138558E-02  1.19072092083767955E-01
  1.87687687687687732E+00  3.77117997709508213E-02  1.14210076297252203E-01
  1.92692692692692713E+00  2.01342842409562503E-02  1.07169605473430185E-01
  1.97697697697697716E+00  4.73400491788238901E-03  9.82672497189262806E-02
  2.02702702702702764E+00 -8.24443962924742250E-03  8.79163434506431973E-02
  2.07707707707707767E+00 -1.87473767565028496E-02  7.65172593589271144E-02
  2.12712712712712770E+00 -2.68257378019919820E-02  6.44118024543656742E-02
  2.17717717717717774E+00 -3.25669406965941252E-02  5.18833631902688303E-02
  2.22722722722722777E+00 -3.60555578923273806E-02  3.91824712867569480E-02
  2.27727727727727780E+00 -3.73638122410684184E-02  2.65592733614785186E-02
  2.32732732732732783E+00 -3.65661253236826134E-02  1.42883971739106649E-02
  2.37737737737737787E+00 -3.37675110443349594E-02  2.67697015486541550E-03
  2.42742742742742790E+00 -2.91337332362498515E-02 -7.94729341645247084E-03
  2.47747747747747793E+00 -2.29372061175982522E-02 -1.72827066572202523E-02
  2.52752752752752796E+00 -1.54874534266666274E-02 -2.51068024856849273E-02
  2.57757757757757799E+00 -7.11018991400849676E-03 -3.12443486528015645E-02
  2.62762762762762803E+00  1.80996770823646145E-03 -3.55929136497562804E-02
  2.67767767767767806E+00  1.08664886226448130E-02 -3.81506349754086455E-02
  2.72772772772772854E+00  1.96731211823187140E-02 -3.90217624738047608E-02
  2.77777777777777857E+00  2.79022496132083769E-02 -3.84026636816230393E-02
  2.82782782782782860E+00  3.53126709851434850E-02 -3.65531542249504168E-02
  2.87787787787787863E+00  4.17626247262514808E-02 -3.37594283282990140E-02
  2.92792792792792822E+00  4.72065666014801696E-02 -3.02954167190715197E-02
  2.97797797797797825E+00  5.16766877833017557E-02 -2.63891449151806845E-02
  3.02802802802802828E+00  5.52523763643193722E-02 -2.21997377380797785E-02
  3.07807807807807876E+00  5.80226221155595301E-02 -1.78092349186840387E-02
  3.12812812812812879E+00  6.00477062729971658E-02 -1.32314063623962530E-02
  3.17817817817817883E+00  6.13272617246121282E-02 -8.43731275036608240E-03
  3.22822822822822886E+00  6.17817040759387412E-02 -3.39453615463439565E-03
  3.27827827827827889E+00  6.12528408347050232E-02  1.88594417428835075E-03
  3.32832832832832937E+00  5.95269571717587584E-02  7.30386473844123890E-03
  3.37837837837837895E+00  5.63798777310591803E-02  1.26350228200904600E-02
  3.42842842842842899E+00  5.16388126209725087E-02  1.75179943602872604E-02
  3.47847847847847902E+00  4.52510346607466057E-02  2.14700128543431484E-02
  3.52852852852852905E+00  3.73457594139404991E-02  2.39350940629871473E-02
  3.57857857857857864E+00  2.82742409345737265E-02  2.43609769692918546E-02
  3.62862862862862912E+00  1.86149831792316311E-02  2.22943470274148195E-02
  3.67867867867867959E+00  9.13633394485731387E-03  1.74778206547370162E-02
  3.72872872872872918E+00  7.16862236475126233E-04  9.92906856967110119E-03
  3.77877877877877966E+00 -5.76681562892946038E-03 -1.64795214388762924E-05
  3.82882882882882924E+00 -9.56691174764274545E-03 -1.17123700867377504E-02
  3.87887887887887972E+00 -1.01832738081968684E-02 -2.42612140662488290E-02
  3.92892892892892931E+00 -7.45118845087931660E-03 -3.66213192858384634E-02
  3.97897897897897979E+00 -1.58015068140590002E-03 -4.77432310707230564E-02
  4.02902902902903026E+00  6.86545507501924723E-03 -5.67129731066332507E-02
  4.07907907907907941E+00  1.70418125032846084E-02 -6.28770079966509271E-02
  4.12912912912913033E+00  2.79447908193194636E-02 -6.59272860828358925E-02
  4.17917917917917947E+00  3.85524627846599646E-02 -6.59322921085208763E-02
  4.22922922922923039E+00  4.79671937221098563E-02 -6.33098849174743433E-02
  4.27927927927927954E+00  5.55344658020474544E-02 -5.87477596069129263E-02
  4.32932932932933046E+00  6.09204592312229537E-02 -5.30856059939189898E-02
  4.37937937937938049E+00  6.41377307130154839E-02 -4.71782602008086263E-02
  4.42942942942942963E+00  6.55165093922837477E-02 -4.17609853510225726E-02
  4.47947947947948055E+00  6.56268344803876830E-02 -3.73368382213532940E-02
  4.52952952952952970E+00  6.51631709865204967E-02 -3.41026256562703758E-02
  4.57957957957958062E+00  6.48079527964777330E-02 -3.19249667139069396E-02
  4.62962962962962976E+00  6.50936843192997938E-02 -3.03719378451124192E-02
  4.67967967967968068E+00  6.62847176452158876E-02 -2.87989000086111141E-02
  4.72972972972973071E+00  6.82992891291877013E-02 -2.64795312828767122E-02
  4.77977977977978075E+00  7.06892557578328445E-02 -2.27652122377168808E-02
  4.82982982982983078E+00  7.26885949704837026E-02 -1.72486634630752145E-02
  4.87987987987988081E+00  7.33318995890052810E-02 -9.90265688759815570E-03
  4.92992992992993084E+00  7.16314663207702207E-02 -1.16363453207394521E-03
  4.97997997997998088E+00  6.67879827361487349E-02  8.06509475551130464E-03
  5.03003003003003091E+00  5.83982211300736187E-02  1.65044673135485709E-02
  5.08008008008008094E+00  4.66170446433251881E-02  2.26818115239864060E-02
  5.13013013013013097E+00  3.22334292027201610E-02  2.51807548211029388E-02
  5.18018018018018100E+00  1.66324347710668889E-02  2.29172925739160940E-02
  5.23023023023023104E+00  1.63588045578556482E-03  1.53888547792991673E-02
  5.28028028028028107E+00 -1.07600774021792793E-02  2.84250138274645724E-03
  5.33033033033033110E+00 -1.87080988429858021E-02 -1.36798245398304687E-02
  5.38038038038038113E+00 -2.08345502774593787E-02 -3.24384139430061239E-02
  5.43043043043043117E+00 -1.65027946374073607E-02 -5.12260052077493644E-02
  5.48048048048048120E+00 -5.96124074920253901E-03 -6.76937685698241337E-02
  5.53053053053053123E+00  9.65564097005635648E-03 -7.97151299518101125E-02
  5.58058058058058126E+00  2.84761882692576331E-02 -8.57213160710314642E-02
  5.63063063063063129E+00  4.81639733930028999E-02 -8.49485157069778257E-02
  5.68068068068068133E+00  6.62647891454473947E-02 -7.75548927388972631E-02
  5.73073073073073136E+00  8.05678332067093633E-02 -6.45914330637990391E-02
  5.78078078078078228E+00  8.94222255285890139E-02 -4.78372923312485737E-02
  5.83083083083083142E+00  9.19624188320265074E-02 -2.95318920086797970E-02
  5.88088088088088234E+00  8.82148871472798607E-02 -1.20486551759537326E-02
  5.93093093093093149E+00  7.90783295571251127E-02  2.44170577702628767E-03
  5.98098098098098241E+00  6.61862259322261448E-02  1.22748715254149196E-02
  6.03103103103103155E+00  5.16720553477710495E-02  1.65283329266006987E-02
  6.08108108108108247E+00  3.78645278271713681E-02  1.51620561821626688E-02
  6.13113113113113251E+00  2.69450525867332737E-02  9.04564669562680536E-03
  6.18118118118118165E+00  2.06045934579349686E-02 -1.39285180113409815E-04
  6.23123123123123257E+00  1.97427136206103707E-02 -1.01233706871598876E-02
  6.28128128128128171E+00  2.42563199458326051E-02 -1.83881922321880095E-02
  6.33133133133133263E+00  3.29656300460800869E-02 -2.25879673652127598E-02
  6.38138138138138178E+00  4.37156394684282412E-02 -2.09999943352958268E-02
  6.43143143143143270E+00  5.36695032443249981E-02 -1.29288455182013200E-02
  6.48148148148148273E+00  5.97758189275274313E-02  1.02183200039873277E-03
  6.53153153153153276E+00  5.93498547742531690E-02  1.88896072686779437E-02
  6.58158158158158280E+00  5.06693513758544670E-02  3.75565869729077711E-02
  6.63163163163163283E+00  3.34614522926550972E-02  5.32171886195658070E-02
  6.68168168168168197E+00  9.15993793912422971E-03  6.20508208051031643E-02
  6.73173173173173289E+00 -1.91537064284926402E-02  6.09830347589388616E-02
  6.78178178178178293E+00 -4.71502656362983927E-02  4.83830444365512952E-02
  6.83183183183183296E+00 -6.99437083756176137E-02  2.45438122448545445E-02
  6.88188188188188388E+00 -8.29537699121367794E-02 -8.17338157182069536E-03
  6.93193193193193213E+00 -8.27759568841187621E-02 -4.55821633279816160E-02
  6.98198198198198305E+00 -6.78857555888099096E-02 -8.22741795722355396E-02
  7.03203203203203309E+00 -3.90330694109906756E-02 -1.12478707451313872E-01
  7.08208208208208401E+00  7.56753191770772856E-04 -1.31021701490646431E-01
  7.13213213213213226E+00  4.65813207675888352E-02 -1.34206728069183545E-01
  7.18218218218218318E+00  9.23871214115927764E-02 -1.20456694699007508E-01
  7.23223223223223322E+00  1.31889511220369515E-01 -9.06045434244414777E-02
  7.28228228228228325E+00  1.59521337699086635E-01 -4.77918198331802532E-02
  7.33233233233233417E+00  1.71248873165894211E-01  2.99033546173867052E-03
  7.38238238238238331E+00  1.65131325356047493E-01  5.56208393326113187E-02
  7.43243243243243334E+00  1.41559349806974766E-01  1.03697286040932493E-01
  7.48248248248248338E+00  1.03170786665862824E-01  1.41380253133320477E-01
  7.53253253253253430E+00  5.44907729204864577E-02  1.64125873216289769E-01
  7.58258258258258433E+00  1.36818428257530619E-03  1.69238215464162095E-01
  7.63263263263263347E+00 -4.97182206373679575E-02  1.56208537857764479E-01
  7.68268268268268351E+00 -9.24221981432759299E-02  1.26829172334936291E-01
  7.73273273273273443E+00 -1.21309577419205908E-01  8.50740880372943126E-02
  7.78278278278278446E+00 -1.32601512949297534E-01  3.67341271727394322E-02
  7.83283283283283360E+00 -1.24810467966944519E-01 -1.12038450667511190E-02
  7.88288288288288364E+00 -9.91720998664894493E-02 -5.14250023854371935E-02
  7.93293293293293367E+00 -5.97572613641004641E-02 -7.73483285641014262E-02
  7.98298298298298459E+00 -1.31551469874499373E-02 -8.42632289335956269E-02
  8.03303303303303551E+00  3.23332054297867932E-02 -7.03529146096947555E-02
  8.08308308308308376E+00  6.79580993660734989E-02 -3.73708084348626166E-02
  8.13313313313313380E+00  8.60829890871251252E-02  9.25579120770852158E-03
  8.18318318318318383E+00  8.17648191006324909E-02  6.10387696430335080E-02
  8.23323323323323564E+00  5.40006331771958614E-02  1.07751312548824779E-01
  8.28328328328328567E+00  6.30696436462977340E-03  1.39265152020746769E-01
  8.33333333333333393E+00 -5.35782629840336269E-02  1.47547321107625862E-01
  8.38338338338338396E+00 -1.14880960320621159E-01  1.28383888557276143E-01
  8.43343343343343399E+00 -1.65655809725620579E-01  8.24390305788926803E-02
  8.48348348348348580E+00 -1.94959249514380345E-01  1.54054100643341452E-02
  8.53353353353353405E+00 -1.94894429114498530E-01 -6.27931765371906453E-02
  8.58358358358358409E+00 -1.62134912407605636E-01 -1.39586489420283150E-01
  8.63363363363363412E+00 -9.86567247722203583E-02 -2.01824711545099011E-01
  8.68368368368368593E+00 -1.15688270996789355E-02 -2.37953432378791518E-01
  8.73373373373373596E+00  8.79071367338254833E-02 -2.39926436723075093E-01
  8.78378378378378422E+00  1.86119851695175115E-01 -2.04547753861008819E-01
  8.83383383383383425E+00  2.69046280735487087E-01 -1.34038905396767327E-01
  8.88388388388388606E+00  3.24384635532955157E-01 -3.57603340226270716E-02
  8.93393393393393609E+00  3.43347921425297631E-01  7.88403413473733328E-02
  8.98398398398398612E+00  3.21890348528453218E-01  1.95852035816090481E-01
  9.03403403403403438E+00  2.61215833251345231E-01  3.00810805754804789E-01
  9.08408408408408441E+00  1.67555846507985190E-01  3.80594495726697513E-01
  9.13413413413413622E+00  5.13240811838055130E-02  4.25047166175349045E-01
  9.18418418418418625E+00 -7.41739751668943070E-02  4.28169942699855699E-01
  9.23423423423423451E+00 -1.94286827310237553E-01  3.88810159819402257E-01
  9.28428428428428454E+00 -2.94659282458886229E-01  3.10847059140979765E-01
  9.33433433433433635E+00 -3.62854216521699746E-01  2.02896705571672387E-01
  9.38438438438438638E+00 -3.89859426154981370E-01  7.75515987112019162E-02
  9.43443443443443641E+00 -3.71374099217878839E-01 -4.98422865041982521E-02
  9.48448448448448467E+00 -3.08729909021831117E-01 -1.62857612545106417E-01
  9.53453453453453648E+00 -2.09256745443690884E-01 -2.46038813038326865E-01
  9.58458458458458651E+00 -8.58868877073898362E-02 -2.87165305519992753E-01
  9.63463463463463654E+00  4.41595362568067626E-02 -2.79421350155848125E-01
  9.68468468468468657E+00  1.61625560482465569E-01 -2.23050578899817858E-01
  9.73473473473473661E+00  2.48197348891355279E-01 -1.26031617295770809E-01
  9.78478478478478664E+00  2.89744531472237110E-01 -3.40784333206131445E-03
  9.83483483483483667E+00  2.79150108329895785E-01  1.24836733121892307E-01
  9.88488488488488670E+00  2.18023728829500385E-01  2.37089132033248134E-01
  9.93493493493493496E+00  1.16787230181444462E-01  3.13972403860677096E-01
  9.98498498498498677E+00 -6.98644476361806252E-03  3.41919775520215630E-01
  1.00350350350350368E+01 -1.31644795738025067E-01  3.15661975918713089E-01
  1.00850850850850868E+01 -2.35256550557970873E-01  2.39123853712341711E-01
  1.01351351351351369E+01 -2.99342309543340290E-01  1.24638123988923905E-01
  1.01851851851851869E+01 -3.11847636464494649E-01 -9.24377872308795520E-03
  1.02352352352352369E+01 -2.68921511337870678E-01 -1.40837333680017773E-01
  1.02852852852852870E+01 -1.75336931713604927E-01 -2.48735041239007915E-01
  1.03353353353353370E+01 -4.36140942945611662E-02 -3.15014904738755819E-01
  1.03853853853853870E+01  1.07936272058997140E-01 -3.27818910675061692E-01
  1.04354354354354371E+01  2.57924684317292485E-01 -2.82989281824580385E-01
  1.04854854854854871E+01  3.84952370990456594E-01 -1.84580481628882881E-01
  1.05355355355355371E+01  4.70605802775079685E-01 -4.42140209252874436E-02
  1.05855855855855872E+01  5.01962320413832153E-01  1.20596131442098548E-01
  1.06356356356356372E+01  4.73276665251253725E-01  2.88873487724740918E-01
  1.06856856856856872E+01  3.86657203095480573E-01  4.38992896849991765E-01
  1.07357357357357373E+01  2.51702658152400838E-01  5.51481188383326382E-01
  1.07857857857857873E+01  8.42156181854364916E-02  6.11451496672802186E-01
  1.08358358358358373E+01 -9.57900182367921738E-02  6.10407919351296568E-01
  1.08858858858858873E+01 -2.66520969666332708E-01  5.47261693441931762E-01
  1.09359359359359374E+01 -4.07001068855956494E-01  4.28495784790470569E-01
  1.09859859859859874E+01 -4.99574140242725506E-01  2.67490712770329819E-01
  1.10360360360360374E+01 -5.32080581334156477E-01  8.30802931096974034E-02
  1.10860860860860893E+01 -4.99497819836980106E-01 -1.02550540927997952E-01
  1.11361361361361375E+01 -4.04851261503641480E-01 -2.66468925888106889E-01
  1.11861861861861875E+01 -2.59221071841607364E-01 -3.87880603335954921E-01
  1.12362362362362376E+01 -8.07134160618516311E-02 -4.50999644240295705E-01
  1.12862862862862876E+01  1.07639183394651186E-01 -4.47511477557338055E-01
  1.13363363363363376E+01  2.80917760687658558E-01 -3.78181848934516951E-01
  1.13863863863863877E+01  4.15944743640640990E-01 -2.53194158416568560E-01
  1.14364364364364377E+01  4.94927250059273127E-01 -9.09598338021632841E-02
  1.14864864864864877E+01  5.08415729043665388E-01  8.45584330353024993E-02
  1.15365365365365395E+01  4.56928626026097684E-01  2.47610208304518492E-01
  1.15865865865865878E+01  3.50850151013062328E-01  3.74805155154503244E-01
  1.16366366366366378E+01  2.08604155022814736E-01  4.48823481070410202E-01
  1.16866866866866879E+01  5.35036766294371899E-02  4.60983618319376620E-01
  1.17367367367367397E+01 -9.00655295806062350E-02  4.12260430006807344E-01
  1.17867867867867897E+01 -2.00411167171181098E-01  3.12703824125929730E-01
  1.18368368368368380E+01 -2.61645153887119841E-01  1.79503898093585856E-01
  1.18868868868868880E+01 -2.65732219984351981E-01  3.41288961554686299E-02
  1.19369369369369380E+01 -2.13282272514061511E-01 -1.00967072713101957E-01
  1.19869869869869898E+01 -1.13083252732525924E-01 -2.05576356185326270E-01
  1.20370370370370381E+01  1.94685734365021464E-02 -2.64478404621375063E-01
  1.20870870870870881E+01  1.64756872691601247E-01 -2.69355470796315277E-01
  1.21371371371371382E+01  3.01782222471738637E-01 -2.19681356391736526E-01
  1.21871871871871900E+01  4.11045329333285414E-01 -1.22531842917666611E-01
  1.22372372372372400E+01  4.77100628679376526E-01  8.58760565274607930E-03
  1.22872872872872883E+01  4.90482095435999854E-01  1.55684182182431824E-01
  1.23373373373373383E+01  4.48809345725910858E-01  2.98707185929261820E-01
  1.23873873873873901E+01  3.56990746504658174E-01  4.18157712453501862E-01
  1.24374374374374401E+01  2.26535299850008059E-01  4.97579487219078409E-01
  1.24874874874874902E+01  7.40661787350379852E-02  5.25655969446446658E-01
  1.25375375375375384E+01 -8.07963332807158097E-02  4.97675255569166752E-01
  1.25875875875875884E+01 -2.17943284805827669E-01  4.16179750765810486E-01
  1.26376376376376403E+01 -3.19378426272113325E-01  2.90700117047413831E-01
  1.26876876876876903E+01 -3.71583667620249414E-01  1.36581513704430418E-01
  1.27377377377377385E+01 -3.67333106382004393E-01 -2.69690047602921430E-02
  1.27877877877877886E+01 -3.06701930089719299E-01 -1.79373505811730033E-01
  1.28378378378378404E+01 -1.97118964583890555E-01 -3.01391221088887773E-01
  1.28878878878878904E+01 -5.24377286123377598E-02 -3.77685595360678361E-01
  1.29379379379379404E+01  1.08868800373064872E-01 -3.98903649095293356E-01
  1.29879879879879887E+01  2.66166030956229482E-01 -3.62976534717186716E-01
  1.30380380380380387E+01  3.99450005531016228E-01 -2.75443753792626866E-01
  1.30880880880880888E+01  4.92096424540710287E-01 -1.48728142769169763E-01
  1.31381381381381388E+01  5.33176843480564489E-01 -4.33543859829372191E-04
  1.31881881881881888E+01  5.18997715163806217E-01  1.49117099080152277E-01
  1.32382382382382406E+01  4.53619730005906829E-01  2.79764613015269337E-01
  1.32882882882882907E+01  3.48257643078855261E-01  3.74406126982574194E-01
  1.33383383383383372E+01  2.19620523608769935E-01  4.21471762289869878E-01
  1.33883883883883872E+01  8.74089354027005605E-02  4.16602489660716058E-01
  1.34384384384384390E+01 -2.86741178037537292E-02  3.63242746240266645E-01
  1.34884884884884890E+01 -1.11934897266206868E-01  2.72014522128218250E-01
  1.35385385385385391E+01 -1.51218716768666273E-01  1.58943911945554517E-01
  1.35885885885885891E+01 -1.42513919969609743E-01  4.28329114532174163E-02
  1.36386386386386391E+01 -8.93576268844182148E-02 -5.77542826955776481E-02
  1.36886886886886909E+01 -2.01424718670968270E-03 -1.27352585536551877E-01
  1.37387387387387410E+01  1.04361874117085321E-01 -1.55830239894279299E-01
  1.37887887887887874E+01  2.12203532880551798E-01 -1.39685904911708847E-01
  1.38388388388388393E+01  3.04215641584766328E-01 -8.22988782503265570E-02
  1.38888888888888893E+01  3.65874084852578385E-01  6.80517432151286298E-03
  1.39389389389389393E+01  3.87430220617243914E-01  1.13497752481524938E-01
  1.39889889889889893E+01  3.65203799924019357E-01  2.21163883182379006E-01
  1.40390390390390394E+01  3.02027294734500018E-01  3.13117835491565077E-01
  1.40890890890890894E+01  2.06785910963491498E-01  3.75012801326696843E-01
  1.41391391391391412E+01  9.30994474347630885E-02  3.96919127323316023E-01
  1.41891891891891913E+01 -2.26833311359018464E-02  3.74764311545277451E-01
  1.42392392392392377E+01 -1.23885865025156333E-01  3.10908394439184277E-01
  1.42892892892892895E+01 -1.95931850222408555E-01  2.13767324718130008E-01
  1.43393393393393396E+01 -2.28430498885291794E-01  9.65603721213348087E-02
  1.43893893893893896E+01 -2.16625173393147130E-01 -2.46021942948628364E-02
  1.44394394394394396E+01 -1.62034564929912250E-01 -1.32994332891286760E-01
  1.44894894894894897E+01 -7.22428269832914444E-02 -2.13601747524358149E-01
  1.45395395395395415E+01  4.01063300705647302E-02 -2.55223298295116530E-01
  1.45895895895895915E+01  1.58994412105580490E-01 -2.52113336519900533E-01
  1.46396396396396415E+01  2.67231935134018272E-01 -2.04966747800520654E-01
  1.46896896896896916E+01  3.48970353806967448E-01 -1.21072181756121791E-01
  1.47397397397397398E+01  3.92233294569947100E-01 -1.34968635403150943E-02
  1.47897897897897899E+01  3.91082661617993987E-01  1.00742545452242496E-01
  1.48398398398398399E+01  3.46967054681796061E-01  2.03396128325083470E-01
  1.48898898898898899E+01  2.68828873729850204E-01  2.78215124500476585E-01
  1.49399399399399400E+01  1.71731128529175492E-01  3.14094649988208463E-01
  1.49899899899899918E+01  7.41044903443867364E-02  3.07388999797586437E-01
  1.50400400400400418E+01 -5.88121947757860863E-03  2.62757069934133114E-01
  1.50900900900900918E+01 -5.40069833247551132E-02  1.92228562384952673E-01
  1.51401401401401419E+01 -6.28709001563489828E-02  1.12655768841433288E-01
  1.51901901901901901E+01 -3.32573438165243568E-02  4.21518981586101113E-02
  1.52402402402402402E+01  2.62579843396835225E-02 -3.64567965398087182E-03
  1.52902902902902902E+01  1.01294671773158096E-01 -1.46672331916546869E-02
  1.53403403403403402E+01  1.74741093614582232E-01  1.17454685160042448E-02
  1.53903903903903903E+01  2.30240499233276524E-01  7.05390331476951071E-02
  1.54404404404404421E+01  2.55391082227429733E-01  1.50176345498046065E-01
  1.54904904904904921E+01  2.44046764892185380E-01  2.35096915214509067E-01
  1.55405405405405421E+01  1.97287703644575957E-01  3.08881509481035987E-01
  1.55905905905905922E+01  1.22907395345794493E-01  3.57445479523714693E-01
  1.56406406406406404E+01  3.36005202411252119E-02  3.71585051998413685E-01
  1.56906906906906904E+01 -5.56623431960253170E-02  3.48384024704416317E-01
  1.57407407407407405E+01 -1.30434184244050538E-01  2.91310161887691876E-01
  1.57907907907907905E+01 -1.79179591378717556E-01  2.09169531001372699E-01
  1.58408408408408423E+01 -1.94881765019844444E-01  1.14313592936470670E-01
  1.58908908908908924E+01 -1.75763189877590348E-01  2.05470780145090744E-02
  1.59409409409409424E+01 -1.25214714145470279E-01 -5.89048426167394987E-02
  1.59909909909909924E+01 -5.11105506567838819E-02 -1.13157700780160034E-01
  1.60410410410410442E+01  3.53313535051090269E-02 -1.35062103687388357E-01
  1.60910910910910943E+01  1.21043265524238733E-01 -1.22179035552276744E-01
  1.61411411411411407E+01  1.92889287868849096E-01 -7.72567049424423835E-02
  1.61911911911911908E+01  2.39632456139381889E-01 -8.07769390490633600E-03
  1.62412412412412408E+01  2.53877678283122910E-01  7.34667248986804466E-02
  1.62912912912912908E+01  2.33646534961699515E-01  1.53133827727401167E-01
  1.63413413413413409E+01  1.83160910312526459E-01  2.16780890724588032E-01
  1.63913913913913909E+01  1.12473502900598044E-01  2.53116240897225675E-01
  1.64414414414414445E+01  3.58190347982282956E-02  2.56147762336587703E-01
  1.64914914914914945E+01 -3.10865593470932532E-02  2.26689926106982492E-01
  1.65415415415415445E+01 -7.42385015222821326E-02  1.72479196038692884E-01
  1.65915915915915910E+01 -8.42996073774123500E-02  1.06802951408470098E-01
  1.66416416416416411E+01 -5.86558657974980482E-02  4.59240283806149133E-02
  1.66916916916916911E+01 -2.14419694432238257E-03  5.84241506543575762E-03
  1.67417417417417411E+01  7.36820292601448879E-02 -9.73288827559928025E-04
  1.67917917917917912E+01  1.52631567698614024E-01  3.17153820022799127E-02
  1.68418418418418447E+01  2.16980414071839212E-01  1.02303645640167584E-01
  1.68918918918918948E+01  2.51097450869314842E-01  2.01215815672857595E-01
  1.69419419419419448E+01  2.44891148037350292E-01  3.12462583587647447E-01
  1.69919919919919948E+01  1.96254515829694998E-01  4.16737055978466331E-01
  1.70420420420420413E+01  1.11776678544930508E-01  4.95446530153111298E-01
  1.70920920920920913E+01  5.38955169307107126E-03  5.34686835160742446E-01
  1.71421421421421414E+01 -1.04758085023506531E-01  5.28078739635418071E-01
  1.71921921921921914E+01 -2.00325893046641307E-01  4.77713631431571362E-01
  1.72422422422422414E+01 -2.66574497271257704E-01  3.93072643764988683E-01
  1.72922922922922950E+01 -2.94954848778740342E-01  2.88406953426808998E-01
  1.73423423423423451E+01 -2.83990928564267997E-01  1.79450568496089841E-01
  1.73923923923923951E+01 -2.38510301490837767E-01  8.03853306587937327E-02
  1.74424424424424451E+01 -1.67728064773234903E-01  1.73416284468070887E-03
  1.74924924924924952E+01 -8.29018886228988089E-02 -5.05474663861769577E-02
  1.75425425425425416E+01  4.78519217781933799E-03 -7.49118340346245498E-02
  1.75925925925925917E+01  8.57150197111551521E-02 -7.33737398661837570E-02
  1.76426426426426417E+01  1.52609227573465511E-01 -5.04157744636306165E-02
  1.76926926926926953E+01  2.00737561398687786E-01 -1.19750954796352584E-02
  1.77427427427427453E+01  2.27813056477941700E-01  3.53337329282391796E-02
  1.77927927927927954E+01  2.33807656697779309E-01  8.47725116817918400E-02
  1.78428428428428454E+01  2.20820647929894781E-01  1.29930075607670642E-01
  1.78928928928928954E+01  1.93000526215741791E-01  1.65218193705416100E-01
  1.79429429429429455E+01  1.56403756047018894E-01  1.86511343262765916E-01
  1.79929929929929919E+01  1.18608318907542323E-01  1.91918634041603114E-01
  1.80430430430430420E+01  8.79143568651511303E-02  1.82536576429552622E-01
  1.80930930930930920E+01  7.20718533078472667E-02  1.62909737280249128E-01
  1.81431431431431456E+01  7.66612076487209887E-02  1.40879788271774220E-01
  1.81931931931931956E+01  1.03463681731046420E-01  1.26579326193266423E-01
  1.82432432432432456E+01  1.49312685627634029E-01  1.30534276127201587E-01
  1.82932932932932957E+01  2.05933691115346068E-01  1.61132298704632665E-01
  1.83433433433433457E+01  2.61118689130882764E-01  2.22005935553061279E-01
  1.83933933933933957E+01  3.01254760528282817E-01  3.10067486460696484E-01
  1.84434434434434422E+01  3.14801207548105699E-01  4.14933648448430947E-01
  1.84934934934934923E+01  2.95889893486556366E-01  5.20246137032467582E-01
  1.85435435435435423E+01  2.46929633056531678E-01  6.06940811245665568E-01
  1.85935935935935959E+01  1.79044883880487671E-01  6.57902481107917381E-01
  1.86436436436436459E+01  1.09525101064842312E-01  6.62753682333936167E-01
  1.86936936936936959E+01  5.64417987747775907E-02  6.20975500027228566E-01
  1.87437437437437460E+01  3.22222179202107176E-02  5.41682928956175647E-01
  1.87937937937937960E+01  3.93339384958794058E-02  4.39751003543977281E-01
  1.88438438438438460E+01  7.06622631776663568E-02  3.30156044728628972E-01
  1.88938938938938961E+01  1.14296759504386489E-01  2.23577979336950644E-01
  1.89439439439439425E+01  1.59582323768623219E-01  1.25264903945379591E-01
  1.89939939939939961E+01  2.00998350312024066E-01  3.68584341328496295E-02
  1.90440440440440462E+01  2.38507252340828146E-01 -4.07065233479260227E-02
  1.90940940940940962E+01  2.75261532131222897E-01 -1.05126575172875658E-01
  1.91441441441441462E+01  3.14500497301141435E-01 -1.52380397016292357E-01
  1.91941941941941963E+01  3.57205410607431051E-01 -1.77928298714117111E-01
  1.92442442442442463E+01  4.01335494736143827E-01 -1.78630397255115592E-01
  1.92942942942942963E+01  4.42708532984355640E-01 -1.54367830297034853E-01
  1.93443443443443464E+01  4.76961774909307190E-01 -1.08540104784151506E-01
  1.93943943943943928E+01  5.01617822158163640E-01 -4.71064666075743932E-02
  1.94444444444444464E+01  5.17242297770153070E-01  2.34871211654795534E-02
  1.94944944944944965E+01  5.27108914247979787E-01  9.85803110402465876E-02
  1.95445445445445465E+01  5.35529614516602970E-01  1.76701969083546129E-01
  1.95945945945945965E+01  5.45681038084368408E-01  2.59422563860138788E-01
  1.96446446446446465E+01  5.58001768561560918E-01  3.49692703912764968E-01
  1.96946946946946966E+01  5.69952167371094442E-01  4.49375385311414854E-01
  1.97447447447447466E+01  5.77310399037317068E-01  5.57003332421186381E-01
  1.97947947947947966E+01  5.76515549635312707E-01  6.66704449446395730E-01
  1.98448448448448431E+01  5.67076260469904225E-01  7.68839526815952690E-01
  1.98948948948948967E+01  5.52865196790011004E-01  8.52312223714606354E-01
  1.99449449449449467E+01  5.41356302624878327E-01  9.07838169963533059E-01
  1.99949949949949968E+01  5.40704733528235781E-01  9.30871970607271004E-01
  2.00450450450450468E+01  5.55900863839143833E-01  9.22777084024200445E-01
  2.00950950950950968E+01  5.86192428604498272E-01  8.89589124136105802E-01
  2.01451451451451469E+01  6.25400278682280542E-01  8.39134623070845298E-01
  2.01951951951951969E+01  6.64774670150067082E-01  7.78215796574907692E-01
  2.02452452452452469E+01  6.96479164449374522E-01  7.11168963135932364E-01
  2.02952952952952970E+01  7.15967366683283757E-01  6.39913041352983547E-01
  2.03453453453453470E+01  7.22672371493296217E-01  5.64890622518378627E-01
  2.03953953953953970E+01  7.19284082098311295E-01  4.86299312890988766E-01
  2.04454454454454471E+01  7.10237781094470777E-01  4.05120626321471888E-01
  2.04954954954954971E+01  7.00116436463330327E-01  3.23565079158164959E-01
  2.05455455455455471E+01  6.92504597761134710E-01  2.44849591737139716E-01
  2.05955955955955972E+01  6.89506123306443564E-01  1.72552044113360753E-01
  2.06456456456456472E+01  6.91841584170223900E-01  1.09920809715036233E-01
  2.06956956956956972E+01  6.99270498780963812E-01  5.94396149870071583E-02
  2.07457457457457473E+01  7.11042444446763344E-01  2.27544572776217160E-02
  2.07957957957957973E+01  7.26153215408811170E-01  8.62279535662889779E-04
  2.08458458458458473E+01  7.43332972087390687E-01 -5.66640095125365856E-03
  2.08958958958958974E+01  7.60859161190298505E-01  3.34776663239373488E-03
  2.09459459459459474E+01  7.76396821378079860E-01  2.74485157752980095E-02
  2.09959959959959974E+01  7.87075785611822676E-01  6.51123979217813342E-02
  2.10460460460460475E+01  7.89910151642390201E-01  1.13375930665565200E-01
  2.10960960960960975E+01  7.82484075071675167E-01  1.67808158556636083E-01
  2.11461461461461475E+01  7.63648854705262559E-01  2.22997033621008478E-01
  2.11961961961961975E+01  7.33909255861867726E-01  2.73468732663001812E-01
  2.12462462462462476E+01  6.95296974623726194E-01  3.14707558821246736E-01
  2.12962962962962976E+01  6.50789690317615910E-01  3.43862794568297658E-01
  2.13463463463463476E+01  6.03564851794045065E-01  3.59893515379420048E-01
  2.13963963963963977E+01  5.56417136615667274E-01  3.63201251225098332E-01
  2.14464464464464477E+01  5.11513672714201562E-01  3.55021640672592953E-01
  2.14964964964964977E+01  4.70455379161299869E-01  3.36867689346122601E-01
  2.15465465465465478E+01  4.34496854715386738E-01  3.10189024630548926E-01
  2.15965965965965978E+01  4.04779121326653279E-01  2.76264616396315832E-01
  2.16466466466466478E+01  3.82489882181399121E-01  2.36264937252842588E-01
  2.16966966966966979E+01  3.68921797416183028E-01  1.91405140860413076E-01
  2.17467467467467479E+01  3.65427732475817946E-01  1.43125956175796126E-01
  2.17967967967967979E+01  3.73281448033229546E-01  9.32532886663157423E-02
  2.18468468468468480E+01  3.93458503480951238E-01  4.40923801991216086E-02
  2.18968968968968980E+01  4.26364257065561469E-01 -1.58629063573579665E-03
  2.19469469469469480E+01  4.71553958886426594E-01 -4.07045966886295310E-02
  2.19969969969969981E+01  5.27508385070903141E-01 -7.01917713053900189E-02
  2.20470470470470481E+01  5.91538709793108408E-01 -8.74331028118631587E-02
  2.20970970970970981E+01  6.59886544218150184E-01 -9.07785863341623034E-02
  2.21471471471471517E+01  7.28050553880425166E-01 -7.99896186154532007E-02
  2.21971971971971982E+01  7.91308924663796764E-01 -5.64811975936285598E-02
  2.22472472472472482E+01  8.45334315579682638E-01 -2.32520158735606934E-02
  2.22972972972972983E+01  8.86751518642795000E-01  1.55089286511223730E-02
  2.23473473473473483E+01  9.13503205782715377E-01  5.50314259349756196E-02
  2.23973973973973983E+01  9.24965565700936798E-01  9.06083865289969842E-02
  2.24474474474474484E+01  9.21846168917961784E-01  1.18116677791992905E-01
  2.24974974974974984E+01  9.05941488808681306E-01  1.34353009900777254E-01
  2.25475475475475520E+01  8.79811560509614843E-01  1.37220456908036775E-01
  2.25975975975976020E+01  8.46384902599004452E-01  1.25825474793112624E-01
  2.26476476476476485E+01  8.08503343920701112E-01  1.00491849620251525E-01
  2.26976976976976985E+01  7.68475186944308386E-01  6.26411549065516715E-02
  2.27477477477477485E+01  7.27769437059029634E-01  1.45107862386822592E-02
  2.27977977977977986E+01  6.86972527017564283E-01 -4.12248006978169837E-02
  2.28478478478478486E+01  6.46027195226958395E-01 -1.01788599593277546E-01
  2.28978978978978986E+01  6.04646775557665550E-01 -1.64471969847281074E-01
  2.29479479479479487E+01  5.62722452194055589E-01 -2.26631672977685383E-01
  2.29979979979980023E+01  5.20547257341911207E-01 -2.85625692119075458E-01
  2.30480480480480523E+01  4.78767416720096040E-01 -3.38857826162174636E-01
  2.30980980980980988E+01  4.38118407898533180E-01 -3.84041866087456496E-01
  2.31481481481481488E+01  3.99142409526036079E-01 -4.19632390575223502E-01
  2.31981981981981988E+01  3.62104324503507879E-01 -4.45205153297790257E-01
  2.32482482482482489E+01  3.27174752617935605E-01 -4.61547563528450666E-01
  2.32982982982982989E+01  2.94740033160825587E-01 -4.70375699394126989E-01
  2.33483483483483489E+01  2.65612143687660174E-01 -4.73801152925476143E-01
  2.33983983983983990E+01  2.40996985352736476E-01 -4.73771441746803856E-01
  2.34484484484484526E+01  2.22231802414704221E-01 -4.71670596884492865E-01
  2.34984984984985026E+01  2.10406571097451728E-01 -4.68169083555509236E-01
  2.35485485485485526E+01  2.06013471875418963E-01 -4.63324558307357914E-01
  2.35985985985985991E+01  2.08748083677548268E-01 -4.56872600098399084E-01
  2.36486486486486491E+01  2.17536224100452896E-01 -4.48601937287478325E-01
  2.36986986986986992E+01  2.30789977075706587E-01 -4.38685061374504415E-01
  2.37487487487487492E+01  2.46819637640587036E-01 -4.27846928871141396E-01
  2.37987987987987992E+01  2.64271438982331464E-01 -4.17308342273092048E-01
  2.38488488488488528E+01  2.82450004214722827E-01 -4.08521371533468791E-01
  2.38988988988989028E+01  3.01427027146435711E-01 -4.02788920011510510E-01
  2.39489489489489529E+01  3.21915668418326362E-01 -4.00897132162087333E-01
  2.39989989989990029E+01  3.44969387221878254E-01 -4.02874755542825203E-01
  2.40490490490490494E+01  3.71612763757544373E-01 -4.07939362002159633E-01
  2.40990990990990994E+01  4.02516079270223093E-01 -4.14623634633171867E-01
  2.41491491491491495E+01  4.37791389085805394E-01 -4.21023112566508317E-01
  2.41991991991991995E+01  4.76935086558211874E-01 -4.25085914360038342E-01
  2.42492492492492495E+01  5.18892401390084412E-01 -4.24876747216554163E-01
  2.42992992992993031E+01  5.62189896329350791E-01 -4.18782375258414441E-01
  2.43493493493493531E+01  6.05082531927243816E-01 -4.05666290005411934E-01
  2.43993993993994032E+01  6.45692481876120494E-01 -3.85003420697110743E-01
  2.44494494494494532E+01  6.82161838502536311E-01 -3.57009065965689154E-01
  2.44994994994994997E+01  7.12864646890579934E-01 -3.22718387798749062E-01
  2.45495495495495497E+01  7.36687078092005954E-01 -2.83916837651619680E-01
  2.45995995995995997E+01  7.53294254564164212E-01 -2.42842313699324852E-01
  2.46496496496496498E+01  7.63236878747421632E-01 -2.01705895452625461E-01
  2.46996996996997034E+01  7.67799658250280070E-01 -1.62222374712509554E-01
  2.47497497497497534E+01  7.68641495414782550E-01 -1.25361683126300888E-01
  2.47997997997998034E+01  7.67395970368917935E-01 -9.13947259972177906E-02
  2.48498498498498535E+01  7.65390221049318642E-01 -6.01386820215731796E-02
  2.48998998998999035E+01  7.63536846792340240E-01 -3.12441997137348562E-02
  2.49499499499499535E+01  7.62361889547325089E-01 -4.41757476195342794E-03
  2.50000000000000000E+01  7.62105830298265841E-01  2.04498286243798913E-02
  2.50500500500500500E+01  7.62853312766040181E-01  4.32300205937913781E-02
  2.51001001001001001E+01  7.64669925826362396E-01  6.35685301043937973E-02
  2.51501501501501536E+01  7.67729851957424270E-01  8.09541963884874011E-02
  2.52002002002002037E+01  7.72408655014163781E-01  9.48521590680836690E-02
  2.52502502502502537E+01  7.79305096483743909E-01  1.04890194096179210E-01
  2.53003003003003037E+01  7.89160885929490075E-01  1.11059842584078666E-01
  2.53503503503503538E+01  8.02676146065613327E-01  1.13866486371195341E-01
  2.54004004004004038E+01  8.20262200621612481E-01  1.14358517518859296E-01
  2.54504504504504503E+01  8.41806923465661772E-01  1.13995128949740884E-01
  2.55005005005005003E+01  8.66529164749617942E-01  1.14361061455711441E-01
  2.55505505505505504E+01  8.92970842814518773E-01  1.16778771305631510E-01
  2.56006006006006039E+01  9.19143341380366685E-01  1.21895314654236059E-01
  2.56506506506506540E+01  9.42824150990430598E-01  1.29351070169361121E-01
  2.57007007007007040E+01  9.61972100611854009E-01  1.37679614174974096E-01
  2.57507507507507540E+01  9.75166604742602749E-01  1.44593074845489444E-01
  2.58008008008008041E+01  9.81899933704975969E-01  1.47679536499448927E-01
  2.58508508508508541E+01  9.82558579183922864E-01  1.45264464103456836E-01
  2.59009009009009006E+01  9.78095048772472331E-01  1.36971576681248597E-01
  2.59509509509509506E+01  9.69610863316015315E-01  1.23655323977093806E-01
  2.60010010010010042E+01  9.58112276667174245E-01  1.06836838429477873E-01
  2.60510510510510542E+01  9.44506083995355183E-01  8.81006605477031579E-02
  2.61011011011011078E+01  9.29700313060023875E-01  6.87854036398982960E-02
  2.61511511511511543E+01  9.14657485109530377E-01  4.99646668266479702E-02
  2.62012012012012008E+01  9.00354830454593191E-01  3.25407971523462153E-02
  2.62512512512512544E+01  8.87690379168886157E-01  1.73116352648462549E-02
  2.63013013013013008E+01  8.77392911667526310E-01  4.96521022010651229E-03
  2.63513513513513544E+01  8.69977620287922360E-01 -3.98124293301757061E-03
  2.64014014014014009E+01  8.65763834258987730E-01 -9.25559416236442292E-03
  2.64514514514514545E+01  8.64943529939110389E-01 -1.08709181996308763E-02
  2.65015015015015045E+01  8.67663748899697995E-01 -9.09661110424763580E-03
  2.65515515515515581E+01  8.74072816612074033E-01 -4.35708938708153325E-03
  2.66016016016016046E+01  8.84291804656784808E-01  2.90568350172676305E-03
  2.66516516516516511E+01  8.98309835016128377E-01  1.23449108570043344E-02
  2.67017017017017046E+01  9.15844850445950098E-01  2.37460134109579758E-02
  2.67517517517517511E+01  9.36231371052536954E-01  3.69761301827836592E-02
  2.68018018018018047E+01  9.58381514967167725E-01  5.18710038916733035E-02
  2.68518518518518512E+01  9.80833955643613975E-01  6.80921186383755955E-02
  2.69019019019019048E+01  1.00188895951204993E+00  8.49771111605632512E-02
  2.69519519519519548E+01  1.01983275439194054E+00  1.01424270510916556E-01
  2.70020020020020084E+01  1.03324440618141788E+00  1.15916973948405444E-01
  2.70520520520520549E+01  1.04131302996329600E+00  1.26825492125669015E-01
  2.71021021021021014E+01  1.04401307994125325E+00  1.32983308446461501E-01
  2.71521521521521549E+01  1.04201475942934318E+00  1.34254112338555387E-01
  2.72022022022022014E+01  1.03638065408067881E+00  1.31697811804869003E-01
  2.72522522522522550E+01  1.02824402040045193E+00  1.27224743876159646E-01
  2.73023023023023050E+01  1.01861439851560465E+00  1.23005305815381910E-01
  2.73523523523523551E+01  1.00830945910827774E+00  1.20957369814850793E-01
  2.74024024024024051E+01  9.97956253097946555E-01  1.22421337116856349E-01
  2.74524524524524587E+01  9.88047276315481615E-01  1.27984984863353718E-01
  2.75025025025025052E+01  9.79064076857885990E-01  1.37440416247939373E-01
  2.75525525525525516E+01  9.71641908852726499E-01  1.49913922484261747E-01
  2.76026026026026052E+01  9.66683547437182433E-01  1.64193281009711062E-01
  2.76526526526526517E+01  9.65308647141597920E-01  1.79183037519784649E-01
  2.77027027027027053E+01  9.68587530776245820E-01  1.94318624171946897E-01
  2.77527527527527553E+01  9.77131511793160712E-01  2.09749065092121295E-01
  2.78028028028028054E+01  9.90715919765885800E-01  2.26188353368256573E-01
  2.78528528528528554E+01  1.00812048241725472E+00  2.44487706876145600E-01
  2.79029029029029090E+01  1.02727747550462967E+00  2.65100437319422511E-01
  2.79529529529529555E+01  1.04568756269377738E+00  2.87638481345755426E-01
  2.80030030030030019E+01  1.06097269928385951E+00  3.10672451108306102E-01
  2.80530530530530555E+01  1.07140749730101859E+00  3.31862144256281910E-01
  2.81031031031031020E+01  1.07627766606109510E+00  3.48440696720168808E-01
  2.81531531531531556E+01  1.07594005438550955E+00  3.57968700016761510E-01
  2.82032032032032056E+01  1.07153621448062242E+00  3.59100087760271858E-01
  2.82532532532532592E+01  1.06446526142545195E+00  3.51975405540825959E-01
  2.83033033033033057E+01  1.05586930519689859E+00  3.37986907199869291E-01
  2.83533533533533593E+01  1.04637443614370973E+00  3.19051781475978902E-01
  2.84034034034034057E+01  1.03614302387217094E+00  2.96851304072778988E-01
  2.84534534534534522E+01  1.02510392355875068E+00  2.72433220156952982E-01
  2.85035035035035058E+01  1.01318792026606208E+00  2.46245491091611590E-01
  2.85535535535535523E+01  1.00047343392548527E+00  2.18416901809316416E-01
  2.86036036036036059E+01  9.87230506699450117E-01  1.89066481697978572E-01
  2.86536536536536559E+01  9.73889579186000609E-01  1.58512433857770196E-01
  2.87037037037037095E+01  9.60966239443933556E-01  1.27346350352520787E-01
  2.87537537537537560E+01  9.48963753295552492E-01  9.63971756075289454E-02
  2.88038038038038096E+01  9.38264940838193340E-01  6.66281993654903593E-02
  2.88538538538538560E+01  9.29023358315697045E-01  3.89996435242214584E-02
  2.89039039039039096E+01  9.21073519127339591E-01  1.43113928456143468E-02
  2.89539539539539561E+01  9.13893451871355955E-01 -6.96153600479772986E-03
  2.90040040040040026E+01  9.06656702046760965E-01 -2.48077568636364508E-02
  2.90540540540540562E+01  8.98393581745673409E-01 -3.97334214021098642E-02
  2.91041041041041062E+01  8.88240324535147563E-01 -5.26702448032382517E-02
  2.91541541541541598E+01  8.75702331431771563E-01 -6.47222181335638108E-02
  2.92042042042042063E+01  8.60825310844811842E-01 -7.68218748607399082E-02
  2.92542542542542598E+01  8.44191247156281577E-01 -8.94426783556969696E-02
  2.93043043043043063E+01  8.26738458074252058E-01 -1.02509362666663495E-01
  2.93543543543543599E+01  8.09497407246867029E-01 -1.15542237095319342E-01
  2.94044044044044064E+01  7.93367712815484238E-01 -1.27934729541723941E-01
  2.94544544544544564E+01  7.79013834090197643E-01 -1.39202616850872013E-01
  2.95045045045045065E+01  7.66872962310666706E-01 -1.49096687914265946E-01
  2.95545545545545565E+01  7.57214913614327578E-01 -1.57576072671421541E-01
  2.96046046046046101E+01  7.50195555608154874E-01 -1.64710217000425679E-01
  2.96546546546546566E+01  7.45878708751361752E-01 -1.70582471349217696E-01
  2.97047047047047101E+01  7.44231647817849118E-01 -1.75234848177883235E-01
  2.97547547547547566E+01  7.45111125381422990E-01 -1.78659637018085710E-01
  2.98048048048048102E+01  7.48254689374618254E-01 -1.80826025106746335E-01
  2.98548548548548567E+01  7.53285518284599664E-01 -1.81726046270459268E-01
  2.99049049049049067E+01  7.59733478717259159E-01 -1.81425799063628823E-01
  2.99549549549549567E+01  7.67071189906471829E-01 -1.80109452469861125E-01
  3.00050050050050068E+01  7.74760084171223773E-01 -1.78104076565851421E-01
  3.00550550550550604E+01  7.82297052783483826E-01 -1.75874851111386260E-01
  3.01051051051051068E+01  7.89248762083677113E-01 -1.73985347702929311E-01
  3.01551551551551604E+01  7.95261304922188605E-01 -1.73026787501765089E-01
  3.02052052052052069E+01  8.00039760677606626E-01 -1.73530235089534218E-01
  3.02552552552552605E+01  8.03303752506221214E-01 -1.75881420166295821E-01
  3.03053053053053070E+01  8.04735255319022902E-01 -1.80256445360128859E-01
  3.03553553553553570E+01  8.03937531739921885E-01 -1.86590569135009293E-01
  3.04054054054054070E+01  8.00418249738889753E-01 -1.94587092138439943E-01
  3.04554554554554571E+01  7.93601479424946188E-01 -2.03770988185772273E-01
  3.05055055055055107E+01  7.82869818820029151E-01 -2.13586621512106389E-01
  3.05555555555555571E+01  7.67639922633101657E-01 -2.23523314781333915E-01
  3.06056056056056107E+01  7.47473070356048264E-01 -2.33230408004111961E-01
  3.06556556556556572E+01  7.22207352555726656E-01 -2.42574106476359935E-01
  3.07057057057057108E+01  6.92074200663684524E-01 -2.51609923526191825E-01
  3.07557557557557573E+01  6.57750465755015945E-01 -2.60488448229654279E-01
  3.08058058058058073E+01  6.20315075009908345E-01 -2.69344782419832063E-01
  3.08558558558558609E+01  5.81117780608638612E-01 -2.78219170613302369E-01
  3.09059059059059074E+01  5.41599859008908058E-01 -2.87028436822169331E-01
  3.09559559559559609E+01  5.03115501005966248E-01 -2.95581980041629944E-01
  3.10060060060060074E+01  4.66791827995927611E-01 -3.03625580647735704E-01
  3.10560560560560610E+01  4.33447642289321700E-01 -3.10896347850919241E-01
  3.11061061061061075E+01  4.03574490019468823E-01 -3.17174759177757337E-01
  3.11561561561561611E+01  3.77370874761960184E-01 -3.22322342482638080E-01
  3.12062062062062076E+01  3.54811993903290324E-01 -3.26297109598243318E-01
  3.12562562562562576E+01  3.35733615879270475E-01 -3.29144055098945620E-01
  3.13063063063063112E+01  3.19909805984544771E-01 -3.30964081823659662E-01
  3.13563563563563577E+01  3.07109398792630828E-01 -3.31869966776809577E-01
  3.14064064064064112E+01  2.97123774913037819E-01 -3.31940930634516518E-01
  3.14564564564564577E+01  2.89766569346954550E-01 -3.31187287071642300E-01
  3.15065065065065113E+01  2.84852537309630172E-01 -3.29533741086452336E-01
  3.15565565565565578E+01  2.82166695608125739E-01 -3.26825143229126869E-01
  3.16066066066066114E+01  2.81435633128084450E-01 -3.22853199648046152E-01
  3.16566566566566578E+01  2.82310867521457620E-01 -3.17398042425980187E-01
  3.17067067067067114E+01  2.84370142819784233E-01 -3.10275613619649948E-01
  3.17567567567567615E+01  2.87137693691079277E-01 -3.01380996868849393E-01
  3.18068068068068079E+01  2.90119872486971853E-01 -2.90719155788497718E-01
  3.18568568568568615E+01  2.92849132641496590E-01 -2.78417572536803049E-01
  3.19069069069069080E+01  2.94927843556331892E-01 -2.64719226308712752E-01
  3.19569569569569616E+01  2.96063941060755786E-01 -2.49958240642180474E-01
  3.20070070070070116E+01  2.96092620907582649E-01 -2.34523488560341387E-01
  3.20570570570570652E+01  2.94981397058317496E-01 -2.18816955033238364E-01
  3.21071071071071117E+01  2.92819007678953858E-01 -2.03213659284433440E-01
  3.21571571571571653E+01  2.89791186199229278E-01 -1.88028759691120345E-01
  3.22072072072072118E+01  2.86147891072088267E-01 -1.73495601656314141E-01
  3.22572572572572582E+01  2.82167190724940176E-01 -1.59756394893160486E-01
  3.23073073073073118E+01  2.78120796602953413E-01 -1.46865254056539496E-01
  3.23573573573573583E+01  2.74245440295951104E-01 -1.34801698249180674E-01
  3.24074074074074119E+01  2.70723087021671360E-01 -1.23491486680841936E-01
  3.24574574574574584E+01  2.67671521386151079E-01 -1.12830940729073279E-01
  3.25075075075075119E+01  2.65145282191973697E-01 -1.02710721852058887E-01
  3.25575575575575584E+01  2.63145431997384327E-01 -9.30354256497685633E-02
  3.26076076076076120E+01  2.61635418008058951E-01 -8.37362815374894237E-02
  3.26576576576576585E+01  2.60559505564784633E-01 -7.47755980303960871E-02
  3.27077077077077050E+01  2.59860090456140447E-01 -6.61431598052150821E-02
  3.27577577577577586E+01  2.59490676243807672E-01 -5.78462926593472093E-02
  3.28078078078078121E+01  2.59422368750952925E-01 -4.98964776947995320E-02
  3.28578578578578657E+01  2.59643196399492515E-01 -4.22959765626264167E-02
  3.29079079079079122E+01  2.60151123099660042E-01 -3.50277964358068766E-02
  3.29579579579579658E+01  2.60942959562217802E-01 -2.80514974127089867E-02
  3.30080080080080123E+01  2.62002222249170691E-01 -2.13059979703248102E-02
  3.30580580580580659E+01  2.63289167114926781E-01 -1.47189499365777514E-02
  3.31081081081081123E+01  2.64735710469580054E-01 -8.22076433691375057E-03
  3.31581581581581588E+01  2.66246855629277357E-01 -1.76028003196896385E-03
  3.32082082082082124E+01  2.67708796427743201E-01  4.68139824268191777E-03
  3.32582582582582589E+01  2.69002357409688586E-01  1.10821031910438347E-02
  3.33083083083083125E+01  2.70019162149133574E-01  1.73771008999270976E-02
  3.33583583583583589E+01  2.70677170252321075E-01  2.34656396985290575E-02
  3.34084084084084125E+01  2.70932183946118177E-01  2.92245741469374792E-02
  3.34584584584584590E+01  2.70782660179186785E-01  3.45264688615574966E-02
  3.35085085085085126E+01  2.70266567763298826E-01  3.92584761836800994E-02
  3.35585585585585591E+01  2.69450816932102211E-01  4.33379902960708344E-02
  3.36086086086086127E+01  2.68415541064888241E-01  4.67217469190208540E-02
  3.36586586586586591E+01  2.67236771082488944E-01  4.94065558571014224E-02
  3.37087087087087127E+01  2.65971452650450857E-01  5.14218687273488989E-02
  3.37587587587587663E+01  2.64648173018905919E-01  5.28163752508625794E-02
  3.38088088088088128E+01  2.63265523160401194E-01  5.36422508520035118E-02
  3.38588588588588664E+01  2.61798102324330761E-01  5.39411570309599395E-02
  3.39089089089089128E+01  2.60208288972756330E-01  5.37355036832982760E-02
  3.39589589589589664E+01  2.58460546650655654E-01  5.30269990271667949E-02
  3.40090090090090129E+01  2.56534539299274278E-01  5.18025557450224883E-02
  3.40590590590590594E+01  2.54433790327411924E-01  5.00457193147268234E-02
  3.41091091091091130E+01  2.52187874641040977E-01  4.77504263594023884E-02
  3.41591591591591595E+01  2.49847828310793468E-01  4.49334125549588626E-02
  3.42092092092092130E+01  2.47476147145233666E-01  4.16420556057129562E-02
  3.42592592592592595E+01  2.45133998052890739E-01  3.79556914628953398E-02
  3.43093093093093131E+01  2.42868794332960908E-01  3.39801166919347780E-02
  3.43593593593593596E+01  2.40705001748684311E-01  2.98366316905602606E-02
  3.44094094094094132E+01  2.38640078746787082E-01  2.56481722271561241E-02
  3.44594594594594597E+01  2.36646112701910660E-01  2.15255567501999624E-02
  3.45095095095095132E+01  2.34676367632344812E-01  1.75565945747187049E-02
  3.45595595595595597E+01  2.32674940809706632E-01  1.37999120442872329E-02
  3.46096096096096133E+01  2.30587241662796760E-01  1.02841527760087169E-02
  3.46596596596596669E+01  2.28369096637101476E-01  7.01202118817039789E-03
  3.47097097097097134E+01  2.25992841204644579E-01  3.96773327760730106E-03
  3.47597597597597670E+01  2.23449587491198365E-01  1.12596669185233145E-03
  3.48098098098098134E+01  2.20747732826644116E-01 -1.53961106995232776E-03
  3.48598598598598670E+01  2.17908513147714034E-01 -4.04978766925509319E-03
  3.49099099099099135E+01  2.14959881149915155E-01 -6.41615852429363621E-03
  3.49599599599599671E+01  2.11930149821776437E-01 -8.64061364960664116E-03
  3.50100100100100136E+01  2.08842700785810770E-01 -1.07175332851234973E-02
  3.50600600600600600E+01  2.05712679549198169E-01 -1.26377854677220923E-02
  3.51101101101101136E+01  2.02546087386110574E-01 -1.43933779598822455E-02
  3.51601601601601601E+01  1.99341147803604235E-01 -1.59816342556301678E-02
  3.52102102102102137E+01  1.96091382078761201E-01 -1.74080044461811072E-02
  3.52602602602602602E+01  1.92789551988972879E-01 -1.86870112633162021E-02
  3.53103103103103138E+01  1.89431554396063045E-01 -1.98412725843874413E-02
  3.53603603603603602E+01  1.86019471296492322E-01 -2.08989383069568685E-02
  3.54104104104104138E+01  1.82563241404667065E-01 -2.18901577121465643E-02
  3.54604604604604674E+01  1.79080753666626430E-01 -2.28433135142228107E-02
  3.55105105105105139E+01  1.75596493175222079E-01 -2.37817183624337083E-02
  3.55605605605605675E+01  1.72139131057100436E-01 -2.47212982767884386E-02
  3.56106106106106139E+01  1.68738599554241142E-01 -2.56695365291997983E-02
  3.56606606606606675E+01  1.65423216508726684E-01 -2.66256808921066720E-02
  3.57107107107107140E+01  1.62217331403089110E-01 -2.75819835694175904E-02
  3.57607607607607676E+01  1.59139791455618296E-01 -2.85255891674842388E-02
  3.58108108108108141E+01  1.56203317646013168E-01 -2.94406333139582317E-02
  3.58608608608608677E+01  1.53414685964625097E-01 -3.03101607591241065E-02
  3.59109109109109141E+01  1.50775469199971784E-01 -3.11175934525245515E-02
  3.59609609609609606E+01  1.48283032905730694E-01 -3.18476384747037322E-02
  3.60110110110110142E+01  1.45931498743906263E-01 -3.24866810309276666E-02
  3.60610610610610607E+01  1.43712472792224710E-01 -3.30228234062452317E-02
  3.61111111111111143E+01  1.41615456063675732E-01 -3.34457852488098187E-02
  3.61611611611611607E+01  1.39627975417350392E-01 -3.37468695937741675E-02
  3.62112112112112143E+01  1.37735565534488236E-01 -3.39191344939847733E-02
  3.62612612612612608E+01  1.35921777672020794E-01 -3.39578147799848087E-02
  3.63113113113113144E+01  1.34168382981748158E-01 -3.38609392219922020E-02
  3.63613613613613680E+01  1.32455884555827935E-01 -3.36300095801318477E-02
  3.64114114114114145E+01  1.30764369627804078E-01 -3.32705666406329578E-02
  3.64614614614614680E+01  1.29074642695111874E-01 -3.27924713389909986E-02
  3.65115115115115145E+01  1.27369502603181695E-01 -3.22097733787080828E-02
  3.65615615615615681E+01  1.25634978333715647E-01 -3.15401139506949479E-02
  3.66116116116116146E+01  1.23861328720842975E-01 -3.08036965143336089E-02
  3.66616616616616682E+01  1.22043641580095882E-01 -3.00219417013516121E-02
  3.67117117117117147E+01  1.20181930798965581E-01 -2.92160027818665832E-02
  3.67617617617617682E+01  1.18280712641005648E-01 -2.84053453246853153E-02
  3.68118118118118147E+01  1.16348128376658852E-01 -2.76065842046511536E-02
  3.68618618618618612E+01  1.14394752952472228E-01 -2.68327259801236055E-02
  3.69119119119119148E+01  1.12432275594640807E-01 -2.60928944360788416E-02
  3.69619619619619613E+01  1.10472250504252481E-01 -2.53925356193843675E-02
  3.70120120120120148E+01  1.08525093366027794E-01 -2.47340211932513127E-02
  3.70620620620620613E+01  1.06599447880024858E-01 -2.41175090012935162E-02
  3.71121121121121149E+01  1.04701976413327333E-01 -2.35418869494330579E-02
  3.71621621621621685E+01  1.02837553195965950E-01 -2.30056248996382030E-02
  3.72122122122122150E+01  1.01009770372387120E-01 -2.25073878071075199E-02
  3.72622622622622686E+01  9.92216176745818607E-02 -2.20463155191377852E-02
  3.73123123123123150E+01  9.74761728191061161E-02 -2.16219407292894024E-02
  3.73623623623623686E+01  9.57771447294131634E-02 -2.12337851115832615E-02
  3.74124124124124151E+01  9.41291434931893073E-02 -2.08807333718242158E-02
  3.74624624624624687E+01  9.25376036233785115E-02 -2.05603263865895454E-02
  3.75125125125125152E+01  9.10083516904023476E-02 -2.02681314206721065E-02
  3.75625625625625688E+01  8.95468750831559107E-02 -1.99973372610828155E-02
  3.76126126126126152E+01  8.81574048795626952E-02 -1.97386868806414296E-02
  3.76626626626626688E+01  8.68419635188226458E-02 -1.94808057745008041E-02
  3.77127127127127153E+01  8.55995411274773910E-02 -1.92109192344395510E-02
  3.77627627627627689E+01  8.44255508639365354E-02 -1.89158869747626524E-02
  3.78128128128128154E+01  8.33116756658018875E-02 -1.85834290765877243E-02
  3.78628628628628618E+01  8.22461623413530407E-02 -1.82033818352679982E-02
  3.79129129129129154E+01  8.12145529448347753E-02 -1.77688113635104360E-02
  3.79629629629629619E+01  8.02007781436167716E-02 -1.72768283842593892E-02
  3.80130130130130155E+01  7.91884829326500173E-02 -1.67289870803741525E-02
  3.80630630630630691E+01  7.81624198920714969E-02 -1.61312080126631320E-02
  3.81131131131131156E+01  7.71097344769306470E-02 -1.54932311635357801E-02
  3.81631631631631691E+01  7.60209820117456470E-02 -1.48276700264578214E-02
  3.82132132132132227E+01  7.48907545804198826E-02 -1.41487915519416946E-02
  3.82632632632632692E+01  7.37178517435014974E-02 -1.34711816904086283E-02
  3.83133133133133157E+01  7.25049932967750110E-02 -1.28084672728468480E-02
  3.83633633633633693E+01  7.12581352337798013E-02 -1.21722508394906427E-02
  3.84134134134134158E+01  6.99855021899112584E-02 -1.15713784765222941E-02
  3.84634634634634693E+01  6.86964833038729017E-02 -1.10116078958157060E-02
  3.85135135135135158E+01  6.74005490705731625E-02 -1.04956834318456083E-02
  3.85635635635635694E+01  6.61063335457211798E-02 -1.00237658465890701E-02
  3.86136136136136159E+01  6.48209921294614355E-02 -9.59411675777093603E-03
  3.86636636636636695E+01  6.35498962112204663E-02 -9.20390706576943059E-03
  3.87137137137137159E+01  6.22966703816411824E-02 -8.85000983687563546E-03
  3.87637637637637624E+01  6.10635245675623939E-02 -8.52965106080466259E-03
  3.88138138138138160E+01  5.98517904174588888E-02 -8.24082347315606596E-03
  3.88638638638638625E+01  5.86625446552373475E-02 -7.98241339603140455E-03
  3.89139139139139161E+01  5.74971951912451873E-02 -7.75404077991979218E-03
  3.89639639639639697E+01  5.63579186184196626E-02 -7.55566036399520427E-03
  3.90140140140140232E+01  5.52478674176398454E-02 -7.38700994137606905E-03
  3.90640640640640697E+01  5.41711064578317761E-02 -7.24701477697181368E-03
  3.91141141141141233E+01  5.31322844554123139E-02 -7.13326244126213059E-03
  3.91641641641641698E+01  5.21360898255654667E-02 -7.04164963608996594E-03
  3.92142142142142163E+01  5.11865753587878100E-02 -6.96627457097329355E-03
  3.92642642642642699E+01  5.02864574996364500E-02 -6.89960979574161248E-03
  3.93143143143143163E+01  4.94365009834633745E-02 -6.83294714838431332E-03
  3.93643643643643699E+01  4.86350879585795010E-02 -6.75706510395833026E-03
  3.94144144144144164E+01  4.78780446329029122E-02 -6.66303527646927660E-03
  3.94644644644644700E+01  4.71587620753418993E-02 -6.54306377464200853E-03
  3.95145145145145165E+01  4.64686065476137833E-02 -6.39125726763640871E-03
  3.95645645645645700E+01  4.57975746419720803E-02 -6.20421346376644200E-03
  3.96146146146146165E+01  4.51351152212664461E-02 -5.98135949821540416E-03
  3.96646646646646630E+01  4.44710182534344897E-02 -5.72499579489301608E-03
  3.97147147147147166E+01  4.37962629324240710E-02 -5.44004228535950249E-03
  3.97647647647647702E+01  4.31037247354681477E-02 -5.13352278937924920E-03
  3.98148148148148167E+01  4.23886618989032307E-02 -4.81385643352080089E-03
  3.98648648648648702E+01  4.16489329252262910E-02 -4.49004771445266418E-03
  3.99149149149149238E+01  4.08849334979037166E-02 -4.17087629161993871E-03
  3.99649649649649703E+01  4.00992782238625833E-02 -3.86418287817453902E-03
  4.00150150150150239E+01  3.92962846919524891E-02 -3.57632981269761325E-03
  4.00650650650650704E+01  3.84813400388384977E-02 -3.31188701821300956E-03
  4.01151151151151169E+01  3.76602406516851479E-02 -3.07356044831202197E-03
  4.01651651651651704E+01  3.68385927927951523E-02 -2.86234584035905673E-03
  4.02152152152152169E+01  3.60213467717956301E-02 -2.67786062790247026E-03
  4.02652652652652705E+01  3.52125125629726560E-02 -2.51878537666075375E-03
  4.03153153153153170E+01  3.44150745255522722E-02 -2.38333585371262044E-03
  4.03653653653653706E+01  3.36310918410554632E-02 -2.26968879172109207E-03
  4.04154154154154170E+01  3.28619440607593599E-02 -2.17629768722422652E-03
  4.04654654654654706E+01  3.21086616087843807E-02 -2.10205704667105250E-03
  4.05155155155155171E+01  3.13722717448457478E-02 -2.04630064610295112E-03
  4.05655655655655636E+01  3.06540922522050077E-02 -2.00864730124354325E-03
  4.06156156156156172E+01  2.99559171882858299E-02 -1.98873214439308213E-03
  4.06656656656656708E+01  2.92800591390856950E-02 -1.98587897335074631E-03
  4.07157157157157243E+01  2.86292372014781346E-02 -1.99877756354365681E-03
  4.07657657657657708E+01  2.80063255001727837E-02 -2.02522807119990969E-03
  4.08158158158158244E+01  2.74139996131918286E-02 -2.06200346671314575E-03
  4.08658658658658709E+01  2.68543346273209423E-02 -2.10486232433561293E-03
  4.09159159159159245E+01  2.63284165071197770E-02 -2.14872123952708580E-03
  4.09659659659659710E+01  2.58360271661024071E-02 -2.18797214002366654E-03
  4.10160160160160245E+01  2.53754535583971055E-02 -2.21690828314782297E-03
  4.10660660660660710E+01  2.49434539678696152E-02 -2.23020677621822792E-03
  4.11161161161161175E+01  2.45353930926498036E-02 -2.22340711424079450E-03
  4.11661661661661711E+01  2.41455346633887916E-02 -2.19332545233788360E-03
  4.12162162162162176E+01  2.37674594154819140E-02 -2.13835284536496081E-03
  4.12662662662662711E+01  2.33945600995820110E-02 -2.05860107821997061E-03
  4.13163163163163176E+01  2.30205559430362652E-02 -1.95587965938963729E-03
  4.13663663663663712E+01  2.26399676311866832E-02 -1.83350918626408194E-03
  4.14164164164164177E+01  2.22485003962411658E-02 -1.69599660658538800E-03
  4.14664664664664713E+01  2.18432960333457722E-02 -1.54861417045467384E-03
  4.15165165165165178E+01  2.14230325707604405E-02 -1.39693401758026847E-03
  4.15665665665665713E+01  2.09878702878923129E-02 -1.24637321899515453E-03
  4.16166166166166249E+01  2.05392619921581990E-02 -1.10179958637110151E-03
  4.16666666666666714E+01  2.00796613300933506E-02 -9.67237602658195831E-04
  4.17167167167167250E+01  1.96121733843047825E-02 -8.45698209965674384E-04
  4.17667667667667715E+01  1.91401956967994467E-02 -7.39138293884601520E-04
  4.18168168168168251E+01  1.86670949411042557E-02 -6.48538131909950238E-04
  4.18668668668668715E+01  1.81959554956571817E-02 -5.74070275332575842E-04
  4.19169169169169251E+01  1.77294227343021762E-02 -5.15323254237162070E-04
  4.19669669669669716E+01  1.72696480997071369E-02 -4.71539315620839020E-04
  4.20170170170170181E+01  1.68183273484257614E-02 -4.41827403170012237E-04
  4.20670670670670717E+01  1.63768100149304548E-02 -4.25320136264263626E-04
  4.21171171171171181E+01  1.59462489518100402E-02 -4.21255243959982252E-04
  4.21671671671671717E+01  1.55277548889121084E-02 -4.28975820655650320E-04
  4.22172172172172182E+01  1.51225226177614542E-02 -4.47857730066229982E-04
  4.22672672672672718E+01  1.47319021244583983E-02 -4.77184426518016994E-04
  4.23173173173173183E+01  1.43573985290432905E-02 -5.15997714153425008E-04
  4.23673673673673719E+01  1.40005973100720757E-02 -5.62956467668839183E-04
  4.24174174174174183E+01  1.36630240447863892E-02 -6.16233773220607002E-04
  4.24674674674674719E+01  1.33459588925301485E-02 -6.73476743401152161E-04
  4.25175175175175255E+01  1.30502337418601407E-02 -7.31843493739443894E-04
  4.25675675675675720E+01  1.27760433204489408E-02 -7.88119983580984015E-04
  4.26176176176176256E+01  1.25228002788916430E-02 -8.38907388636545210E-04
  4.26676676676676720E+01  1.22890586289954879E-02 -8.80860118440067127E-04
  4.27177177177177256E+01  1.20725208676994381E-02 -9.10946974641125879E-04
  4.27677677677677721E+01  1.18701330173101496E-02 -9.26704253638061057E-04
  4.28178178178178257E+01  1.16782602631728162E-02 -9.26450233375048881E-04
  4.28678678678678722E+01  1.14929254759174090E-02 -9.09435238060794489E-04
  4.29179179179179187E+01  1.13100850524654566E-02 -8.75909575213388116E-04
  4.29679679679679722E+01  1.11259121832455628E-02 -8.27101885265380758E-04
  4.30180180180180187E+01  1.09370573181205282E-02 -7.65111385501484210E-04
  4.30680680680680723E+01  1.07408591639554397E-02 -6.92727638613266296E-04
  4.31181181181181188E+01  1.05354863796841801E-02 -6.13199509734790437E-04
  4.31681681681681724E+01  1.03199991978335445E-02 -5.29979913155559823E-04
  4.32182182182182189E+01  1.00943301928639647E-02 -4.46474272255145601E-04
  4.32682682682682724E+01  9.85919296475864029E-03 -3.65818318516213147E-04
  4.33183183183183260E+01  9.61593536167036980E-03 -2.90705427003301413E-04
  4.33683683683683725E+01  9.36635906853619873E-03 -2.23276020178291500E-04
  4.34184184184184261E+01  9.11252939021533689E-03 -1.65072826999468575E-04
  4.34684684684684726E+01  8.85659777719507470E-03 -1.17057208075170972E-04
  4.35185185185185262E+01  8.60065545736470559E-03 -7.96745106337782183E-05
  4.35685685685685726E+01  8.34663021093037111E-03 -5.29514129321713412E-05
  4.36186186186186262E+01  8.09623087820284665E-03 -3.66060069676616990E-05
  4.36686686686686727E+01  7.85093674445671089E-03 -3.01520775366945996E-05
  4.37187187187187263E+01  7.61202256264737788E-03 -3.29823709349027789E-05
  4.37687687687687728E+01  7.38060550379230143E-03 -4.44209560136592263E-05
  4.38188188188188263E+01  7.15769829564013704E-03 -6.37411652491386713E-05
  4.38688688688688728E+01  6.94425337229921669E-03 -9.01520594817491297E-05
  4.39189189189189193E+01  6.74118577793485912E-03 -1.22761925668264898E-04
  4.39689689689689729E+01  6.54936728409493372E-03 -1.60531209967760028E-04
  4.40190190190190194E+01  6.36958989806153935E-03 -2.02229007950453966E-04
  4.40690690690690730E+01  6.20250275700070901E-03 -2.46406618483184221E-04
  4.41191191191191194E+01  6.04853144491339801E-03 -2.91398902642016095E-04
  4.41691691691691730E+01  5.90779231224616234E-03 -3.35359761191774135E-04
  4.42192192192192266E+01  5.78001594359923900E-03 -3.76332660635018642E-04
  4.42692692692692802E+01  5.66449333227445843E-03 -4.12351614044186628E-04
  4.43193193193193267E+01  5.56005571976678561E-03 -4.41563163104831250E-04
  4.43693693693693731E+01  5.46509486255911895E-03 -4.62356392462488970E-04
  4.44194194194194267E+01  5.37762532544280945E-03 -4.73486303192493965E-04
  4.44694694694694732E+01  5.29538501069322202E-03 -4.74176176265230041E-04
  4.45195195195195268E+01  5.21596526124583348E-03 -4.64186781181638694E-04
  4.45695695695695733E+01  5.13695817099561226E-03 -4.43844080613353871E-04
  4.46196196196196269E+01  5.05610666081669075E-03 -4.14021898145078531E-04
  4.46696696696696733E+01  4.97144266042671458E-03 -3.76081184963114276E-04
  4.47197197197197269E+01  4.88140034019280290E-03 -3.31772352902008649E-04
  4.47697697697697734E+01  4.78489448618989351E-03 -2.83111020051408729E-04
  4.48198198198198199E+01  4.68135833477362553E-03 -2.32239979403625038E-04
  4.48698698698698735E+01  4.57073988608959307E-03 -1.81290999017045298E-04
  4.49199199199199199E+01  4.45346027039373715E-03 -1.32259176197829759E-04
  4.49699699699699735E+01  4.33034156971618192E-03 -8.69002059889912161E-05
  4.50200200200200200E+01  4.20251415068905679E-03 -4.66574793941569642E-05
  4.50700700700700736E+01  4.07131477515142951E-03 -1.26219156579082605E-05
  4.51201201201201272E+01  3.93818646567207446E-03  1.44765819039936473E-05
  4.51701701701701808E+01  3.80458946183914910E-03  3.42506469007078525E-05
  4.52202202202202272E+01  3.67192993269631557E-03  4.66170886228659947E-05
  4.52702702702702737E+01  3.54150985417042447E-03  5.17471137217855872E-05
  4.53203203203203273E+01  3.41449811230714424E-03  5.00136223000102525E-05
  4.53703703703703738E+01  3.29191992843224247E-03  4.19429028758053690E-05
  4.54204204204204274E+01  3.17465951010079605E-03  2.81759556176003714E-05
  4.54704704704704739E+01  3.06346966587168774E-03  9.44202971811427660E-06
  4.55205205205205274E+01  2.95898207291296015E-03 -1.34557980625836548E-05
  4.55705705705705739E+01  2.86171287785316839E-03 -3.96456280191883814E-05
  4.56206206206206275E+01  2.77206011982898248E-03 -6.81867415429296685E-05
  4.56706706706706740E+01  2.69029176064616024E-03 -9.80699178219276166E-05
  4.57207207207207205E+01  2.61652550673120276E-03 -1.28223287724925925E-04
  4.57707707707707740E+01  2.55070373180162156E-03 -1.57527933662796027E-04
  4.58208208208208205E+01  2.49256833682299497E-03 -1.84845694401684533E-04
  4.58708708708708741E+01  2.44164109544831205E-03 -2.09059442139809863E-04
  4.59209209209209277E+01  2.39721483733517423E-03 -2.29123811448460801E-04
  4.59709709709709742E+01  2.35835976262320328E-03 -2.44122322917135405E-04
  4.60210210210210278E+01  2.32394742567052295E-03 -2.53325357889745879E-04
  4.60710710710710813E+01  2.29269273641563229E-03 -2.56242715566875993E-04
  4.61211211211211278E+01  2.26321201859068163E-03 -2.52664617119098490E-04
  4.61711711711711743E+01  2.23409305807122007E-03 -2.42685987187242350E-04
  4.62212212212212279E+01  2.20397145663763384E-03 -2.26710501030091794E-04
  4.62712712712712744E+01  2.17160668580478706E-03 -2.05433004823395084E-04
  4.63213213213213280E+01  2.13595112048306241E-03 -1.79801211693809504E-04
  4.63713713713713744E+01  2.09620601991183019E-03 -1.50959747506004214E-04
  4.64214214214214280E+01  2.05185980402850226E-03 -1.20181396289250811E-04
  4.64714714714714745E+01  2.00270585111133811E-03 -8.87915665075649906E-05
  4.65215215215215281E+01  1.94883916440195901E-03 -5.80924449801099413E-05
  4.65715715715715746E+01  1.89063334916475946E-03 -2.92930043228738381E-05
  4.66216216216216210E+01  1.82870115231016780E-03 -3.45005890274420273E-06
  4.66716716716716746E+01  1.76384314014685828E-03  1.85759172088145459E-05
  4.67217217217217211E+01  1.69698979697163548E-03  3.61482732239058009E-05
  4.67717717717717747E+01  1.62914237714219734E-03  4.88648594695425176E-05
  4.68218218218218283E+01  1.56131728348210715E-03  5.65534482824990245E-05
  4.68718718718718819E+01  1.49449769931170708E-03  5.92547322988969355E-05
  4.69219219219219283E+01  1.42959484906643951E-03  5.71965238589487187E-05
  4.69719719719719819E+01  1.36741980929441006E-03  5.07630198088508978E-05
  4.70220220220220284E+01  1.30866544087187252E-03  4.04627139981812505E-05
  4.70720720720720820E+01  1.25389693671860893E-03  2.68978310752183655E-05
  4.71221221221221285E+01  1.20354879696323372E-03  1.07371669369562449E-05
  4.71721721721721750E+01  1.15792580912944506E-03 -7.30687205192981414E-06
  4.72222222222222285E+01  1.11720580973843670E-03 -2.64972619932659532E-05
  4.72722722722722750E+01  1.08144255843549051E-03 -4.60884192407380285E-05
  4.73223223223223286E+01  1.05056784236425655E-03 -6.53408297591418023E-05
  4.73723723723723751E+01  1.02439279675861942E-03 -8.35358531702907824E-05
  4.74224224224224287E+01  1.00260922472140035E-03 -9.99920346771592840E-05
  4.74724724724724751E+01  9.84792291937273360E-04 -1.14083688334972420E-04
  4.75225225225225287E+01  9.70406265697610878E-04 -1.25261755243858276E-04
  4.75725725725725752E+01  9.59341001956689858E-04 -1.32939414680874758E-04
  4.76226226226226288E+01  9.51123679308850281E-04 -1.36507344805835101E-04
  4.76726726726726753E+01  9.44532086295422294E-04 -1.35647397482892653E-04
  4.77227227227227289E+01  9.38419910877840726E-04 -1.30398545257703105E-04
  4.77727727727727824E+01  9.31759318307630573E-04 -1.21068291093762295E-04
  4.78228228228228289E+01  9.23667128717172098E-04 -1.08175358271009499E-04
  4.78728728728728825E+01  9.13429088181728303E-04 -9.24052554726693801E-05
  4.79229229229229290E+01  9.00522950153612536E-04 -7.45664734147231446E-05
  4.79729729729729826E+01  8.84636019849188867E-04 -5.55422765347145925E-05
  4.80230230230230291E+01  8.65672587156915158E-04 -3.62383681560175949E-05
  4.80730730730730755E+01  8.43748479486863476E-04 -1.75296454328249105E-05
  4.81231231231231291E+01  8.19172207074861988E-04 -2.10300368202898254E-07
  4.81731731731731756E+01  7.92414114618044188E-04  1.50486761763523255E-05
  4.82232232232232292E+01  7.64066342481305887E-04  2.77314286825665793E-05
  4.82732732732732757E+01  7.34797207325585009E-04  3.74966740111458069E-05
  4.83233233233233292E+01  7.05303889185816780E-04  4.41840093233070080E-05
  4.83733733733733757E+01  6.76267142200270149E-04  4.78076782916195112E-05
  4.84234234234234293E+01  6.48311225045866322E-04  4.85394048998695843E-05
  4.84734734734734758E+01  6.21971480092583769E-04  4.66826542507607569E-05
  4.85235235235235294E+01  5.97671088486505264E-04  4.26411197271535798E-05
  4.85735735735735759E+01  5.75707601017971349E-04  3.68843631900913856E-05
  4.86236236236236294E+01  5.56248988960485950E-04  2.99133803667680267E-05
  4.86736736736736830E+01  5.39338251048299437E-04  2.22284844357445549E-05
  4.87237237237237295E+01  5.24905100397236304E-04  1.43013711680596637E-05
  4.87737737737737831E+01  5.12782956346228809E-04  6.55262812037684167E-06
  4.88238238238238296E+01  5.02729370609462001E-04 -6.64648071900745798E-07
  4.88738738738738832E+01  4.94448092557814040E-04 -7.07499927095849499E-06
  4.89239239239239296E+01  4.87611178885200263E-04 -1.24848279023036072E-05
  4.89739739739739761E+01  4.81879827859064719E-04 -1.67813220421424793E-05
  4.90240240240240297E+01  4.76922921314183160E-04 -1.99269155093911014E-05
  4.90740740740740762E+01  4.72432552163013072E-04 -2.19502198486810165E-05
  4.91241241241241298E+01  4.68136078928988201E-04 -2.29343966195745525E-05
  4.91741741741741762E+01  4.63804473198626557E-04 -2.30039230914639777E-05
  4.92242242242242298E+01  4.59256914354037697E-04 -2.23106645232242705E-05
  4.92742742742742763E+01  4.54361749476668521E-04 -2.10201155069558765E-05
  4.93243243243243299E+01  4.49034088390010220E-04 -1.92986153692979349E-05
  4.93743743743743764E+01  4.43230455325655513E-04 -1.73022731757344861E-05
  4.94244244244244300E+01  4.36941074123917009E-04 -1.51682449730559985E-05
  4.94744744744744835E+01  4.30180518932198215E-04 -1.30088756638941631E-05
  4.95245245245245300E+01  4.22977603732062823E-04 -1.09090385986270955E-05
  4.95745745745745836E+01  4.15365490856075029E-04 -8.92677209646013648E-06
  4.96246246246246301E+01  4.07373045542927710E-04 -7.09702761115182248E-06
  4.96746746746746837E+01  3.99018424492399897E-04 -5.43802441631291929E-06
  4.97247247247247302E+01  3.90305739126801021E-04 -3.95937763186461016E-06
  4.97747747747747837E+01  3.81225365098895029E-04 -2.67086825053729496E-06
  4.98248248248248302E+01  3.71758077803368647E-04 -1.59050238161561202E-06
  4.98748748748748838E+01  3.61882696033467572E-04 -7.50413980636540435E-07
  4.99249249249249303E+01  3.51586350769631959E-04 -1.99251879173834190E-07
  4.99749749749749768E+01  3.40875926087221427E-04  0.00000000000000000E+00
# pulse generated by run 1472803 (fbR0002)
