# OCT iter        711;   J_T =   9.957421717913E-04;   pulse_id =          2                                                                                                                                                                                   
#               time [ns]              abs(E) [au]        phase(E) [rad/pi]
   2.5025025025025027E-02   3.4087592608722143E-04   0.0000000000000000E+00
   7.5075075075075076E-02   3.5345097092873877E-04  -1.3921681333925553E-03
   1.2512512512512516E-01   3.7619630545631327E-04  -1.7672803095289274E-02
   1.7517517517517520E-01   4.2904777776809217E-04  -8.5512490842188954E-02
   2.2522522522522526E-01   5.9224393773264826E-04  -2.3401376278363306E-01
   2.7527527527527529E-01   1.0999131874497665E-03  -4.0186535172019966E-01
   3.2532532532532538E-01   2.2739275309964667E-03  -5.2493810846343791E-01
   3.7537537537537541E-01   4.4845534882488160E-03  -6.1481545372868596E-01
   4.2542542542542550E-01   8.2038418509528255E-03  -6.8943220501012803E-01
   4.7547547547547553E-01   1.4015889848164230E-02  -7.5735936370004187E-01
   5.2552552552552556E-01   2.2606960764102194E-02  -8.2235800518855728E-01
   5.7557557557557559E-01   3.4744676345342965E-02  -8.8622234179386394E-01
   6.2562562562562574E-01   5.1239526528959585E-02  -9.4993128872492538E-01
   6.7567567567567566E-01   7.2879544490958126E-02   9.8590451597320850E-01
   7.2572572572572580E-01   1.0033179082897017E-01   9.2087749738226488E-01
   7.7577577577577583E-01   1.3401374539543529E-01   8.5473424585289648E-01
   8.2582582582582598E-01   1.7395299798066008E-01   7.8737176689204769E-01
   8.7587587587587601E-01   2.1966888692065298E-01   7.1884455661541602E-01
   9.2592592592592604E-01   2.7011653416409470E-01   6.4936551690485989E-01
   9.7597597597597607E-01   3.2372650960348792E-01   5.7929300139388573E-01
   1.0260260260260261E+00   3.7855256633322137E-01   5.0910108767207896E-01
   1.0760760760760761E+00   4.3251029386005119E-01   4.3933325097304177E-01
   1.1261261261261262E+00   4.8365823309083833E-01   3.7054378497047297E-01
   1.1761761761761762E+00   5.3045153771514120E-01   3.0323730019170725E-01
   1.2262262262262265E+00   5.7190254130588181E-01   2.3782112311224715E-01
   1.2762762762762765E+00   6.0761960040218133E-01   1.7458302906211801E-01
   1.3263263263263265E+00   6.3774700467215173E-01   1.1369611227663298E-01
   1.3763763763763766E+00   6.6285990217519275E-01   5.5239959816725810E-02
   1.4264264264264266E+00   6.8386136256541363E-01  -7.7863654356916123E-04
   1.4764764764764766E+00   7.0189876365355042E-01  -5.4418447671778600E-02
   1.5265265265265267E+00   7.1829051380845887E-01  -1.0581362426030753E-01
   1.5765765765765769E+00   7.3444524003185174E-01  -1.5519460367186697E-01
   1.6266266266266267E+00   7.5176123355553870E-01  -2.0290778014399816E-01
   1.6766766766766772E+00   7.7150618081123168E-01  -2.4941972836739729E-01
   1.7267267267267272E+00   7.9469002431265590E-01  -2.9529536857904259E-01
   1.7767767767767773E+00   8.2195291990679653E-01  -3.4114862740704893E-01
   1.8268268268268273E+00   8.5349174105821168E-01  -3.8757584332598305E-01
   1.8768768768768773E+00   8.8904064709784381E-01  -4.3509021379257923E-01
   1.9269269269269271E+00   9.2790700419531058E-01  -4.8407491260626040E-01
   1.9769769769769772E+00   9.6905040066418258E-01  -5.3476381355182268E-01
   2.0270270270270276E+00   1.0111855614296983E+00  -5.8724795130653784E-01
   2.0770770770770777E+00   1.0528907503048697E+00  -6.4149883434959531E-01
   2.1271271271271277E+00   1.0927087242236924E+00  -6.9739835877886702E-01
   2.1771771771771777E+00   1.1292335787487178E+00  -7.5476756628279840E-01
   2.2272272272272278E+00   1.1611815290986880E+00  -8.1339010101312115E-01
   2.2772772772772778E+00   1.1874462728620616E+00  -8.7302916265401409E-01
   2.3273273273273278E+00   1.2071405744721251E+00  -9.3343849379004318E-01
   2.3773773773773779E+00   1.2196258103617645E+00  -9.9436867944629603E-01
   2.4274274274274279E+00   1.2245309494469352E+00   9.4442981958882899E-01
   2.4774774774774779E+00   1.2230199590015776E+00   8.8320573537993530E-01
   2.5275275275275280E+00   1.2164967255354808E+00   8.2220637866901047E-01
   2.5775775775775780E+00   1.2053010996733888E+00   7.6167718470656887E-01
   2.6276276276276280E+00   1.1899624065618004E+00   7.0186104524520354E-01
   2.6776776776776781E+00   1.1711941457390378E+00   6.4299464988597055E-01
   2.7277277277277285E+00   1.1498853389390780E+00   5.8530138311057212E-01
   2.7777777777777786E+00   1.1270859077161131E+00   5.2897962766635542E-01
   2.8278278278278286E+00   1.1039823969123266E+00   4.7418564695623949E-01
   2.8778778778778786E+00   1.0818595651245662E+00   4.2101116807175243E-01
   2.9279279279279282E+00   1.0620435016292917E+00   3.6945764745146914E-01
   2.9779779779779783E+00   1.0458239446427280E+00   3.1941194615671165E-01
   3.0280280280280283E+00   1.0343581861375699E+00   2.7063099073337243E-01
   3.0780780780780788E+00   1.0285661496501546E+00   2.2274417177635661E-01
   3.1281281281281288E+00   1.0290337191141876E+00   1.7527960267012183E-01
   3.1781781781781788E+00   1.0359450988012302E+00   1.2771326352130813E-01
   3.2282282282282289E+00   1.0490611795478251E+00   7.9531074477534144E-02
   3.2782782782782789E+00   1.0677495743461511E+00   3.0288182063990244E-02
   3.3283283283283294E+00   1.0910580561148109E+00  -2.0348975366888778E-02
   3.3783783783783790E+00   1.1178132913673331E+00  -7.2584813924655212E-02
   3.4284284284284290E+00   1.1467247542793892E+00  -1.2649911732354469E-01
   3.4784784784784790E+00   1.1764783556153491E+00  -1.8206639462615457E-01
   3.5285285285285291E+00   1.2058116318061312E+00  -2.3918142623158739E-01
   3.5785785785785786E+00   1.2335687302153175E+00  -2.9768433742775935E-01
   3.6286286286286291E+00   1.2587373361442762E+00  -3.5738150093322152E-01
   3.6786786786786796E+00   1.2804712661366042E+00  -4.1806104934964960E-01
   3.7287287287287292E+00   1.2981025576504304E+00  -4.7950330135338848E-01
   3.7787787787787797E+00   1.3111463332020921E+00  -5.4148709582212895E-01
   3.8288288288288292E+00   1.3193010069667868E+00  -6.0379319689423705E-01
   3.8788788788788797E+00   1.3224457374207361E+00  -6.6620585498190743E-01
   3.9289289289289293E+00   1.3206364369677304E+00  -7.2851345954631497E-01
   3.9789789789789798E+00   1.3141010839579104E+00  -7.9050908760205019E-01
   4.0290290290290303E+00   1.3032344946654144E+00  -8.5199166876959265E-01
   4.0790790790790794E+00   1.2885920777489983E+00  -9.1276844960544579E-01
   4.1291291291291303E+00   1.2708814189248632E+00  -9.7265941771674846E-01
   4.1791791791791795E+00   1.2509498715230620E+00   9.6849571614670815E-01
   4.2292292292292304E+00   1.2297657479123887E+00   9.1082756999681536E-01
   4.2792792792792795E+00   1.2083903774166505E+00   8.5442420229193949E-01
   4.3293293293293305E+00   1.1879384773071173E+00   7.9931609738658804E-01
   4.3793793793793805E+00   1.1695253233297627E+00   7.4546100224998735E-01
   4.4294294294294296E+00   1.1542014298509893E+00   6.9273192675265072E-01
   4.4794794794794806E+00   1.1428788894848683E+00   6.4091258301345899E-01
   4.5295295295295297E+00   1.1362575592343069E+00   5.8970432283318386E-01
   4.5795795795795806E+00   1.1347624753845236E+00   5.3874658598676539E-01
   4.6296296296296298E+00   1.1385043879566428E+00   4.8764917138937047E-01
   4.6796796796796807E+00   1.1472719614432187E+00   4.3603065217466813E-01
   4.7297297297297307E+00   1.1605576050218318E+00   3.8355496912264347E-01
   4.7797797797797807E+00   1.1776115138192400E+00   3.2995894332010278E-01
   4.8298298298298308E+00   1.1975132387933087E+00   2.7506673565464124E-01
   4.8798798798798808E+00   1.2192485981263523E+00   2.1879136092335433E-01
   4.9299299299299308E+00   1.2417816500284149E+00   1.6112639576590004E-01
   4.9799799799799809E+00   1.2641151171012071E+00   1.0213217780622033E-01
   5.0300300300300309E+00   1.2853363719431568E+00   4.1920362131883403E-02
   5.0800800800800809E+00   1.3046488754006920E+00  -1.9360519934048581E-02
   5.1301301301301310E+00   1.3213906124831778E+00  -8.1537148880545834E-02
   5.1801801801801810E+00   1.3350418622506257E+00  -1.4442078679237372E-01
   5.2302302302302310E+00   1.3452249259169617E+00  -2.0781415869611924E-01
   5.2802802802802811E+00   1.3516984719812422E+00  -2.7151635519507572E-01
   5.3303303303303311E+00   1.3543490364233080E+00  -3.3532634836411968E-01
   5.3803803803803811E+00   1.3531819315780624E+00  -3.9904569613585489E-01
   5.4304304304304312E+00   1.3483133251173725E+00  -4.6248095778751536E-01
   5.4804804804804812E+00   1.3399645296467215E+00  -5.2544628612858657E-01
   5.5305305305305312E+00   1.3284586293263090E+00  -5.8776660966473904E-01
   5.5805805805805813E+00   1.3142185617306494E+00  -6.4928176400181925E-01
   5.6306306306306313E+00   1.2977648200622318E+00  -7.0985185714726806E-01
   5.6806806806806813E+00   1.2797102177131878E+00  -7.6936402723110286E-01
   5.7307307307307314E+00   1.2607488387249739E+00  -8.2774053302934725E-01
   5.7807807807807823E+00   1.2416365367726210E+00  -8.8494776857098190E-01
   5.8308308308308314E+00   1.2231612519441626E+00  -9.4100530180405362E-01
   5.8808808808808823E+00   1.2061030215800712E+00  -9.9599346182922255E-01
   5.9309309309309315E+00   1.1911857604947800E+00   9.4994249286110799E-01
   5.9809809809809824E+00   1.1790253422656374E+00   8.9659372600787290E-01
   6.0310310310310316E+00   1.1700806185736199E+00   8.4369628035319122E-01
   6.0810810810810825E+00   1.1646149816411120E+00   7.9094694614302563E-01
   6.1311311311311325E+00   1.1626752468183346E+00   7.3802505945595787E-01
   6.1811811811811816E+00   1.1640918935542721E+00   6.8461708165908242E-01
   6.2312312312312326E+00   1.1685007256167612E+00   6.3043999512192761E-01
   6.2812812812812817E+00   1.1753820543449165E+00   5.7525997377942450E-01
   6.3313313313313326E+00   1.1841108153084843E+00   5.1890423882174608E-01
   6.3813813813813818E+00   1.1940102194795212E+00   4.6126581839572522E-01
   6.4314314314314327E+00   1.2044024164253975E+00   4.0230238511884753E-01
   6.4814814814814827E+00   1.2146514768602696E+00   3.4203105977756376E-01
   6.5315315315315328E+00   1.2241960010706698E+00   2.8052106412027561E-01
   6.5815815815815828E+00   1.2325703356423696E+00   2.1788565231647616E-01
   6.6316316316316328E+00   1.2394146028755029E+00   1.5427416163012989E-01
   6.6816816816816820E+00   1.2444746186335167E+00   8.9864516970105224E-02
   6.7317317317317329E+00   1.2475934524792820E+00   2.4856196143863932E-02
   6.7817817817817829E+00   1.2486969535062720E+00  -4.0536485283945156E-02
   6.8318318318318330E+00   1.2477759997389517E+00  -1.0609092436582555E-01
   6.8818818818818839E+00   1.2448684240844954E+00  -1.7158270917818369E-01
   6.9319319319319321E+00   1.2400434117728498E+00  -2.3679203208431931E-01
   6.9819819819819831E+00   1.2333905953178357E+00  -3.0150997211854241E-01
   7.0320320320320331E+00   1.2250151296558576E+00  -3.6554454225476568E-01
   7.0820820820820840E+00   1.2150388447419518E+00  -4.2872639694384068E-01
   7.1321321321321323E+00   1.2036063458780368E+00  -4.9091412237050508E-01
   7.1821821821821832E+00   1.1908938868044212E+00  -5.5199906512109065E-01
   7.2322322322322332E+00   1.1771181761128060E+00  -6.1190966909015232E-01
   7.2822822822822832E+00   1.1625421292817451E+00  -6.7061526402087623E-01
   7.3323323323323342E+00   1.1474749937744833E+00  -7.2812917157911772E-01
   7.3823823823823833E+00   1.1322652040098025E+00  -7.8451087227267968E-01
   7.4324324324324333E+00   1.1172856276255350E+00  -8.3986683521866312E-01
   7.4824824824824834E+00   1.1029123312706914E+00  -8.9434950108941491E-01
   7.5325325325325343E+00   1.0894993572643241E+00  -9.4815389141688722E-01
   7.5825825825825843E+00   1.0773529741929027E+00   9.9848854355393502E-01
   7.6326326326326335E+00   1.0667091900834635E+00   9.4531890804231800E-01
   7.6826826826826835E+00   1.0577178580594011E+00   8.9206229808119797E-01
   7.7327327327327344E+00   1.0504355266982253E+00   8.3844087189149419E-01
   7.7827827827827845E+00   1.0448275885725329E+00   7.8418745244562182E-01
   7.8328328328328336E+00   1.0407787089308647E+00   7.2905855578636725E-01
   7.8828828828828836E+00   1.0381093904741376E+00   6.7284599445334892E-01
   7.9329329329329337E+00   1.0365960549658448E+00   6.1538658738393404E-01
   7.9829829829829846E+00   1.0359921204563642E+00   5.5656983215630640E-01
   8.0330330330330355E+00   1.0360479536713003E+00   4.9634352872643078E-01
   8.0830830830830838E+00   1.0365280047057113E+00   4.3471726382176562E-01
   8.1331331331331338E+00   1.0372237666620741E+00   3.7176345875382139E-01
   8.1831831831831838E+00   1.0379615222826428E+00   3.0761549595831467E-01
   8.2332332332332356E+00   1.0386043120622501E+00   2.4246241166708782E-01
   8.2832832832832857E+00   1.0390482770921747E+00   1.7653985842192996E-01
   8.3333333333333339E+00   1.0392143932523288E+00   1.1011749958734167E-01
   8.3833833833833840E+00   1.0390373451702246E+00   4.3483602310709836E-02
   8.4334334334334340E+00   1.0384535979252520E+00  -2.3071822757593761E-02
   8.4834834834834858E+00   1.0373905018757885E+00  -8.9273612408187458E-02
   8.5335335335335341E+00   1.0357576708254141E+00  -1.5487601281781074E-01
   8.5835835835835841E+00   1.0334412463168561E+00  -2.1967377214462003E-01
   8.6336336336336341E+00   1.0303013156844880E+00  -2.8350890347464819E-01
   8.6836836836836859E+00   1.0261727958722249E+00  -3.4627293622935806E-01
   8.7337337337337360E+00   1.0208703833410662E+00  -4.0790509175754680E-01
   8.7837837837837842E+00   1.0141983999832240E+00  -4.6838727223405102E-01
   8.8338338338338342E+00   1.0059662347152218E+00  -5.2773700868206064E-01
   8.8838838838838861E+00   9.9600942499604284E-01  -5.8599959606649688E-01
   8.9339339339339361E+00   9.8421527856850755E-01  -6.4324059801647604E-01
   8.9839839839839861E+00   9.7055053890354570E-01  -6.9953977502877618E-01
   9.0340340340340344E+00   9.5508732288178244E-01  -7.5498730128386882E-01
   9.0840840840840844E+00   9.3802281440469815E-01  -8.0968288227780005E-01
   9.1341341341341362E+00   9.1968829498724647E-01  -8.6373803993832310E-01
   9.1841841841841863E+00   9.0054414044961206E-01  -9.1728135224124319E-01
   9.2342342342342345E+00   8.8115928492292217E-01  -9.7046578689913066E-01
   9.2842842842842845E+00   8.6217604676568238E-01   9.7652353360538369E-01
   9.3343343343343363E+00   8.4426374338499388E-01   9.2346363600515591E-01
   9.3843843843843864E+00   8.2806678003582479E-01   8.7009316040663620E-01
   9.4344344344344364E+00   8.1415440862684818E-01   8.1611999220987375E-01
   9.4844844844844847E+00   8.0297956914902613E-01   7.6123890947292261E-01
   9.5345345345345365E+00   7.9485268068675641E-01   7.0515879304576057E-01
   9.5845845845845865E+00   7.8993291855871040E-01   6.4763603720628160E-01
   9.6346346346346365E+00   7.8823517812814614E-01   5.8850831726497754E-01
   9.6846846846846866E+00   7.8964711975488089E-01   5.2772184904013053E-01
   9.7347347347347366E+00   7.9394906453879155E-01   4.6534614754835613E-01
   9.7847847847847866E+00   8.0083089170598254E-01   4.0157271839660269E-01
   9.8348348348348367E+00   8.0990384829315776E-01   3.3669731143458781E-01
   9.8848848848848867E+00   8.2070939863504955E-01   2.7108854352680761E-01
   9.9349349349349350E+00   8.3272964272687944E-01   2.0514822581878589E-01
   9.9849849849849868E+00   8.4540307165733708E-01   1.3927009678742902E-01
   1.0035035035035037E+01   8.5814596510632102E-01   7.3803527319374562E-02
   1.0085085085085087E+01   8.7037567720598275E-01   9.0271805346740820E-03
   1.0135135135135137E+01   8.8152990754714933E-01  -5.4864881466713686E-02
   1.0185185185185187E+01   8.9107717113916340E-01  -1.1776474134213434E-01
   1.0235235235235237E+01   8.9851752113988537E-01  -1.7964192611078195E-01
   1.0285285285285287E+01   9.0337719205665712E-01  -2.4052769184945758E-01
   1.0335335335335337E+01   9.0520409620408526E-01  -3.0049581379638385E-01
   1.0385385385385387E+01   9.0357177252189713E-01  -3.5964308793868954E-01
   1.0435435435435437E+01   8.9809738921292870E-01  -4.1807208112623795E-01
   1.0485485485485487E+01   8.8847553275995639E-01  -4.7587785658525178E-01
   1.0535535535535537E+01   8.7452490381830139E-01  -5.3313962161322237E-01
   1.0585585585585587E+01   8.5624078984076002E-01  -5.8991761807615140E-01
   1.0635635635635637E+01   8.3384324686356859E-01  -6.4625516160193985E-01
   1.0685685685685687E+01   8.0781004650307142E-01  -7.0218550486806752E-01
   1.0735735735735737E+01   7.7888504519281709E-01  -7.5774303816386634E-01
   1.0785785785785787E+01   7.4805659616598175E-01  -8.1297805420936620E-01
   1.0835835835835837E+01   7.1650618848811221E-01  -8.6797365966029794E-01
   1.0885885885885887E+01   6.8553337302360695E-01  -9.2286222016001296E-01
   1.0935935935935937E+01   6.5646775988895423E-01  -9.7783700917873995E-01
   1.0985985985985987E+01   6.3058121399403511E-01   9.6684696832878370E-01
   1.1036036036036037E+01   6.0901260293677895E-01   9.1088941203518214E-01
   1.1086086086086089E+01   5.9271347169188071E-01   8.5398221041474454E-01
   1.1136136136136138E+01   5.8241658733318602E-01   7.9586501642998508E-01
   1.1186186186186188E+01   5.7862233532957474E-01   7.3638660656094068E-01
   1.1236236236236238E+01   5.8159340979897667E-01   6.7555254961986710E-01
   1.1286286286286288E+01   5.9134876369311995E-01   6.1354052457385022E-01
   1.1336336336336338E+01   6.0765352151861163E-01   5.5067538721586151E-01
   1.1386386386386388E+01   6.3000922910407509E-01   4.8737184346913837E-01
   1.1436436436436438E+01   6.5765367651281192E-01   4.2406422245389980E-01
   1.1486486486486488E+01   6.8957883751639559E-01   3.6114412301861903E-01
   1.1536536536536540E+01   7.2457014340842385E-01   2.9891888458747823E-01
   1.1586586586586588E+01   7.6126357150017776E-01   2.3759341119102564E-01
   1.1636636636636638E+01   7.9821199296933054E-01   1.7727069994873632E-01
   1.1686686686686688E+01   8.3395059599082022E-01   1.1796417603201334E-01
   1.1736736736736740E+01   8.6705317841495499E-01   5.9615975547699762E-02
   1.1786786786786790E+01   8.9617564336056288E-01   2.1172861106909849E-03
   1.1836836836836838E+01   9.2008822603844886E-01  -5.4671655096880142E-02
   1.1886886886886888E+01   9.3770179664326214E-01  -1.1090356269704291E-01
   1.1936936936936938E+01   9.4809474247276293E-01  -1.6672944619934715E-01
   1.1986986986986990E+01   9.5054537215856372E-01  -2.2228839490009339E-01
   1.2037037037037038E+01   9.4457141468321570E-01  -2.7770258902708317E-01
   1.2087087087087088E+01   9.2997422338941482E-01  -3.3307797584762305E-01
   1.2137137137137138E+01   9.0688175647706459E-01  -3.8851076947939461E-01
   1.2187187187187190E+01   8.7578202348373224E-01  -4.4409974810188019E-01
   1.2237237237237240E+01   8.3753808784605499E-01  -4.9996414672346662E-01
   1.2287287287287288E+01   7.9337747491951582E-01  -5.5626657606711316E-01
   1.2337337337337338E+01   7.4485319797660177E-01  -6.1323950980333986E-01
   1.2387387387387390E+01   6.9377999220192788E-01  -6.7121195659450517E-01
   1.2437437437437440E+01   6.4215593829992612E-01  -7.3062917887897105E-01
   1.2487487487487490E+01   5.9208350986614366E-01  -7.9205175908571390E-01
   1.2537537537537538E+01   5.4570165105343138E-01  -8.5611071172567343E-01
   1.2587587587587588E+01   5.0512885511555450E-01  -9.2338648152588299E-01
   1.2637637637637640E+01   4.7239696752508653E-01  -9.9418621555138753E-01
   1.2687687687687690E+01   4.4933720308700414E-01   9.3175502681569045E-01
   1.2737737737737739E+01   4.3739027713711787E-01   8.5551152007724562E-01
   1.2787787787787789E+01   4.3737660678005036E-01   7.7891215841275274E-01
   1.2837837837837840E+01   4.4934543944250877E-01   7.0407692492014740E-01
   1.2887887887887890E+01   4.7261583021459308E-01   6.3276430868648736E-01
   1.2937937937937940E+01   5.0599200749954709E-01   5.6593839373945620E-01
   1.2987987987987989E+01   5.4801824908460317E-01   5.0374579363621608E-01
   1.3038038038038039E+01   5.9715415592780852E-01   4.4576508796105696E-01
   1.3088088088088089E+01   6.5184291476975498E-01   3.9130167697360413E-01
   1.3138138138138139E+01   7.1050762390287370E-01   3.3960231943880426E-01
   1.3188188188188189E+01   7.7152040061235971E-01   2.8997143957954269E-01
   1.3238238238238241E+01   8.3317423511077615E-01   2.4181716351147634E-01
   1.3288288288288291E+01   8.9367222371826949E-01   1.9465871267325663E-01
   1.3338338338338337E+01   9.5113981246474533E-01   1.4811678978786000E-01
   1.3388388388388387E+01   1.0036613795318998E+00   1.0189854956094364E-01
   1.3438438438438439E+01   1.0493397708256027E+00   5.5782050295947301E-02
   1.3488488488488489E+01   1.0863744437133318E+00   9.6014514887324803E-03
   1.3538538538538539E+01   1.1131505712343048E+00  -3.6767359214288170E-02
   1.3588588588588589E+01   1.1283288582486257E+00  -8.3421476509017073E-02
   1.3638638638638639E+01   1.1309251025395277E+00  -1.3044678814199073E-01
   1.3688688688688691E+01   1.1203701953348593E+00  -1.7793562286796435E-01
   1.3738738738738741E+01   1.0965449228631381E+00  -2.2600714885996859E-01
   1.3788788788788787E+01   1.0597887637664740E+00  -2.7483191384058969E-01
   1.3838838838838839E+01   1.0108871302785403E+00  -3.2466279915189539E-01
   1.3888888888888889E+01   9.5104679387851765E-01  -3.7587616145895636E-01
   1.3938938938938939E+01   8.8187448401083623E-01  -4.2902941197391864E-01
   1.3988988988988989E+01   8.0537900011534791E-01  -4.8494493869866917E-01
   1.4039039039039039E+01   7.2402328400264859E-01  -5.4483386302056436E-01
   1.4089089089089089E+01   6.4086079277560060E-01  -6.1046907060994338E-01
   1.4139139139139141E+01   5.5979678218262130E-01  -6.8437500260941253E-01
   1.4189189189189191E+01   4.8598735711430652E-01  -7.6982614183596454E-01
   1.4239239239239238E+01   4.2619124820746157E-01  -8.6995466111947062E-01
   1.4289289289289290E+01   3.8824950245709849E-01  -9.8473569409217110E-01
   1.4339339339339340E+01   3.7825766033862712E-01   8.9324497375991319E-01
   1.4389389389389390E+01   3.9637587610954322E-01   7.7725171385850744E-01
   1.4439439439439440E+01   4.3649761216302246E-01   6.7715249669155275E-01
   1.4489489489489490E+01   4.9063318472682049E-01   5.9485467577826123E-01
   1.4539539539539541E+01   5.5251335254789169E-01   5.2767070314760156E-01
   1.4589589589589592E+01   6.1836962228865300E-01   4.7203815915145020E-01
   1.4639639639639642E+01   6.8640344374981588E-01   4.2491572382484261E-01
   1.4689689689689692E+01   7.5607421209367531E-01   3.8393444936767906E-01
   1.4739739739739740E+01   8.2749081163369598E-01   3.4723179030991919E-01
   1.4789789789789790E+01   9.0091352255854762E-01   3.1329434135667394E-01
   1.4839839839839840E+01   9.7635462706951082E-01   2.8087264581483290E-01
   1.4889889889889890E+01   1.0532930061815278E+00   2.4895223120246837E-01
   1.4939939939939940E+01   1.1305265394115078E+00   2.1674846313715548E-01
   1.4989989989989992E+01   1.2061691169422306E+00   1.8369851099418147E-01
   1.5040040040040042E+01   1.2777701965900627E+00   1.4943761068264086E-01
   1.5090090090090092E+01   1.3425119410064712E+00   1.1376008662837167E-01
   1.5140140140140142E+01   1.3974328603056003E+00   7.6572995014249925E-02
   1.5190190190190190E+01   1.4396375944985227E+00   3.7851182685194891E-02
   1.5240240240240240E+01   1.4664725260874678E+00  -2.4004780620560042E-03
   1.5290290290290290E+01   1.4756669471333261E+00  -4.4176043011206763E-02
   1.5340340340340340E+01   1.4654524725309075E+00  -8.7490516045998917E-02
   1.5390390390390390E+01   1.4346763634621360E+00  -1.3239930569529340E-01
   1.5440440440440442E+01   1.3829185069337870E+00  -1.7902136110520786E-01
   1.5490490490490492E+01   1.3106111631987625E+00  -2.2757432705058300E-01
   1.5540540540540542E+01   1.2191514264660410E+00  -2.7843362942806499E-01
   1.5590590590590592E+01   1.1109959855521723E+00  -3.3223443012649306E-01
   1.5640640640640640E+01   9.8974421136738489E-01  -3.9004901213228088E-01
   1.5690690690690690E+01   8.6025804197989064E-01  -4.5369539485719018E-01
   1.5740740740740740E+01   7.2894754044368637E-01  -5.2625459669850450E-01
   1.5790790790790791E+01   6.0446841463111389E-01  -6.1278270913215394E-01
   1.5840840840840842E+01   4.9904777465123751E-01  -7.2041496995496901E-01
   1.5890890890890892E+01   4.2929456568394792E-01  -8.5408531124169673E-01
   1.5940940940940942E+01   4.1069238875716912E-01   9.9647113187612579E-01
   1.5990990990990992E+01   4.4335716320084678E-01   8.5856761516203006E-01
   1.6041041041041044E+01   5.1061940601498834E-01   7.4927406827532894E-01
   1.6091091091091094E+01   5.9479134027281610E-01   6.6665857584015809E-01
   1.6141141141141141E+01   6.8515907334190640E-01   6.0317079954438935E-01
   1.6191191191191191E+01   7.7684110539045770E-01   5.5264081218425287E-01
   1.6241241241241241E+01   8.6835402040332710E-01   5.1092073071239585E-01
   1.6291291291291291E+01   9.5996454784479635E-01   4.7519774498674300E-01
   1.6341341341341341E+01   1.0526511783833339E+00   4.4342775774332738E-01
   1.6391391391391391E+01   1.1473963670707199E+00   4.1402329785860981E-01
   1.6441441441441444E+01   1.2446893615446910E+00   3.8571231178984361E-01
   1.6491491491491495E+01   1.3442065929008193E+00   3.5748524861134767E-01
   1.6541541541541545E+01   1.4446570440702657E+00   3.2857453567791789E-01
   1.6591591591591591E+01   1.5437713046458270E+00   2.9843603449620393E-01
   1.6641641641641641E+01   1.6384026560294123E+00   2.6672193275231926E-01
   1.6691691691691691E+01   1.7247079538333316E+00   2.3324634530412844E-01
   1.6741741741741741E+01   1.7983836797028225E+00   1.9794899098760854E-01
   1.6791791791791791E+01   1.8549418839445571E+00   1.6086149935977001E-01
   1.6841841841841845E+01   1.8900169026768923E+00   1.2207825058805639E-01
   1.6891891891891895E+01   1.8996946288943721E+00   8.1730970895380076E-02
   1.6941941941941945E+01   1.8808511641806236E+00   3.9964100270486073E-02
   1.6991991991991995E+01   1.8314771740228912E+00  -3.0939781212006149E-03
   1.7042042042042041E+01   1.7509508821484139E+00  -4.7370887814600880E-02
   1.7092092092092091E+01   1.6402137532115151E+00  -9.2911678399622624E-02
   1.7142142142142141E+01   1.5018108558317249E+00  -1.3997869893537937E-01
   1.7192192192192191E+01   1.3397960679056471E+00  -1.8922328831378393E-01
   1.7242242242242241E+01   1.1595812953296407E+00  -2.4200520024673786E-01
   1.7292292292292295E+01   9.6794898080439906E-01  -3.0104825640015609E-01
   1.7342342342342345E+01   7.7374655018987637E-01  -3.7191267667214228E-01
   1.7392392392392395E+01   5.9062604048851197E-01  -4.6633449985639502E-01
   1.7442442442442445E+01   4.4516604339605403E-01  -6.0685275098519709E-01
   1.7492492492492495E+01   3.8724606211416779E-01  -8.0668716543033314E-01
   1.7542542542542542E+01   4.4847750000475284E-01   9.9961277982645036E-01
   1.7592592592592592E+01   5.8621962046949772E-01   8.6892079496468910E-01
   1.7642642642642642E+01   7.5230877884372382E-01   7.8381502532252367E-01
   1.7692692692692695E+01   9.2438951137827230E-01   7.2292420986274364E-01
   1.7742742742742745E+01   1.0932096885229172E+00   6.7538924018176183E-01
   1.7792792792792795E+01   1.2547816108061214E+00   6.3596300886945434E-01
   1.7842842842842845E+01   1.4075256555138980E+00   6.0190406431348120E-01
   1.7892892892892895E+01   1.5511260428780729E+00   5.7161565561336303E-01
   1.7942942942942945E+01   1.6859147137125743E+00   5.4404275865141227E-01
   1.7992992992992992E+01   1.8124028439268376E+00   5.1839135777552514E-01
   1.8043043043043042E+01   1.9308467903430500E+00   4.9399741136828385E-01
   1.8093093093093092E+01   2.0408387347377470E+00   4.7027331134880085E-01
   1.8143143143143146E+01   2.1409587311231366E+00   4.4669708870792302E-01
   1.8193193193193196E+01   2.2285423037077798E+00   4.2282373889037295E-01
   1.8243243243243246E+01   2.2996145940369397E+00   3.9830439558544456E-01
   1.8293293293293296E+01   2.3490249983210116E+00   3.7290372688950535E-01
   1.8343343343343346E+01   2.3707935113653860E+00   3.4651037731069556E-01
   1.8393393393393396E+01   2.3586576548449631E+00   3.1913883540843480E-01
   1.8443443443443442E+01   2.3067853261712705E+00   2.9092264217648439E-01
   1.8493493493493492E+01   2.2105844562671679E+00   2.6209812501616747E-01
   1.8543543543543542E+01   2.0674875317770747E+00   2.3297610958756215E-01
   1.8593593593593596E+01   1.8775323271010893E+00   2.0389904859134195E-01
   1.8643643643643646E+01   1.6435494367619135E+00   1.7518615599553686E-01
   1.8693693693693696E+01   1.3708654669028557E+00   1.4708208144278578E-01
   1.8743743743743746E+01   1.0666414933334813E+00   1.1974754623890062E-01
   1.8793793793793796E+01   7.3916340540251491E-01   9.3391318115447389E-02
   1.8843843843843846E+01   3.9739236145223045E-01   6.9145631522005327E-02
   1.8893893893893896E+01   5.1195953360850331E-02   8.3349999200623637E-02
   1.8943943943943943E+01   2.9125986479585564E-01  -9.9896106089054726E-01
   1.8993993993993996E+01   6.1841215297488261E-01   9.7856183536439367E-01
   1.9044044044044046E+01   9.2206687180545688E-01   9.5312792166105931E-01
   1.9094094094094096E+01   1.1947884437518150E+00   9.2730937889855358E-01
   1.9144144144144146E+01   1.4312850387350020E+00   9.0172638121632298E-01
   1.9194194194194196E+01   1.6286393555096159E+00   8.7670916486906680E-01
   1.9244244244244246E+01   1.7862296592991533E+00   8.5249004537916273E-01
   1.9294294294294296E+01   1.9054220200686953E+00   8.2924229397718741E-01
   1.9344344344344346E+01   1.9891385690940526E+00   8.0708733363146956E-01
   1.9394394394394393E+01   2.0413703850147922E+00   7.8608902985295104E-01
   1.9444444444444446E+01   2.0666578277553733E+00   7.6623950446656586E-01
   1.9494494494494496E+01   2.0695354686346539E+00   7.4744220424991392E-01
   1.9544544544544546E+01   2.0539505207788364E+00   7.2950299769506799E-01
   1.9594594594594597E+01   2.0227124548249016E+00   7.1214308554056249E-01
   1.9644644644644647E+01   1.9770908505315647E+00   6.9504347152868984E-01
   1.9694694694694697E+01   1.9167028410085249E+00   6.7791827504474467E-01
   1.9744744744744747E+01   1.8397854957396234E+00   6.6059877896885710E-01
   1.9794794794794797E+01   1.7438372632909795E+00   6.4310178479826730E-01
   1.9844844844844843E+01   1.6264809670708977E+00   6.2566171339265009E-01
   1.9894894894894897E+01   1.4863064348157939E+00   6.0872636283421255E-01
   1.9944944944944947E+01   1.3234448688974687E+00   5.9294975470689593E-01
   1.9994994994994997E+01   1.1397445006362352E+00   5.7926791448049653E-01
   2.0045045045045047E+01   9.3864336740183196E-01   5.6925030292873957E-01
   2.0095095095095097E+01   7.2510187722442865E-01   5.6626406634380566E-01
   2.0145145145145147E+01   5.0644838964691785E-01   5.7962433248414158E-01
   2.0195195195195197E+01   2.9841450328712082E-01   6.4442336238063114E-01
   2.0245245245245247E+01   1.7406302916316624E-01   9.0662591226155065E-01
   2.0295295295295297E+01   2.7889719873786734E-01  -8.1252940807166707E-01
   2.0345345345345347E+01   4.6997580390525895E-01  -7.4232256381716177E-01
   2.0395395395395397E+01   6.6550440164209013E-01  -7.2981795558775842E-01
   2.0445445445445447E+01   8.5060584052153465E-01  -7.3580006040057699E-01
   2.0495495495495497E+01   1.0202339551173536E+00  -7.5003112234535885E-01
   2.0545545545545547E+01   1.1716665249686880E+00  -7.6886178670692984E-01
   2.0595595595595597E+01   1.3029805033866233E+00  -7.9068438506799399E-01
   2.0645645645645647E+01   1.4125882011703381E+00  -8.1465056917954837E-01
   2.0695695695695697E+01   1.4991124222177401E+00  -8.4021249636115869E-01
   2.0745745745745747E+01   1.5614172015268337E+00  -8.6693086738160574E-01
   2.0795795795795797E+01   1.5987092416660107E+00  -8.9438666520273580E-01
   2.0845845845845847E+01   1.6106579326438430E+00  -9.2213752377293379E-01
   2.0895895895895897E+01   1.5975041416815274E+00  -9.4969306871392911E-01
   2.0945945945945947E+01   1.5601430316932421E+00  -9.7649674191984948E-01
   2.0995995995995997E+01   1.5001722604966661E+00   9.9809246603464197E-01
   2.1046046046046047E+01   1.4198979487451282E+00   9.7482330083493407E-01
   2.1096096096096097E+01   1.3222954478754663E+00   9.5458784823918674E-01
   2.1146146146146148E+01   1.2109386257705521E+00   9.3848343086530772E-01
   2.1196196196196198E+01   1.0899441681521638E+00   9.2792535585510061E-01
   2.1246246246246248E+01   9.6402528209239557E-01   9.2484574061556846E-01
   2.1296296296296298E+01   8.3880771322832137E-01   9.3200439433957161E-01
   2.1346346346346348E+01   7.2160663228077260E-01   9.5331966711282745E-01
   2.1396396396396398E+01   6.2272954413189741E-01   9.9359521032704357E-01
   2.1446446446446448E+01   5.5634603555224316E-01  -9.4433671123395335E-01
   2.1496496496496498E+01   5.3724984652230279E-01  -8.6662410127897649E-01
   2.1546546546546548E+01   5.7108592468190433E-01  -7.9065561760680758E-01
   2.1596596596596598E+01   6.4902655576770596E-01  -7.3161099252632167E-01
   2.1646646646646648E+01   7.5569250017235667E-01  -6.9251171406883982E-01
   2.1696696696696698E+01   8.7769591815398595E-01  -6.6936575025647083E-01
   2.1746746746746748E+01   1.0054986820519136E+00  -6.5734683423938378E-01
   2.1796796796796798E+01   1.1323619560353950E+00  -6.5273790316169455E-01
   2.1846846846846848E+01   1.2532508788932699E+00  -6.5294473046024848E-01
   2.1896896896896898E+01   1.3642281674951768E+00  -6.5614957269798235E-01
   2.1946946946946948E+01   1.4622139645690275E+00  -6.6102217106834149E-01
   2.1996996996996998E+01   1.5449533232839310E+00  -6.6653307519688532E-01
   2.2047047047047048E+01   1.6110852135373044E+00  -6.7184443229805202E-01
   2.2097097097097098E+01   1.6602423084792333E+00  -6.7625408311368507E-01
   2.2147147147147152E+01   1.6931227507133280E+00  -6.7917890199916708E-01
   2.2197197197197198E+01   1.7114716186389123E+00  -6.8016998503774506E-01
   2.2247247247247248E+01   1.7179041768835555E+00  -6.7895254140452921E-01
   2.2297297297297298E+01   1.7155169385247535E+00  -6.7547615758777435E-01
   2.2347347347347348E+01   1.7072912618191662E+00  -6.6994904791208587E-01
   2.2397397397397398E+01   1.6954024767579932E+00  -6.6282274668754804E-01
   2.2447447447447448E+01   1.6806582011771527E+00  -6.5470556731592056E-01
   2.2497497497497498E+01   1.6623096261541712E+00  -6.4621747613575353E-01
   2.2547547547547552E+01   1.6383497795449486E+00  -6.3783490760844097E-01
   2.2597597597597602E+01   1.6061940123280458E+00  -6.2978065796904781E-01
   2.2647647647647648E+01   1.5634787671243038E+00  -6.2198510971777077E-01
   2.2697697697697699E+01   1.5087119927533026E+00  -6.1410653099585155E-01
   2.2747747747747749E+01   1.4416304557316950E+00  -6.0557748085482610E-01
   2.2797797797797799E+01   1.3632654821972423E+00  -5.9564608571367128E-01
   2.2847847847847849E+01   1.2758166893703036E+00  -5.8339373463588562E-01
   2.2897897897897899E+01   1.1824697748463235E+00  -5.6772504254215550E-01
   2.2947947947947949E+01   1.0872886127216694E+00  -5.4734361937720888E-01
   2.2997997997998002E+01   9.9527523203551727E-01  -5.2076323549481218E-01
   2.3048048048048052E+01   9.1259763088465662E-01  -4.8648134209426064E-01
   2.3098098098098099E+01   8.4676245630972025E-01  -4.4354928216175049E-01
   2.3148148148148149E+01   8.0612897658132243E-01  -3.9271368971296000E-01
   2.3198198198198199E+01   7.9801292607663499E-01  -3.3759919568276120E-01
   2.3248248248248249E+01   8.2571936021868142E-01  -2.8431403895575802E-01
   2.3298298298298299E+01   8.8680011784637880E-01  -2.3879726209686217E-01
   2.3348348348348349E+01   9.7427565519836989E-01  -2.0428398001453077E-01
   2.3398398398398399E+01   1.0794066971554175E+00  -1.8109970898821101E-01
   2.3448448448448453E+01   1.1937642965571218E+00  -1.6792770639760221E-01
   2.3498498498498503E+01   1.3100558716633399E+00  -1.6296318502328955E-01
   2.3548548548548553E+01   1.4222371464966559E+00  -1.6448593407247758E-01
   2.3598598598598599E+01   1.5253997510611874E+00  -1.7103579781817055E-01
   2.3648648648648649E+01   1.6156452944427611E+00  -1.8141592557607228E-01
   2.3698698698698699E+01   1.6899977340840280E+00  -1.9464384386349676E-01
   2.3748748748748749E+01   1.7463507833295746E+00  -2.0989740868240672E-01
   2.3798798798798799E+01   1.7834349615194165E+00  -2.2646981520447387E-01
   2.3848848848848853E+01   1.8007890402969693E+00  -2.4373584681335339E-01
   2.3898898898898903E+01   1.7987230253722282E+00  -2.6112802997210111E-01
   2.3948948948948953E+01   1.7782621981187998E+00  -2.7812080657007732E-01
   2.3998998998999003E+01   1.7410641065702477E+00  -2.9422106337091108E-01
   2.4049049049049049E+01   1.6893033798604704E+00  -3.0896348513953187E-01
   2.4099099099099099E+01   1.6255240204350263E+00  -3.2190878818343799E-01
   2.4149149149149149E+01   1.5524670447722326E+00  -3.3264175217082648E-01
   2.4199199199199199E+01   1.4728942224229771E+00  -3.4076433986414445E-01
   2.4249249249249250E+01   1.3894450240256035E+00  -3.4587817499146689E-01
   2.4299299299299303E+01   1.3045778289750023E+00  -3.4755255231032695E-01
   2.4349349349349353E+01   1.2206468275414684E+00  -3.4528232110050522E-01
   2.4399399399399403E+01   1.1401397075896684E+00  -3.3845770918360263E-01
   2.4449449449449453E+01   1.0660383459512199E+00  -3.2639633605498936E-01
   2.4499499499499500E+01   1.0021625342040588E+00  -3.0851783340855160E-01
   2.4549549549549550E+01   9.5322871256004671E-01  -2.8473570985275570E-01
   2.4599599599599600E+01   9.2427937347472566E-01  -2.5601059692310923E-01
   2.4649649649649650E+01   9.1932786256052823E-01  -2.2470454841419113E-01
   2.4699699699699703E+01   9.3969345051087294E-01  -1.9419603624147536E-01
   2.4749749749749753E+01   9.8310103181549024E-01  -1.6772522159353964E-01
   2.4799799799799803E+01   1.0442196336146787E+00  -1.4729379183109473E-01
   2.4849849849849853E+01   1.1161530293637414E+00  -1.3337845938010590E-01
   2.4899899899899903E+01   1.1919080971889180E+00  -1.2534181687941523E-01
   2.4949949949949954E+01   1.2653353880600819E+00  -1.2200165231937347E-01
   2.5000000000000000E+01   1.3315729067929727E+00  -1.2203979767567631E-01
   2.5050050050050050E+01   1.3871872484328649E+00  -1.2421571987099597E-01
   2.5100100100100100E+01   1.4301508674865109E+00  -1.2745518838676204E-01
   2.5150150150150154E+01   1.4597126825233879E+00  -1.3087998303422432E-01
   2.5200200200200204E+01   1.4761749118962129E+00  -1.3381536697618482E-01
   2.5250250250250254E+01   1.4805821043534140E+00  -1.3578841041368481E-01
   2.5300300300300304E+01   1.4743468601247043E+00  -1.3651592729224704E-01
   2.5350350350350354E+01   1.4588676108302228E+00  -1.3587430879950549E-01
   2.5400400400400404E+01   1.4352206587159217E+00  -1.3384420377838641E-01
   2.5450450450450450E+01   1.4040135849798656E+00  -1.3042981966734421E-01
   2.5500500500500500E+01   1.3654598333683976E+00  -1.2556232940368453E-01
   2.5550550550550550E+01   1.3196810620576016E+00  -1.1900476427056514E-01
   2.5600600600600604E+01   1.2671849843859377E+00  -1.1027974930930833E-01
   2.5650650650650654E+01   1.2094201215212208E+00  -9.8645266906485937E-02
   2.5700700700700704E+01   1.1492752950091862E+00  -8.3154758975310036E-02
   2.5750750750750754E+01   1.0913520392069418E+00  -6.2857213657049715E-02
   2.5800800800800804E+01   1.0417790824397455E+00  -3.7193559882426133E-02
   2.5850850850850854E+01   1.0073139617416089E+00  -6.5508535315960854E-03
   2.5900900900900901E+01   9.9367996808889014E-01   2.7318642301971154E-02
   2.5950950950950951E+01   1.0036891328586255E+00   6.1512015263587787E-02
   2.6001001001001004E+01   1.0362808890817394E+00   9.2963116600996237E-02
   2.6051051051051054E+01   1.0871951744870489E+00   1.1953969026553708E-01
   2.6101101101101108E+01   1.1507299350431908E+00   1.4046068144642446E-01
   2.6151151151151154E+01   1.2214078568845277E+00   1.5599637117618856E-01
   2.6201201201201201E+01   1.2948795891378164E+00   1.6693198175817514E-01
   2.6251251251251254E+01   1.3680848473517673E+00   1.7415390767262379E-01
   2.6301301301301301E+01   1.4389722518344046E+00   1.7843913058455374E-01
   2.6351351351351354E+01   1.5060582096290531E+00   1.8039561589578670E-01
   2.6401401401401401E+01   1.5680111643238195E+00   1.8048576874334418E-01
   2.6451451451451454E+01   1.6233666474313169E+00   1.7908422717383360E-01
   2.6501501501501505E+01   1.6704171560819603E+00   1.7654042478534532E-01
   2.6551551551551558E+01   1.7072731730808168E+00   1.7323008201542581E-01
   2.6601601601601605E+01   1.7320578814704897E+00   1.6958955039524612E-01
   2.6651651651651651E+01   1.7431808458613649E+00   1.6613345548202896E-01
   2.6701701701701705E+01   1.7396344563665846E+00   1.6345922759477610E-01
   2.6751751751751751E+01   1.7212662646647960E+00   1.6224202835919560E-01
   2.6801801801801805E+01   1.6889936616312737E+00   1.6322099012086713E-01
   2.6851851851851851E+01   1.6449388817850812E+00   1.6717343688641678E-01
   2.6901901901901905E+01   1.5924681552719175E+00   1.7486855910121621E-01
   2.6951951951951955E+01   1.5361157261837999E+00   1.8698709329481886E-01
   2.7002002002002008E+01   1.4813590435064179E+00   2.0399278646394209E-01
   2.7052052052052055E+01   1.4341907449262774E+00   2.2595416228917281E-01
   2.7102102102102101E+01   1.4004323970294326E+00   2.5235397571968354E-01
   2.7152152152152155E+01   1.3848064523518842E+00   2.8198489862825443E-01
   2.7202202202202201E+01   1.3899563949296534E+00   3.1305922536109954E-01
   2.7252252252252255E+01   1.4157823358078960E+00   3.4357284539796934E-01
   2.7302302302302305E+01   1.4594201352517162E+00   3.7177843785422199E-01
   2.7352352352352355E+01   1.5158714161807383E+00   3.9652641422114016E-01
   2.7402402402402405E+01   1.5789639585853243E+00   4.1734512933417905E-01
   2.7452452452452459E+01   1.6422723625511020E+00   4.3431769183828989E-01
   2.7502502502502505E+01   1.6998067021126204E+00   4.4788909706263424E-01
   2.7552552552552552E+01   1.7464580779442342E+00   4.5869832433083230E-01
   2.7602602602602605E+01   1.7782642396583725E+00   4.6746563300985439E-01
   2.7652652652652652E+01   1.7925516543295752E+00   4.7492775593107539E-01
   2.7702702702702705E+01   1.7879795632144324E+00   4.8180372511887293E-01
   2.7752752752752755E+01   1.7644899926697430E+00   4.8877724167541708E-01
   2.7802802802802805E+01   1.7231644067850806E+00   4.9648779497486001E-01
   2.7852852852852855E+01   1.6659998887538474E+00   5.0552824649589556E-01
   2.7902902902902909E+01   1.5956390431919092E+00   5.1645038417359634E-01
   2.7952952952952955E+01   1.5151105310743194E+00   5.2978137441575135E-01
   2.8003003003003002E+01   1.4276501787412283E+00   5.4605139028492644E-01
   2.8053053053053056E+01   1.3366602137571493E+00   5.6582346743207568E-01
   2.8103103103103102E+01   1.2458120579122862E+00   5.8969951658116082E-01
   2.8153153153153156E+01   1.1592062361501694E+00   6.1825511743298911E-01
   2.8203203203203206E+01   1.0813973893512057E+00   6.5184615056499096E-01
   2.8253253253253259E+01   1.0170347744106591E+00   6.9027071189626199E-01
   2.8303303303303306E+01   9.6996631749927542E-01   7.3240677837061663E-01
   2.8353353353353359E+01   9.4200726401148727E-01   7.7613076879887910E-01
   2.8403403403403406E+01   9.3203889458517419E-01   8.1878946910541861E-01
   2.8453453453453452E+01   9.3614055919325512E-01   8.5805553436760484E-01
   2.8503503503503506E+01   9.4877399111071892E-01   8.9258886884633915E-01
   2.8553553553553552E+01   9.6430369923713588E-01   9.2213470445392354E-01
   2.8603603603603606E+01   9.7812122942356361E-01   9.4720281511077276E-01
   2.8653653653653656E+01   9.8712492355061709E-01   9.6866117974065047E-01
   2.8703703703703709E+01   9.8968742017600519E-01   9.8743938021761013E-01
   2.8753753753753756E+01   9.8534715498810166E-01  -9.9562568862111389E-01
   2.8803803803803810E+01   9.7441967613121827E-01  -9.7983728032875106E-01
   2.8853853853853856E+01   9.5765682875738889E-01  -9.6462151144429586E-01
   2.8903903903903910E+01   9.3602337508949107E-01  -9.4947766358374308E-01
   2.8953953953953956E+01   9.1061317635536521E-01  -9.3392074053061025E-01
   2.9004004004004003E+01   8.8268866100357202E-01  -9.1743791116260931E-01
   2.9054054054054056E+01   8.5379802985817121E-01  -8.9948031223888736E-01
   2.9104104104104106E+01   8.2590395315050180E-01  -8.7951189693609011E-01
   2.9154154154154160E+01   8.0144357986527071E-01  -8.5713210065115486E-01
   2.9204204204204206E+01   7.8323539591672831E-01  -8.3226703734147789E-01
   2.9254254254254260E+01   7.7417160277532016E-01  -8.0537186695696306E-01
   2.9304304304304306E+01   7.7671505964479015E-01  -7.7752027809948110E-01
   2.9354354354354360E+01   7.9235518420586437E-01  -7.5025145621971312E-01
   2.9404404404404406E+01   8.2127278164951467E-01  -7.2517800222350370E-01
   2.9454454454454456E+01   8.6238803510122974E-01  -7.0355067631455948E-01
   2.9504504504504506E+01   9.1374256143128507E-01  -6.8601379608086310E-01
   2.9554554554554556E+01   9.7299804387047018E-01  -6.7262167624835933E-01
   2.9604604604604610E+01   1.0378467945295562E+00  -6.6301653308172315E-01
   2.9654654654654657E+01   1.1062470027241187E+00  -6.5663414356723093E-01
   2.9704704704704710E+01   1.1764934324259670E+00  -6.5286135105150944E-01
   2.9754754754754757E+01   1.2471730464184223E+00  -6.5112927765682105E-01
   2.9804804804804810E+01   1.3170563033810831E+00  -6.5095453080264976E-01
   2.9854854854854857E+01   1.3849653307036711E+00  -6.5194611747793818E-01
   2.9904904904904907E+01   1.4496515883747632E+00  -6.5379250309557624E-01
   2.9954954954954957E+01   1.5097091844703623E+00  -6.5623891460058092E-01
   3.0005005005005007E+01   1.5635433786641193E+00  -6.5906173990637773E-01
   3.0055055055055060E+01   1.6094051478419777E+00  -6.6204460711326141E-01
   3.0105105105105107E+01   1.6454918572633321E+00  -6.6495894591973104E-01
   3.0155155155155160E+01   1.6701025763079278E+00  -6.6755031327905379E-01
   3.0205205205205207E+01   1.6818267223367747E+00  -6.6953056212834394E-01
   3.0255255255255260E+01   1.6797386829350169E+00  -6.7057520556377348E-01
   3.0305305305305307E+01   1.6635700728399410E+00  -6.7032519506695087E-01
   3.0355355355355357E+01   1.6338351505579585E+00  -6.6839282115061804E-01
   3.0405405405405407E+01   1.5918920821027118E+00  -6.6437252802461511E-01
   3.0455455455455457E+01   1.5399306492097891E+00  -6.5785901390073898E-01
   3.0505505505505511E+01   1.4808829222760238E+00  -6.4847675352234346E-01
   3.0555555555555557E+01   1.4182556363281809E+00  -6.3592612619538003E-01
   3.0605605605605611E+01   1.3558824672538918E+00  -6.2004966623420088E-01
   3.0655655655655657E+01   1.2975963088679754E+00  -6.0091453755288160E-01
   3.0705705705705711E+01   1.2468351173379657E+00  -5.7889226096645019E-01
   3.0755755755755757E+01   1.2062270737086827E+00  -5.5469866693973591E-01
   3.0805805805805807E+01   1.1772438842632718E+00  -5.2935191217747912E-01
   3.0855855855855861E+01   1.1600327321803732E+00  -5.0403274300756440E-01
   3.0905905905905907E+01   1.1534994921156045E+00  -4.7988427504871467E-01
   3.0955955955955961E+01   1.1556210265782543E+00  -4.5782840096316946E-01
   3.1006006006006007E+01   1.1638736874601088E+00  -4.3846460645327129E-01
   3.1056056056056061E+01   1.1756420256142452E+00  -4.2206566765960302E-01
   3.1106106106106107E+01   1.1885181443604824E+00  -4.0863921887345644E-01
   3.1156156156156161E+01   1.2004696460559983E+00  -3.9801182416116287E-01
   3.1206206206206208E+01   1.2099001712190567E+00  -3.8990498777791621E-01
   3.1256256256256258E+01   1.2156415270962808E+00  -3.8399070174051714E-01
   3.1306306306306311E+01   1.2169115562735986E+00  -3.7992636130869539E-01
   3.1356356356356358E+01   1.2132604584241271E+00  -3.7737392617309912E-01
   3.1406406406406411E+01   1.2045177953984327E+00  -3.7600882964520654E-01
   3.1456456456456458E+01   1.1907452832186782E+00  -3.7552300088919455E-01
   3.1506506506506511E+01   1.1721965241285848E+00  -3.7562494849422595E-01
   3.1556556556556558E+01   1.1492830856598291E+00  -3.7603873050427106E-01
   3.1606606606606611E+01   1.1225458223127622E+00  -3.7650292075636527E-01
   3.1656656656656658E+01   1.0926303303777285E+00  -3.7677031556240070E-01
   3.1706706706706711E+01   1.0602654637536519E+00  -3.7660900328601182E-01
   3.1756756756756761E+01   1.0262436878684806E+00  -3.7580542684688645E-01
   3.1806806806806808E+01   9.9140167863723816E-01  -3.7417007835087546E-01
   3.1856856856856862E+01   9.5659912144928472E-01  -3.7154632729731341E-01
   3.1906906906906908E+01   9.2269340407578238E-01  -3.6782243453808805E-01
   3.1956956956956962E+01   8.9050818208083549E-01  -3.6294590724420855E-01
   3.2007007007007012E+01   8.6079496736162109E-01  -3.5693800401765552E-01
   3.2057057057057065E+01   8.3418910941211843E-01  -3.4990469345313546E-01
   3.2107107107107112E+01   8.1116454385136827E-01  -3.4203939178417964E-01
   3.2157157157157165E+01   7.9199459559505858E-01  -3.3361329613128476E-01
   3.2207207207207212E+01   7.7672754893705009E-01  -3.2495172292629043E-01
   3.2257257257257258E+01   7.6518434122761714E-01  -3.1639912031772871E-01
   3.2307307307307312E+01   7.5698137243311758E-01  -3.0827958754801732E-01
   3.2357357357357358E+01   7.5157544146620481E-01  -3.0086159235944931E-01
   3.2407407407407412E+01   7.4832266487777910E-01  -2.9433404518046868E-01
   3.2457457457457458E+01   7.4654093580053948E-01  -2.8879687024845624E-01
   3.2507507507507512E+01   7.4556648446496587E-01  -2.8426487179048776E-01
   3.2557557557557558E+01   7.4479829609891579E-01  -2.8068087700639183E-01
   3.2607607607607612E+01   7.4372785416041687E-01  -2.7793340853067389E-01
   3.2657657657657658E+01   7.4195465623429158E-01  -2.7587494211203717E-01
   3.2707707707707705E+01   7.3918973266402166E-01  -2.7433821782444290E-01
   3.2757757757757759E+01   7.3525011951867358E-01  -2.7314939428530932E-01
   3.2807807807807812E+01   7.3004727338346620E-01  -2.7213775897939579E-01
   3.2857857857857866E+01   7.2357211864972071E-01  -2.7114222284801642E-01
   3.2907907907907912E+01   7.1587901224698691E-01  -2.7001505583516666E-01
   3.2957957957957966E+01   7.0707048959337970E-01  -2.6862340178590299E-01
   3.3008008008008012E+01   6.9728422425805214E-01  -2.6684914948460042E-01
   3.3058058058058066E+01   6.8668315871258334E-01  -2.6458778494080354E-01
   3.3108108108108112E+01   6.7544921386361878E-01  -2.6174691540902867E-01
   3.3158158158158159E+01   6.6378036304270371E-01  -2.5824521022507885E-01
   3.3208208208208212E+01   6.5189021165870153E-01  -2.5401249857819985E-01
   3.3258258258258259E+01   6.4000865167006904E-01  -2.4899164543066946E-01
   3.3308308308308312E+01   6.2838178197327643E-01  -2.4314254953949818E-01
   3.3358358358358359E+01   6.1726922182434518E-01  -2.3644815373923136E-01
   3.3408408408408413E+01   6.0693728189103124E-01  -2.2892175448593305E-01
   3.3458458458458459E+01   5.9764722020241090E-01  -2.2061424014005357E-01
   3.3508508508508513E+01   5.8963892774968973E-01  -2.1161935421387829E-01
   3.3558558558558559E+01   5.8311167118382234E-01  -2.0207491595506999E-01
   3.3608608608608613E+01   5.7820465916119912E-01  -1.9215836630767194E-01
   3.3658658658658659E+01   5.7498082437643283E-01  -1.8207611247786706E-01
   3.3708708708708713E+01   5.7341702635756120E-01  -1.7204769328220096E-01
   3.3758758758758766E+01   5.7340281845113517E-01  -1.6228726134372415E-01
   3.3808808808808813E+01   5.7474825357804715E-01  -1.5298568116611647E-01
   3.3858858858858866E+01   5.7719944775606946E-01  -1.4429633277718393E-01
   3.3908908908908913E+01   5.8045931811504670E-01  -1.3632661054939788E-01
   3.3958958958958966E+01   5.8421037545121879E-01  -1.2913561623451053E-01
   3.4009009009009013E+01   5.8813666308127222E-01  -1.2273723693937540E-01
   3.4059059059059059E+01   5.9194263322405405E-01  -1.1710702852809717E-01
   3.4109109109109113E+01   5.9536761627992663E-01  -1.1219113776482345E-01
   3.4159159159159159E+01   5.9819532974153322E-01  -1.0791572122899545E-01
   3.4209209209209213E+01   6.0025849055358149E-01  -1.0419572667716206E-01
   3.4259259259259260E+01   6.0143903965731016E-01  -1.0094231929444990E-01
   3.4309309309309313E+01   6.0166480253128596E-01  -9.8068577697861592E-02
   3.4359359359359360E+01   6.0090362637065142E-01  -9.5493340481903971E-02
   3.4409409409409413E+01   5.9915615392679133E-01  -9.3143275696812924E-02
   3.4459459459459460E+01   5.9644839409907868E-01  -9.0953398205160282E-02
   3.4509509509509513E+01   5.9282510873325767E-01  -8.8866385191589389E-02
   3.4559559559559560E+01   5.8834475567328759E-01  -8.6831133939552121E-02
   3.4609609609609613E+01   5.8307634634984762E-01  -8.4801054695735220E-02
   3.4659659659659667E+01   5.7709815797965858E-01  -8.2732582131119614E-02
   3.4709709709709713E+01   5.7049786344873998E-01  -8.0584317597428609E-02
   3.4759759759759767E+01   5.6337337375947627E-01  -7.8317088801971052E-02
   3.4809809809809813E+01   5.5583356961833874E-01  -7.5895050421409108E-02
   3.4859859859859867E+01   5.4799813918582196E-01  -7.3287768810291129E-02
   3.4909909909909913E+01   5.3999591936795921E-01  -7.0473055699185189E-02
   3.4959959959959967E+01   5.3196142155916515E-01  -6.7440157288439412E-02
   3.5010010010010014E+01   5.2402956394794298E-01  -6.4192784979715659E-02
   3.5060060060060060E+01   5.1632898219657586E-01  -6.0751414508971820E-02
   3.5110110110110114E+01   5.0897459722993077E-01  -5.7154306585711953E-02
   3.5160160160160160E+01   5.0206033137404560E-01  -5.3456834251091240E-02
   3.5210210210210214E+01   4.9565293624073881E-01  -4.9728941031777621E-02
   3.5260260260260260E+01   4.8978779921382071E-01  -4.6050868594462627E-02
   3.5310310310310314E+01   4.8446733351814170E-01  -4.2507617605954846E-02
   3.5360360360360360E+01   4.7966217321627119E-01  -3.9182856318082465E-02
   3.5410410410410414E+01   4.7531496788729566E-01  -3.6153094473622964E-02
   3.5460460460460467E+01   4.7134619587243876E-01  -3.3482864109538768E-02
   3.5510510510510514E+01   4.6766116961718474E-01  -3.1221419199087264E-02
   3.5560560560560567E+01   4.6415733336617232E-01  -2.9401154295201338E-02
   3.5610610610610614E+01   4.6073104645054569E-01  -2.8037635846163315E-02
   3.5660660660660668E+01   4.5728325983058499E-01  -2.7130909653684351E-02
   3.5710710710710714E+01   4.5372376520680346E-01  -2.6667629235271696E-02
   3.5760760760760768E+01   4.4997396213067326E-01  -2.6623540818706517E-02
   3.5810810810810814E+01   4.4596830235721074E-01  -2.6965934280786471E-02
   3.5860860860860868E+01   4.4165470716569111E-01  -2.7655788831557428E-02
   3.5910910910910914E+01   4.3699430795807759E-01  -2.8649473559595000E-02
   3.5960960960960961E+01   4.3196084385222594E-01  -2.9899981076300555E-02
   3.6011011011011014E+01   4.2653998201699306E-01  -3.1357762906879132E-02
   3.6061061061061061E+01   4.2072873031530766E-01  -3.2971292513553324E-02
   3.6111111111111114E+01   4.1453500944478033E-01  -3.4687507011600664E-02
   3.6161161161161161E+01   4.0797736094924847E-01  -3.6452276877580951E-02
   3.6211211211211214E+01   4.0108470005778835E-01  -3.8211031177613895E-02
   3.6261261261261261E+01   3.9389598393066838E-01  -3.9909631032550436E-02
   3.6311311311311314E+01   3.8645965682500649E-01  -4.1495542004430105E-02
   3.6361361361361368E+01   3.7883275034215774E-01  -4.2919310952429651E-02
   3.6411411411411414E+01   3.7107955349175359E-01  -4.4136307212397780E-02
   3.6461461461461468E+01   3.6326981720288026E-01  -4.5108643386044624E-02
   3.6511511511511515E+01   3.5547651458470336E-01  -4.5807149456660458E-02
   3.6561561561561568E+01   3.4777323551366157E-01  -4.6213238472042568E-02
   3.6611611611611615E+01   3.4023134615854661E-01  -4.6320477552064976E-02
   3.6661661661661668E+01   3.3291708522129632E-01  -4.6135670919337124E-02
   3.6711711711711715E+01   3.2588879367833301E-01  -4.5679278595557225E-02
   3.6761761761761768E+01   3.1919447924836492E-01  -4.4985039695420087E-02
   3.6811811811811815E+01   3.1286989814714100E-01  -4.4098742235515478E-02
   3.6861861861861861E+01   3.0693729538893127E-01  -4.3076174424507709E-02
   3.6911911911911915E+01   3.0140488526674553E-01  -4.1980390924453881E-02
   3.6961961961961961E+01   2.9626708378836064E-01  -4.0878512804590837E-02
   3.7012012012012015E+01   2.9150543541431739E-01  -3.9838333975455650E-02
   3.7062062062062061E+01   2.8709011835339987E-01  -3.8925018428377936E-02
   3.7112112112112115E+01   2.8298187444005807E-01  -3.8198140556809888E-02
   3.7162162162162168E+01   2.7913419528308914E-01  -3.7709254702440395E-02
   3.7212212212212215E+01   2.7549560475506824E-01  -3.7500096495396915E-02
   3.7262262262262269E+01   2.7201190343054082E-01  -3.7601435834373177E-02
   3.7312312312312315E+01   2.6862827533778605E-01  -3.8032534183282639E-02
   3.7362362362362369E+01   2.6529119336989576E-01  -3.8801115275128084E-02
   3.7412412412412415E+01   2.6195009072048997E-01  -3.9903739328388942E-02
   3.7462462462462469E+01   2.5855878832431445E-01  -4.1326472290637302E-02
   3.7512512512512515E+01   2.5507668176652148E-01  -4.3045756677973390E-02
   3.7562562562562569E+01   2.5146969677252828E-01  -4.5029412405411098E-02
   3.7612612612612615E+01   2.4771102256661165E-01  -4.7237719139256840E-02
   3.7662662662662669E+01   2.4378162965218722E-01  -4.9624552634930028E-02
   3.7712712712712715E+01   2.3967057508908721E-01  -5.2138564502809806E-02
   3.7762762762762769E+01   2.3537509563461093E-01  -5.4724407336807578E-02
   3.7812812812812815E+01   2.3090048802321181E-01  -5.7324015233470180E-02
   3.7862862862862862E+01   2.2625977650512619E-01  -5.9877953675955713E-02
   3.7912912912912915E+01   2.2147317051857343E-01  -6.2326852714880726E-02
   3.7962962962962962E+01   2.1656731980002067E-01  -6.4612933330881334E-02
   3.8013013013013015E+01   2.1157437999138587E-01  -6.6681628671592677E-02
   3.8063063063063069E+01   2.0653090845168448E-01  -6.8483289383511420E-02
   3.8113113113113116E+01   2.0147661703321237E-01  -6.9974945555346030E-02
   3.8163163163163169E+01   1.9645301551511385E-01  -7.1122077303090198E-02
   3.8213213213213223E+01   1.9150198568888288E-01  -7.1900322857323673E-02
   3.8263263263263269E+01   1.8666433131999524E-01  -7.2297029167954455E-02
   3.8313313313313316E+01   1.8197835304001009E-01  -7.2312528639634388E-02
   3.8363363363363369E+01   1.7747849944337890E-01  -7.1961010907043696E-02
   3.8413413413413416E+01   1.7319414612575199E-01  -7.1270855622998786E-02
   3.8463463463463469E+01   1.6914855292957437E-01  -7.0284306126933149E-02
   3.8513513513513516E+01   1.6535804596543341E-01  -6.9056398279369297E-02
   3.8563563563563569E+01   1.6183146462912845E-01  -6.7653114311742951E-02
   3.8613613613613616E+01   1.5856990438666865E-01  -6.6148804282727305E-02
   3.8663663663663669E+01   1.5556677331721191E-01  -6.4622998503105142E-02
   3.8713713713713716E+01   1.5280816455694141E-01  -6.3156809773345479E-02
   3.8763763763763762E+01   1.5027352886511172E-01  -6.1829179778676052E-02
   3.8813813813813816E+01   1.4793661325218546E-01  -6.0713247385621900E-02
   3.8863863863863862E+01   1.4576661514066042E-01  -5.9873102079788139E-02
   3.8913913913913916E+01   1.4372948901698532E-01  -5.9361135913655792E-02
   3.8963963963963970E+01   1.4178933556632212E-01  -5.9216132354201652E-02
   3.9014014014014023E+01   1.3990980251027671E-01  -5.9462145272450535E-02
   3.9064064064064070E+01   1.3805543139779144E-01  -6.0108141390079757E-02
   3.9114114114114123E+01   1.3619289417944017E-01  -6.1148316821446766E-02
   3.9164164164164170E+01   1.3429207578970165E-01  -6.2562959407444912E-02
   3.9214214214214216E+01   1.3232697236871996E-01  -6.4319714058767546E-02
   3.9264264264264270E+01   1.3027638764435578E-01  -6.6375114603550306E-02
   3.9314314314314316E+01   1.2812442129953505E-01  -6.8676266541970593E-02
   3.9364364364364370E+01   1.2586075230762189E-01  -7.1162594028730583E-02
   3.9414414414414416E+01   1.2348072710618559E-01  -7.3767595578295944E-02
   3.9464464464464470E+01   1.2098526728233799E-01  -7.6420582187042632E-02
   3.9514514514514516E+01   1.1838061451048201E-01  -7.9048396157680861E-02
   3.9564564564564570E+01   1.1567793220280156E-01  -8.1577127550080689E-02
   3.9614614614614617E+01   1.1289278403982353E-01  -8.3933857327046904E-02
   3.9664664664664663E+01   1.1004450948644941E-01  -8.6048461662561845E-02
   3.9714714714714717E+01   1.0715551572910828E-01  -8.7855510137706636E-02
   3.9764764764764770E+01   1.0425050432290439E-01  -8.9296280847827647E-02
   3.9814814814814817E+01   1.0135564939329407E-01  -9.0320896506382753E-02
   3.9864864864864870E+01   9.8497742802217347E-02  -9.0890556029713812E-02
   3.9914914914914924E+01   9.5703320743786166E-02  -9.0979795004266686E-02
   3.9964964964964970E+01   9.2997786404968377E-02  -9.0578656906584384E-02
   4.0015015015015024E+01   9.0404545250942603E-02  -8.9694599427188548E-02
   4.0065065065065070E+01   8.7944173581635351E-02  -8.8353906054731840E-02
   4.0115115115115117E+01   8.5633647117125469E-02  -8.6602336757721984E-02
   4.0165165165165170E+01   8.3485663532116158E-02  -8.4504751175592765E-02
   4.0215215215215217E+01   8.1508099166194836E-02  -8.2143489959904017E-02
   4.0265265265265271E+01   7.9703642998781243E-02  -7.9615413032802146E-02
   4.0315315315315317E+01   7.8069647803463801E-02  -7.7027659831749390E-02
   4.0365365365365371E+01   7.6598227560961754E-02  -7.4492388779768534E-02
   4.0415415415415417E+01   7.5276611959410211E-02  -7.2120928380017962E-02
   4.0465465465465471E+01   7.4087745631289767E-02  -7.0017884423861781E-02
   4.0515515515515517E+01   7.3011095915383073E-02  -6.8275764208362066E-02
   4.0565565565565564E+01   7.2023613151799656E-02  -6.6970593335531806E-02
   4.0615615615615617E+01   7.1100775584901729E-02  -6.6158836851392219E-02
   4.0665665665665671E+01   7.0217648522309078E-02  -6.5875737489119304E-02
   4.0715715715715724E+01   6.9349893764563214E-02  -6.6134996750023337E-02
   4.0765765765765771E+01   6.8474677972008582E-02  -6.6929585233007738E-02
   4.0815815815815824E+01   6.7571444311326931E-02  -6.8233393322423633E-02
   4.0865865865865871E+01   6.6622527415241550E-02  -7.0003419538179637E-02
   4.0915915915915924E+01   6.5613605273067269E-02  -7.2182226592773180E-02
   4.0965965965965971E+01   6.4533992088207953E-02  -7.4700455101029933E-02
   4.1016016016016025E+01   6.3376783229000630E-02  -7.7479254384019272E-02
   4.1066066066066071E+01   6.2138867570994183E-02  -8.0432556399958943E-02
   4.1116116116116117E+01   6.0820824436749694E-02  -8.3469175643515719E-02
   4.1166166166166171E+01   5.9426722642055771E-02  -8.6494762524070540E-02
   4.1216216216216218E+01   5.7963838382315787E-02  -8.9413670693714184E-02
   4.1266266266266271E+01   5.6442307194346494E-02  -9.2130821553672207E-02
   4.1316316316316318E+01   5.4874723213858827E-02  -9.4553662906010361E-02
   4.1366366366366371E+01   5.3275696542453212E-02  -9.6594323259208914E-02
   4.1416416416416418E+01   5.1661376870077706E-02  -9.8172056430184368E-02
   4.1466466466466471E+01   5.0048948795662046E-02  -9.9216048318939057E-02
   4.1516516516516518E+01   4.8456101950290272E-02  -9.9668612716271185E-02
   4.1566566566566571E+01   4.6900477667822238E-02  -9.9488729055857830E-02
   4.1616616616616625E+01   4.5399094361229519E-02  -9.8655768223290988E-02
   4.1666666666666671E+01   4.3967756772749028E-02  -9.7173116589189062E-02
   4.1716716716716725E+01   4.2620460428046743E-02  -9.5071260460691170E-02
   4.1766766766766771E+01   4.1368811799168251E-02  -9.2409767911905250E-02
   4.1816816816816825E+01   4.0221495591786650E-02  -8.9277553197524867E-02
   4.1866866866866872E+01   3.9183830593651103E-02  -8.5790885216297325E-02
   4.1916916916916925E+01   3.8257461002189304E-02  -8.2088840488889508E-02
   4.1966966966966972E+01   3.7440227458819593E-02  -7.8326289876723645E-02
   4.2017017017017018E+01   3.6726249118475988E-02  -7.4664970144010495E-02
   4.2067067067067072E+01   3.6106225950049080E-02  -7.1263599149116577E-02
   4.2117117117117118E+01   3.5567943438469848E-02  -6.8268214682883244E-02
   4.2167167167167172E+01   3.5096936428029406E-02  -6.5803873567359242E-02
   4.2217217217217218E+01   3.4677251246197353E-02  -6.3968553823948796E-02
   4.2267267267267272E+01   3.4292239110640194E-02  -6.2829658231359511E-02
   4.2317317317317318E+01   3.3925319090032387E-02  -6.2423059923370029E-02
   4.2367367367367372E+01   3.3560662402556798E-02  -6.2754276591545879E-02
   4.2417417417417418E+01   3.3183767033756605E-02  -6.3801167953994944E-02
   4.2467467467467472E+01   3.2781908351299717E-02  -6.5517518282018253E-02
   4.2517517517517526E+01   3.2344464862849413E-02  -6.7836948408102171E-02
   4.2567567567567572E+01   3.1863127451784524E-02  -7.0676743941640002E-02
   4.2617617617617626E+01   3.1332005559698367E-02  -7.3941341104838243E-02
   4.2667667667667672E+01   3.0747645767695172E-02  -7.7525348918537129E-02
   4.2717717717717726E+01   3.0108978124130853E-02  -8.1316093812601201E-02
   4.2767767767767772E+01   2.9417204282268461E-02  -8.5195749670574569E-02
   4.2817817817817826E+01   2.8675639672882492E-02  -8.9043168848836368E-02
   4.2867867867867872E+01   2.7889519889018811E-02  -9.2735565741534839E-02
   4.2917917917917919E+01   2.7065779332357768E-02  -9.6150230808098827E-02
   4.2967967967967972E+01   2.6212807963844172E-02  -9.9166473508666309E-02
   4.3018018018018019E+01   2.5340189676355974E-02  -1.0166800690934580E-01
   4.3068068068068072E+01   2.4458423370795204E-02  -1.0354598897030599E-01
   4.3118118118118119E+01   2.3578625405947590E-02  -1.0470291334938767E-01
   4.3168168168168172E+01   2.2712210055266045E-02  -1.0505747684433824E-01
   4.3218218218218219E+01   2.1870543562460005E-02  -1.0455041773187686E-01
   4.3268268268268272E+01   2.1064568237345604E-02  -1.0315109814498291E-01
   4.3318318318318326E+01   2.0304396803892559E-02  -1.0086428991082556E-01
   4.3368368368368373E+01   1.9598884706670167E-02  -9.7736250265221314E-02
   4.3418418418418426E+01   1.8955199257383662E-02  -9.3858832700562000E-02
   4.3468468468468473E+01   1.8378417742344583E-02  -8.9370219764031020E-02
   4.3518518518518526E+01   1.7871198307995429E-02  -8.4451060642849560E-02
   4.3568568568568573E+01   1.7433572526035505E-02  -7.9315451317132080E-02
   4.3618618618618626E+01   1.7062902336091024E-02  -7.4197240599150338E-02
   4.3668668668668673E+01   1.6754024984444959E-02  -6.9333294193603096E-02
   4.3718718718718726E+01   1.6499581089850147E-02  -6.4946180751995972E-02
   4.3768768768768773E+01   1.6290491076678404E-02  -6.1228911448149174E-02
   4.3818818818818826E+01   1.6116523129578654E-02  -5.8333793682805668E-02
   4.3868868868868873E+01   1.5966887651436272E-02  -5.6366394305897981E-02
   4.3918918918918919E+01   1.5830799439974272E-02  -5.5384465244815675E-02
   4.3968968968968973E+01   1.5697964975560884E-02  -5.5400830907946244E-02
   4.4019019019019019E+01   1.5558971824352922E-02  -5.6388839316596634E-02
   4.4069069069069073E+01   1.5405574664555393E-02  -5.8288998559692579E-02
   4.4119119119119119E+01   1.5230884839737108E-02  -6.1015701799251712E-02
   4.4169169169169173E+01   1.5029477133691845E-02  -6.4463319577259884E-02
   4.4219219219219227E+01   1.4797429714626345E-02  -6.8511288187101615E-02
   4.4269269269269280E+01   1.4532312520780815E-02  -7.3028090512508262E-02
   4.4319319319319327E+01   1.4233137215877587E-02  -7.7874202079347879E-02
   4.4369369369369373E+01   1.3900279254146029E-02  -8.2904177205665147E-02
   4.4419419419419427E+01   1.3535380127131687E-02  -8.7968103766476485E-02
   4.4469469469469473E+01   1.3141235731073295E-02  -9.2912684545883764E-02
   4.4519519519519527E+01   1.2721674982234046E-02  -9.7582227268794952E-02
   4.4569569569569573E+01   1.2281431188129041E-02  -1.0181985640443771E-01
   4.4619619619619627E+01   1.1826007085197914E-02  -1.0546930277347379E-01
   4.4669669669669673E+01   1.1361532728175349E-02  -1.0837767816825533E-01
   4.4719719719719727E+01   1.0894613492271256E-02  -1.1039968555381451E-01
   4.4769769769769773E+01   1.0432163410814628E-02  -1.1140371706952475E-01
   4.4819819819819820E+01   9.9812172618784674E-03  -1.1128019510541799E-01
   4.4869869869869873E+01   9.5487139566021641E-03  -1.0995223743791414E-01
   4.4919919919919920E+01   9.1412450245678054E-03  -1.0738819404474555E-01
   4.4969969969969974E+01   8.7647667849123333E-03  -1.0361477678448125E-01
   4.5020020020020020E+01   8.4242843158943877E-03  -9.8728483822507651E-02
   4.5070070070070074E+01   8.1235294107734075E-03  -9.2902132057254963E-02
   4.5120120120120127E+01   7.8646704767485337E-03  -8.6383098991205248E-02
   4.5170170170170181E+01   7.6481037463255767E-03  -7.9480900060903359E-02
   4.5220220220220227E+01   7.4723746830836985E-03  -7.2544135592387329E-02
   4.5270270270270274E+01   7.3342613084412993E-03  -6.5929984302948053E-02
   4.5320320320320327E+01   7.2290199243329875E-03  -5.9971951183646038E-02
   4.5370370370370374E+01   7.1507589842598595E-03  -5.4952200895486206E-02
   4.5420420420420427E+01   7.0928821680794809E-03  -5.1083182707733224E-02
   4.5470470470470474E+01   7.0485355862848270E-03  -4.8500249327397847E-02
   4.5520520520520527E+01   7.0110057331998514E-03  -4.7264030986139620E-02
   4.5570570570570574E+01   6.9740363709727120E-03  -4.7369528648931521E-02
   4.5620620620620628E+01   6.9320545408478032E-03  -4.8758489978657130E-02
   4.5670670670670674E+01   6.8803121373081375E-03  -5.1332230909385920E-02
   4.5720720720720720E+01   6.8149581393451989E-03  -5.4963068744094158E-02
   4.5770770770770774E+01   6.7330589565681278E-03  -5.9503485520268837E-02
   4.5820820820820821E+01   6.6325828312575582E-03  -6.4792831246315005E-02
   4.5870870870870874E+01   6.5123610331590158E-03  -7.0661780341554056E-02
   4.5920920920920928E+01   6.3720351400972817E-03  -7.6934937249591343E-02
   4.5970970970970974E+01   6.2119967373795177E-03  -8.3432035267634097E-02
   4.6021021021021028E+01   6.0333236119027214E-03  -8.9968159254690330E-02
   4.6071071071071081E+01   5.8377149029100791E-03  -9.6353399455371205E-02
   4.6121121121121128E+01   5.6274265163586664E-03  -1.0239234343944523E-01
   4.6171171171171174E+01   5.4052071907544361E-03  -1.0788385732011380E-01
   4.6221221221221228E+01   5.1742346948796918E-03  -1.1262170901063687E-01
   4.6271271271271274E+01   4.9380505336562757E-03  -1.1639674882349445E-01
   4.6321321321321328E+01   4.7004900667843913E-03  -1.1900157083222604E-01
   4.6371371371371374E+01   4.4656030286821160E-03  -1.2023877731978083E-01
   4.6421421421421428E+01   4.2375572173999664E-03  -1.1993403180908219E-01
   4.6471471471471475E+01   4.0205161660043847E-03  -1.1795478174371987E-01
   4.6521521521521528E+01   3.8184811955392925E-03  -1.1423452594603528E-01
   4.6571571571571575E+01   3.6350914735398480E-03  -1.0880047912305513E-01
   4.6621621621621621E+01   3.4733850040088166E-03  -1.0179948044263543E-01
   4.6671671671671675E+01   3.3355399412162688E-03  -9.3513895390531163E-02
   4.6721721721721721E+01   3.2226361738557810E-03  -8.4358080018013801E-02
   4.6771771771771775E+01   3.1344925984691479E-03  -7.4849077884271115E-02
   4.6821821821821828E+01   3.0696333978125754E-03  -6.5553204015196251E-02
   4.6871871871871882E+01   3.0254101281752036E-03  -5.7019933672103937E-02
   4.6921921921921928E+01   2.9982633268725552E-03  -4.9720305637649363E-02
   4.6971971971971982E+01   2.9840683513399171E-03  -4.4004924945554545E-02
   4.7022022022022028E+01   2.9784943920210336E-03  -4.0088091424234855E-02
   4.7072072072072082E+01   2.9773169029816584E-03  -3.8055100418569555E-02
   4.7122122122122128E+01   2.9766506375713017E-03  -3.7884146346294056E-02
   4.7172172172172175E+01   2.9730976016549243E-03  -3.9473595346698399E-02
   4.7222222222222229E+01   2.9638220829913725E-03  -4.2667859684029356E-02
   4.7272272272272275E+01   2.9465720600462542E-03  -4.7278333117907051E-02
   4.7322322322322329E+01   2.9196659381309242E-03  -5.3098385710236971E-02
   4.7372372372372375E+01   2.8819596802352430E-03  -5.9912880547511933E-02
   4.7422422422422429E+01   2.8328048082955511E-03  -6.7503264660008999E-02
   4.7472472472472475E+01   2.7720038388887982E-03  -7.5649353908226982E-02
   4.7522522522522529E+01   2.6997668935119087E-03  -8.4128765497743785E-02
   4.7572572572572575E+01   2.6154307554083051E-03  -9.2661918552219211E-02
   4.7622622622622629E+01   2.5188807536329193E-03  -1.0093952953633285E-01
   4.7672672672672675E+01   2.4117659263519046E-03  -1.0868161602687189E-01
   4.7722722722722729E+01   2.2961087956171870E-03  -1.1559470301733742E-01
   4.7772772772772782E+01   2.1742474175766176E-03  -1.2137117263913449E-01
   4.7822822822822829E+01   2.0487729621317687E-03  -1.2569185093474702E-01
   4.7872872872872883E+01   1.9224604213642937E-03  -1.2823411103244431E-01
   4.7922922922922929E+01   1.7981882022042870E-03  -1.2868856622060318E-01
   4.7972972972972983E+01   1.6788398626773422E-03  -1.2678783654221015E-01
   4.8023023023023029E+01   1.5671792222918077E-03  -1.2234991370613930E-01
   4.8073073073073076E+01   1.4656909659895377E-03  -1.1533480224126073E-01
   4.8123123123123129E+01   1.3763864874050693E-03  -1.0590511666783040E-01
   4.8173173173173176E+01   1.3005923485451185E-03  -9.4470408315485324E-02
   4.8223223223223229E+01   1.2387639924184930E-03  -8.1687710956940870E-02
   4.8273273273273276E+01   1.1903867990055827E-03  -6.8397738931709515E-02
   4.8323323323323329E+01   1.1540194385183363E-03  -5.5502102266300722E-02
   4.8373373373373376E+01   1.1274914827574937E-03  -4.3818904267171721E-02
   4.8423423423423429E+01   1.1082085038446022E-03  -3.3967206513559896E-02
   4.8473473473473476E+01   1.0934815053697043E-03  -2.6313431825753530E-02
   4.8523523523523529E+01   1.0808042734293595E-03  -2.0980148159679395E-02
   4.8573573573573576E+01   1.0680388496390660E-03  -1.7894334912178737E-02
   4.8623623623623629E+01   1.0535075841991530E-03  -1.6848104565338810E-02
   4.8673673673673683E+01   1.0360125192819493E-03  -1.7553362516990828E-02
   4.8723723723723730E+01   1.0148082730844924E-03  -1.9682641265089972E-02
   4.8773773773773783E+01   9.8955034735224252E-04  -2.2895724105363200E-02
   4.8823823823823830E+01   9.6023372025397691E-04  -2.6855024215494194E-02
   4.8873873873873883E+01   9.2713034698120990E-04  -3.1233420537686123E-02
   4.8923923923923930E+01   8.9072982645716013E-04  -3.5717830122243763E-02
   4.8973973973973976E+01   8.5168482219720931E-04  -4.0011099115719609E-02
   4.9024024024024030E+01   8.1076133082855087E-04  -4.3834195152832316E-02
   4.9074074074074076E+01   7.6879311217045872E-04  -4.6930254754179161E-02
   4.9124124124124130E+01   7.2663923509510479E-04  -4.9071695848407974E-02
   4.9174174174174176E+01   6.8514362491737190E-04  -5.0071175590968298E-02
   4.9224224224224230E+01   6.4509573008971442E-04  -4.9796436798646440E-02
   4.9274274274274276E+01   6.0719206136242545E-04  -4.8187843208906844E-02
   4.9324324324324330E+01   5.7199950646101680E-04  -4.5275629446169779E-02
   4.9374374374374376E+01   5.3992295265411431E-04  -4.1191968745819228E-02
   4.9424424424424430E+01   5.1118147918978452E-04  -3.6171841925397928E-02
   4.9474474474474484E+01   4.8579839423475504E-04  -3.0537661464052269E-02
   4.9524524524524530E+01   4.6360968109538883E-04  -2.4666421312371730E-02
   4.9574574574574584E+01   4.4429246953241289E-04  -1.8943932914646952E-02
   4.9624624624624630E+01   4.2741063546894518E-04  -1.3715794344417363E-02
   4.9674674674674684E+01   4.1247039334774328E-04  -9.2462057317799946E-03
   4.9724724724724730E+01   3.9897671981001844E-04  -5.6927147809227854E-03
   4.9774774774774784E+01   3.8648237594326985E-04  -3.0993671529161667E-03
   4.9824824824824830E+01   3.7462433882665851E-04  -1.4056608110344173E-03
   4.9874874874874884E+01   3.6314597227750075E-04  -4.6621722602245086E-04
   4.9924924924924930E+01   3.5190591485063986E-04  -7.6293460080736593E-05
   4.9974974974974977E+01   3.4087592608722143E-04   0.0000000000000000E+00
# pulse generated by run 1472803 (fbR0002)
