#   iter         1-F_avg
       0    5.988438E-01
       1    4.945353E-01
       2    4.278664E-01
       3    4.209886E-01
       4    4.204034E-01
       5    4.201000E-01
       6    4.197817E-01
       7    4.194813E-01
       8    4.192132E-01
       9    4.189782E-01
      10    4.187726E-01
      11    4.185926E-01
      12    4.184342E-01
      13    4.182941E-01
      14    4.181695E-01
      15    4.180580E-01
      16    4.179573E-01
      17    4.178659E-01
      18    4.177822E-01
      19    4.177048E-01
      20    4.176328E-01
      21    4.175653E-01
      22    4.175015E-01
      23    4.174407E-01
      24    4.173825E-01
      25    4.173263E-01
      26    4.172719E-01
      27    4.172189E-01
      28    4.171671E-01
      29    4.171163E-01
      30    4.170663E-01
      31    4.170170E-01
      32    4.169682E-01
      33    4.169200E-01
      34    4.168721E-01
      35    4.168246E-01
      36    4.167774E-01
      37    4.167305E-01
      38    4.166838E-01
      39    4.166374E-01
      40    4.165912E-01
      41    4.165451E-01
      42    4.164993E-01
      43    4.164536E-01
      44    4.164080E-01
      45    4.163627E-01
      46    4.163175E-01
      47    4.162724E-01
      48    4.162275E-01
      49    4.161828E-01
      50    4.161382E-01
      51    4.160937E-01
      52    4.160494E-01
      53    4.160052E-01
      54    4.159612E-01
      55    4.159173E-01
      56    4.158735E-01
      57    4.158299E-01
      58    4.157864E-01
      59    4.157430E-01
      60    4.156997E-01
      61    4.156566E-01
      62    4.156136E-01
      63    4.155707E-01
      64    4.155280E-01
      65    4.154853E-01
      66    4.154428E-01
      67    4.154004E-01
      68    4.153581E-01
      69    4.153159E-01
      70    4.152738E-01
      71    4.152318E-01
      72    4.151900E-01
      73    4.151482E-01
      74    4.151066E-01
      75    4.150651E-01
      76    4.150236E-01
      77    4.149823E-01
      78    4.149411E-01
      79    4.149000E-01
      80    4.148589E-01
      81    4.148180E-01
      82    4.147772E-01
      83    4.147365E-01
      84    4.146958E-01
      85    4.146553E-01
      86    4.146149E-01
      87    4.145746E-01
      88    4.145343E-01
      89    4.144942E-01
      90    4.144542E-01
      91    4.144142E-01
      92    4.143744E-01
      93    4.143346E-01
      94    4.142950E-01
      95    4.142554E-01
      96    4.142160E-01
      97    4.141766E-01
      98    4.141374E-01
      99    4.140982E-01
     100    4.140591E-01
     101    4.139820E-01
     102    4.139053E-01
     103    4.138291E-01
     104    4.137532E-01
     105    4.136777E-01
     106    4.136027E-01
     107    4.135280E-01
     108    4.134537E-01
     109    4.133797E-01
     110    4.133062E-01
     111    4.132330E-01
     112    4.131602E-01
     113    4.130878E-01
     114    4.130157E-01
     115    4.129440E-01
     116    4.128727E-01
     117    4.128017E-01
     118    4.127311E-01
     119    4.126609E-01
     120    4.125910E-01
     121    4.125215E-01
     122    4.124523E-01
     123    4.123835E-01
     124    4.123150E-01
     125    4.122469E-01
     126    4.121791E-01
     127    4.121117E-01
     128    4.120447E-01
     129    4.119779E-01
     130    4.119116E-01
     131    4.118455E-01
     132    4.117798E-01
     133    4.117145E-01
     134    4.116495E-01
     135    4.115848E-01
     136    4.115205E-01
     137    4.114565E-01
     138    4.113928E-01
     139    4.113295E-01
     140    4.112665E-01
     141    4.112038E-01
     142    4.111414E-01
     143    4.110794E-01
     144    4.110177E-01
     145    4.109563E-01
     146    4.108953E-01
     147    4.108345E-01
     148    4.107741E-01
     149    4.107140E-01
     150    4.106542E-01
     151    4.105947E-01
     152    4.105355E-01
     153    4.104767E-01
     154    4.104181E-01
     155    4.103599E-01
     156    4.103020E-01
     157    4.102443E-01
     158    4.101870E-01
     159    4.101300E-01
     160    4.100732E-01
     161    4.100168E-01
     162    4.099607E-01
     163    4.099048E-01
     164    4.098493E-01
     165    4.097940E-01
     166    4.097391E-01
     167    4.096844E-01
     168    4.096300E-01
     169    4.095759E-01
     170    4.095221E-01
     171    4.094685E-01
     172    4.094153E-01
     173    4.093623E-01
     174    4.093096E-01
     175    4.092572E-01
     176    4.092050E-01
     177    4.091531E-01
     178    4.091015E-01
     179    4.090502E-01
     180    4.089991E-01
     181    4.089483E-01
     182    4.088978E-01
     183    4.088475E-01
     184    4.087975E-01
     185    4.087478E-01
     186    4.086983E-01
     187    4.086490E-01
     188    4.086001E-01
     189    4.085514E-01
     190    4.085029E-01
     191    4.084547E-01
     192    4.084067E-01
     193    4.083590E-01
     194    4.083116E-01
     195    4.082644E-01
     196    4.082174E-01
     197    4.081707E-01
     198    4.081242E-01
     199    4.080780E-01
     200    4.080320E-01
     201    4.079863E-01
     202    4.079408E-01
     203    4.078955E-01
     204    4.078505E-01
     205    4.078057E-01
     206    4.077611E-01
     207    4.077168E-01
     208    4.076727E-01
     209    4.076288E-01
     210    4.075851E-01
     211    4.075417E-01
     212    4.074985E-01
     213    4.074555E-01
     214    4.074128E-01
     215    4.073703E-01
     216    4.073279E-01
     217    4.072859E-01
     218    4.072440E-01
     219    4.072023E-01
     220    4.071609E-01
     221    4.071197E-01
     222    4.070787E-01
     223    4.070379E-01
     224    4.069973E-01
     225    4.069569E-01
     226    4.069167E-01
     227    4.068768E-01
     228    4.068370E-01
     229    4.067975E-01
     230    4.067581E-01
     231    4.067190E-01
     232    4.066801E-01
     233    4.066413E-01
     234    4.066028E-01
     235    4.065645E-01
     236    4.065263E-01
     237    4.064884E-01
     238    4.064506E-01
     239    4.064131E-01
     240    4.063757E-01
     241    4.063385E-01
     242    4.063016E-01
     243    4.062648E-01
     244    4.062282E-01
     245    4.061917E-01
     246    4.061555E-01
     247    4.061195E-01
     248    4.060836E-01
     249    4.060480E-01
     250    4.060125E-01
     251    4.059772E-01
     252    4.059420E-01
     253    4.059071E-01
     254    4.058723E-01
     255    4.058377E-01
     256    4.058033E-01
     257    4.057691E-01
     258    4.057350E-01
     259    4.057011E-01
     260    4.056674E-01
     261    4.056339E-01
     262    4.056005E-01
     263    4.055673E-01
     264    4.055343E-01
     265    4.055014E-01
     266    4.054687E-01
     267    4.054362E-01
     268    4.054038E-01
     269    4.053716E-01
     270    4.053396E-01
     271    4.053077E-01
     272    4.052760E-01
     273    4.052444E-01
     274    4.052130E-01
     275    4.051818E-01
     276    4.051507E-01
     277    4.051198E-01
     278    4.050890E-01
     279    4.050584E-01
     280    4.050280E-01
     281    4.049977E-01
     282    4.049675E-01
     283    4.049375E-01
     284    4.049077E-01
     285    4.048780E-01
     286    4.048485E-01
     287    4.048191E-01
     288    4.047898E-01
     289    4.047607E-01
     290    4.047318E-01
     291    4.047030E-01
     292    4.046743E-01
     293    4.046458E-01
     294    4.046174E-01
     295    4.045892E-01
     296    4.045611E-01
     297    4.045331E-01
     298    4.045053E-01
     299    4.044776E-01
     300    4.044501E-01
     301    4.044227E-01
     302    4.043955E-01
     303    4.043683E-01
     304    4.043413E-01
     305    4.043145E-01
     306    4.042878E-01
     307    4.042612E-01
     308    4.042347E-01
     309    4.042084E-01
     310    4.041822E-01
     311    4.041562E-01
     312    4.041302E-01
     313    4.041044E-01
     314    4.040787E-01
     315    4.040532E-01
     316    4.040278E-01
     317    4.040025E-01
     318    4.039773E-01
     319    4.039523E-01
     320    4.039273E-01
     321    4.039025E-01
     322    4.038779E-01
     323    4.038533E-01
     324    4.038289E-01
     325    4.038045E-01
     326    4.037804E-01
     327    4.037563E-01
     328    4.037323E-01
     329    4.037085E-01
     330    4.036847E-01
     331    4.036611E-01
     332    4.036376E-01
     333    4.036143E-01
     334    4.035910E-01
     335    4.035678E-01
     336    4.035448E-01
     337    4.035219E-01
     338    4.034991E-01
     339    4.034764E-01
     340    4.034538E-01
     341    4.034313E-01
     342    4.034089E-01
     343    4.033867E-01
     344    4.033645E-01
     345    4.033424E-01
     346    4.033205E-01
     347    4.032987E-01
     348    4.032769E-01
     349    4.032553E-01
     350    4.032338E-01
     351    4.032124E-01
     352    4.031910E-01
     353    4.031698E-01
     354    4.031487E-01
     355    4.031277E-01
     356    4.031068E-01
     357    4.030860E-01
     358    4.030653E-01
     359    4.030447E-01
     360    4.030242E-01
     361    4.030037E-01
     362    4.029834E-01
     363    4.029632E-01
     364    4.029431E-01
     365    4.029230E-01
     366    4.029031E-01
     367    4.028833E-01
     368    4.028635E-01
     369    4.028439E-01
     370    4.028243E-01
     371    4.028048E-01
     372    4.027855E-01
     373    4.027662E-01
     374    4.027470E-01
     375    4.027279E-01
     376    4.027089E-01
     377    4.026900E-01
     378    4.026711E-01
     379    4.026524E-01
     380    4.026337E-01
     381    4.026151E-01
     382    4.025966E-01
     383    4.025782E-01
     384    4.025599E-01
     385    4.025417E-01
     386    4.025236E-01
     387    4.025055E-01
     388    4.024875E-01
     389    4.024696E-01
     390    4.024518E-01
     391    4.024341E-01
     392    4.024164E-01
     393    4.023989E-01
     394    4.023814E-01
     395    4.023640E-01
     396    4.023467E-01
     397    4.023294E-01
     398    4.023122E-01
     399    4.022952E-01
     400    4.022781E-01
     401    4.022612E-01
     402    4.022444E-01
     403    4.022276E-01
     404    4.022109E-01
     405    4.021942E-01
     406    4.021777E-01
     407    4.021612E-01
     408    4.021448E-01
     409    4.021285E-01
     410    4.021122E-01
     411    4.020960E-01
     412    4.020799E-01
     413    4.020639E-01
     414    4.020479E-01
     415    4.020320E-01
     416    4.020162E-01
     417    4.020004E-01
     418    4.019847E-01
     419    4.019691E-01
     420    4.019536E-01
     421    4.019381E-01
     422    4.019227E-01
     423    4.019073E-01
     424    4.018921E-01
     425    4.018768E-01
     426    4.018617E-01
     427    4.018466E-01
     428    4.018316E-01
     429    4.018167E-01
     430    4.018018E-01
     431    4.017870E-01
     432    4.017722E-01
     433    4.017575E-01
     434    4.017429E-01
     435    4.017283E-01
     436    4.017138E-01
     437    4.016994E-01
     438    4.016850E-01
     439    4.016707E-01
     440    4.016565E-01
     441    4.016423E-01
     442    4.016281E-01
     443    4.016141E-01
     444    4.016000E-01
     445    4.015861E-01
     446    4.015722E-01
     447    4.015584E-01
     448    4.015446E-01
     449    4.015309E-01
     450    4.015172E-01
     451    4.015036E-01
     452    4.014900E-01
     453    4.014765E-01
     454    4.014631E-01
     455    4.014497E-01
     456    4.014364E-01
     457    4.014231E-01
     458    4.014099E-01
     459    4.013967E-01
     460    4.013836E-01
     461    4.013706E-01
     462    4.013576E-01
     463    4.013446E-01
     464    4.013317E-01
     465    4.013189E-01
     466    4.013061E-01
     467    4.012933E-01
     468    4.012806E-01
     469    4.012680E-01
     470    4.012554E-01
     471    4.012428E-01
     472    4.012304E-01
     473    4.012179E-01
     474    4.012055E-01
     475    4.011932E-01
     476    4.011809E-01
     477    4.011686E-01
     478    4.011564E-01
     479    4.011443E-01
     480    4.011322E-01
     481    4.011201E-01
     482    4.011081E-01
     483    4.010961E-01
     484    4.010842E-01
     485    4.010723E-01
     486    4.010605E-01
     487    4.010487E-01
     488    4.010369E-01
     489    4.010252E-01
     490    4.010136E-01
     491    4.010020E-01
     492    4.009904E-01
     493    4.009789E-01
     494    4.009674E-01
     495    4.009560E-01
     496    4.009446E-01
     497    4.009332E-01
     498    4.009219E-01
     499    4.009106E-01
     500    4.008994E-01
     501    4.008882E-01
     502    4.008771E-01
     503    4.008659E-01
     504    4.008549E-01
     505    4.008438E-01
     506    4.008329E-01
     507    4.008219E-01
     508    4.008110E-01
     509    4.008001E-01
     510    4.007893E-01
     511    4.007785E-01
     512    4.007677E-01
     513    4.007570E-01
     514    4.007463E-01
     515    4.007357E-01
     516    4.007250E-01
     517    4.007145E-01
     518    4.007039E-01
     519    4.006934E-01
     520    4.006829E-01
     521    4.006725E-01
     522    4.006621E-01
     523    4.006517E-01
     524    4.006414E-01
     525    4.006311E-01
     526    4.006208E-01
     527    4.006106E-01
     528    4.006004E-01
     529    4.005903E-01
     530    4.005801E-01
     531    4.005700E-01
     532    4.005600E-01
     533    4.005499E-01
     534    4.005399E-01
     535    4.005299E-01
     536    4.005200E-01
     537    4.005101E-01
     538    4.005002E-01
     539    4.004904E-01
     540    4.004806E-01
     541    4.004708E-01
     542    4.004610E-01
     543    4.004513E-01
     544    4.004416E-01
     545    4.004319E-01
     546    4.004223E-01
     547    4.004127E-01
     548    4.004031E-01
     549    4.003935E-01
     550    4.003840E-01
     551    4.003745E-01
     552    4.003650E-01
     553    4.003556E-01
     554    4.003462E-01
     555    4.003368E-01
     556    4.003274E-01
     557    4.003181E-01
     558    4.003088E-01
     559    4.002995E-01
     560    4.002902E-01
     561    4.002810E-01
     562    4.002718E-01
     563    4.002626E-01
     564    4.002534E-01
     565    4.002443E-01
     566    4.002352E-01
     567    4.002261E-01
     568    4.002170E-01
     569    4.002080E-01
     570    4.001990E-01
     571    4.001900E-01
     572    4.001810E-01
     573    4.001721E-01
     574    4.001631E-01
     575    4.001542E-01
     576    4.001453E-01
     577    4.001365E-01
     578    4.001276E-01
     579    4.001188E-01
     580    4.001100E-01
     581    4.001013E-01
     582    4.000925E-01
     583    4.000838E-01
     584    4.000751E-01
     585    4.000664E-01
     586    4.000577E-01
     587    4.000490E-01
     588    4.000404E-01
     589    4.000318E-01
     590    4.000232E-01
     591    4.000146E-01
     592    4.000061E-01
     593    3.999975E-01
     594    3.999890E-01
     595    3.999805E-01
     596    3.999720E-01
     597    3.999636E-01
     598    3.999551E-01
     599    3.999467E-01
     600    3.999383E-01
     601    3.999299E-01
     602    3.999215E-01
     603    3.999131E-01
     604    3.999048E-01
     605    3.998964E-01
     606    3.998881E-01
     607    3.998798E-01
     608    3.998715E-01
     609    3.998633E-01
     610    3.998550E-01
     611    3.998468E-01
     612    3.998386E-01
     613    3.998303E-01
     614    3.998222E-01
     615    3.998140E-01
     616    3.998058E-01
     617    3.997977E-01
     618    3.997895E-01
     619    3.997814E-01
     620    3.997733E-01
     621    3.997652E-01
     622    3.997571E-01
     623    3.997490E-01
     624    3.997410E-01
     625    3.997329E-01
     626    3.997249E-01
     627    3.997169E-01
     628    3.997088E-01
     629    3.997008E-01
     630    3.996929E-01
     631    3.996849E-01
     632    3.996769E-01
     633    3.996690E-01
     634    3.996610E-01
     635    3.996531E-01
     636    3.996452E-01
     637    3.996372E-01
     638    3.996293E-01
     639    3.996214E-01
     640    3.996136E-01
     641    3.996057E-01
     642    3.995978E-01
     643    3.995900E-01
     644    3.995821E-01
     645    3.995743E-01
     646    3.995665E-01
     647    3.995586E-01
     648    3.995508E-01
     649    3.995430E-01
     650    3.995352E-01
     651    3.995274E-01
     652    3.995197E-01
     653    3.995119E-01
     654    3.995041E-01
     655    3.994964E-01
     656    3.994886E-01
     657    3.994809E-01
     658    3.994731E-01
     659    3.994654E-01
     660    3.994577E-01
     661    3.994500E-01
     662    3.994423E-01
     663    3.994346E-01
     664    3.994269E-01
     665    3.994192E-01
     666    3.994115E-01
     667    3.994038E-01
     668    3.993961E-01
     669    3.993884E-01
     670    3.993808E-01
     671    3.993731E-01
     672    3.993654E-01
     673    3.993578E-01
     674    3.993501E-01
     675    3.993425E-01
     676    3.993348E-01
     677    3.993272E-01
     678    3.993196E-01
     679    3.993119E-01
     680    3.993043E-01
     681    3.992967E-01
     682    3.992890E-01
     683    3.992814E-01
     684    3.992738E-01
     685    3.992662E-01
     686    3.992586E-01
     687    3.992509E-01
     688    3.992433E-01
     689    3.992357E-01
     690    3.992281E-01
     691    3.992205E-01
     692    3.992129E-01
     693    3.992053E-01
     694    3.991977E-01
     695    3.991901E-01
     696    3.991825E-01
     697    3.991749E-01
     698    3.991673E-01
     699    3.991597E-01
     700    3.991521E-01
     701    3.991445E-01
     702    3.991369E-01
     703    3.991293E-01
     704    3.991217E-01
     705    3.991140E-01
     706    3.991064E-01
     707    3.990988E-01
     708    3.990912E-01
     709    3.990836E-01
     710    3.990760E-01
     711    3.990684E-01
     712    3.990608E-01
     713    3.990532E-01
     714    3.990455E-01
     715    3.990379E-01
     716    3.990303E-01
     717    3.990227E-01
     718    3.990150E-01
     719    3.990074E-01
     720    3.989998E-01
     721    3.989921E-01
     722    3.989845E-01
     723    3.989769E-01
     724    3.989692E-01
     725    3.989616E-01
     726    3.989539E-01
     727    3.989462E-01
     728    3.989386E-01
     729    3.989309E-01
     730    3.989232E-01
     731    3.989156E-01
     732    3.989079E-01
     733    3.989002E-01
     734    3.988925E-01
     735    3.988848E-01
     736    3.988771E-01
     737    3.988694E-01
     738    3.988617E-01
     739    3.988539E-01
     740    3.988462E-01
     741    3.988385E-01
     742    3.988307E-01
     743    3.988230E-01
     744    3.988152E-01
     745    3.988075E-01
     746    3.987997E-01
     747    3.987919E-01
     748    3.987842E-01
     749    3.987764E-01
     750    3.987686E-01
     751    3.987608E-01
     752    3.987530E-01
     753    3.987452E-01
     754    3.987373E-01
     755    3.987295E-01
     756    3.987216E-01
     757    3.987138E-01
     758    3.987059E-01
     759    3.986981E-01
     760    3.986902E-01
     761    3.986823E-01
     762    3.986744E-01
     763    3.986665E-01
     764    3.986586E-01
     765    3.986507E-01
     766    3.986427E-01
     767    3.986348E-01
     768    3.986268E-01
     769    3.986189E-01
     770    3.986109E-01
     771    3.986029E-01
     772    3.985949E-01
     773    3.985869E-01
     774    3.985789E-01
     775    3.985709E-01
     776    3.985628E-01
     777    3.985548E-01
     778    3.985467E-01
     779    3.985386E-01
     780    3.985305E-01
     781    3.985224E-01
     782    3.985143E-01
     783    3.985062E-01
     784    3.984981E-01
     785    3.984899E-01
     786    3.984818E-01
     787    3.984736E-01
     788    3.984654E-01
     789    3.984572E-01
     790    3.984490E-01
     791    3.984408E-01
     792    3.984325E-01
     793    3.984243E-01
     794    3.984160E-01
     795    3.984077E-01
     796    3.983994E-01
     797    3.983911E-01
     798    3.983828E-01
     799    3.983744E-01
     800    3.983661E-01
     801    3.983577E-01
     802    3.983493E-01
     803    3.983409E-01
     804    3.983325E-01
     805    3.983241E-01
     806    3.983157E-01
     807    3.983072E-01
     808    3.982987E-01
     809    3.982902E-01
     810    3.982817E-01
     811    3.982732E-01
     812    3.982647E-01
     813    3.982561E-01
     814    3.982475E-01
     815    3.982389E-01
     816    3.982303E-01
     817    3.982217E-01
     818    3.982130E-01
     819    3.982044E-01
     820    3.981957E-01
     821    3.981870E-01
     822    3.981783E-01
     823    3.981696E-01
     824    3.981608E-01
     825    3.981520E-01
     826    3.981433E-01
     827    3.981344E-01
     828    3.981256E-01
     829    3.981168E-01
     830    3.981079E-01
     831    3.980990E-01
     832    3.980901E-01
     833    3.980812E-01
     834    3.980723E-01
     835    3.980633E-01
     836    3.980543E-01
     837    3.980453E-01
     838    3.980363E-01
     839    3.980272E-01
     840    3.980182E-01
     841    3.980091E-01
     842    3.980000E-01
     843    3.979909E-01
     844    3.979817E-01
     845    3.979726E-01
     846    3.979634E-01
     847    3.979541E-01
     848    3.979449E-01
     849    3.979357E-01
     850    3.979264E-01
     851    3.979171E-01
     852    3.979078E-01
     853    3.978984E-01
     854    3.978890E-01
     855    3.978796E-01
     856    3.978702E-01
     857    3.978608E-01
     858    3.978513E-01
     859    3.978418E-01
     860    3.978323E-01
     861    3.978228E-01
     862    3.978132E-01
     863    3.978037E-01
     864    3.977941E-01
     865    3.977844E-01
     866    3.977748E-01
     867    3.977651E-01
     868    3.977554E-01
     869    3.977457E-01
     870    3.977359E-01
     871    3.977261E-01
     872    3.977163E-01
     873    3.977065E-01
     874    3.976966E-01
     875    3.976867E-01
     876    3.976768E-01
     877    3.976669E-01
     878    3.976569E-01
     879    3.976469E-01
     880    3.976369E-01
     881    3.976269E-01
     882    3.976168E-01
     883    3.976067E-01
     884    3.975966E-01
     885    3.975864E-01
     886    3.975762E-01
     887    3.975660E-01
     888    3.975558E-01
     889    3.975455E-01
     890    3.975352E-01
     891    3.975249E-01
     892    3.975146E-01
     893    3.975042E-01
     894    3.974938E-01
     895    3.974833E-01
     896    3.974728E-01
     897    3.974623E-01
     898    3.974518E-01
     899    3.974413E-01
     900    3.974307E-01
     901    3.974200E-01
     902    3.974094E-01
     903    3.973987E-01
     904    3.973880E-01
     905    3.973772E-01
     906    3.973665E-01
     907    3.973557E-01
     908    3.973448E-01
     909    3.973340E-01
     910    3.973231E-01
     911    3.973121E-01
     912    3.973011E-01
     913    3.972901E-01
     914    3.972791E-01
     915    3.972680E-01
     916    3.972570E-01
     917    3.972458E-01
     918    3.972347E-01
     919    3.972235E-01
     920    3.972122E-01
     921    3.972010E-01
     922    3.971897E-01
     923    3.971783E-01
     924    3.971669E-01
     925    3.971555E-01
     926    3.971441E-01
     927    3.971326E-01
     928    3.971211E-01
     929    3.971096E-01
     930    3.970980E-01
     931    3.970864E-01
     932    3.970747E-01
     933    3.970630E-01
     934    3.970513E-01
     935    3.970395E-01
     936    3.970277E-01
     937    3.970159E-01
     938    3.970040E-01
     939    3.969921E-01
     940    3.969802E-01
     941    3.969682E-01
     942    3.969562E-01
     943    3.969441E-01
     944    3.969320E-01
     945    3.969199E-01
     946    3.969077E-01
     947    3.968955E-01
     948    3.968832E-01
     949    3.968709E-01
     950    3.968586E-01
     951    3.968462E-01
     952    3.968338E-01
     953    3.968214E-01
     954    3.968089E-01
     955    3.967963E-01
     956    3.967838E-01
     957    3.967712E-01
     958    3.967585E-01
     959    3.967458E-01
     960    3.967331E-01
     961    3.967203E-01
     962    3.967075E-01
     963    3.966946E-01
     964    3.966817E-01
     965    3.966687E-01
     966    3.966557E-01
     967    3.966427E-01
     968    3.966296E-01
     969    3.966165E-01
     970    3.966034E-01
     971    3.965901E-01
     972    3.965769E-01
     973    3.965636E-01
     974    3.965503E-01
     975    3.965369E-01
     976    3.965234E-01
     977    3.965100E-01
     978    3.964964E-01
     979    3.964829E-01
     980    3.964693E-01
     981    3.964556E-01
     982    3.964419E-01
     983    3.964281E-01
     984    3.964143E-01
     985    3.964005E-01
     986    3.963866E-01
     987    3.963727E-01
     988    3.963587E-01
     989    3.963447E-01
     990    3.963306E-01
     991    3.963164E-01
     992    3.963023E-01
     993    3.962880E-01
     994    3.962738E-01
     995    3.962594E-01
     996    3.962451E-01
     997    3.962306E-01
     998    3.962162E-01
     999    3.962016E-01
    1000    3.961871E-01
    1001    3.961724E-01
    1002    3.961577E-01
    1003    3.961430E-01
    1004    3.961282E-01
    1005    3.961134E-01
    1006    3.960985E-01
    1007    3.960836E-01
    1008    3.960686E-01
    1009    3.960536E-01
    1010    3.960385E-01
    1011    3.960233E-01
    1012    3.960081E-01
    1013    3.959929E-01
    1014    3.959776E-01
    1015    3.959622E-01
    1016    3.959468E-01
    1017    3.959313E-01
    1018    3.959158E-01
    1019    3.959002E-01
    1020    3.958846E-01
    1021    3.958689E-01
    1022    3.958531E-01
    1023    3.958373E-01
    1024    3.958215E-01
    1025    3.958056E-01
    1026    3.957896E-01
    1027    3.957736E-01
    1028    3.957575E-01
    1029    3.957413E-01
    1030    3.957251E-01
    1031    3.957088E-01
    1032    3.956925E-01
    1033    3.956761E-01
    1034    3.956597E-01
    1035    3.956432E-01
    1036    3.956266E-01
    1037    3.956100E-01
    1038    3.955933E-01
    1039    3.955766E-01
    1040    3.955598E-01
    1041    3.955429E-01
    1042    3.955260E-01
    1043    3.955090E-01
    1044    3.954920E-01
    1045    3.954749E-01
    1046    3.954577E-01
    1047    3.954404E-01
    1048    3.954231E-01
    1049    3.954058E-01
    1050    3.953883E-01
    1051    3.953708E-01
    1052    3.953533E-01
    1053    3.953357E-01
    1054    3.953180E-01
    1055    3.953002E-01
    1056    3.952824E-01
    1057    3.952645E-01
    1058    3.952466E-01
    1059    3.952285E-01
    1060    3.952104E-01
    1061    3.951923E-01
    1062    3.951741E-01
    1063    3.951558E-01
    1064    3.951374E-01
    1065    3.951190E-01
    1066    3.951005E-01
    1067    3.950819E-01
    1068    3.950633E-01
    1069    3.950446E-01
    1070    3.950258E-01
    1071    3.950069E-01
    1072    3.949880E-01
    1073    3.949690E-01
    1074    3.949499E-01
    1075    3.949308E-01
    1076    3.949116E-01
    1077    3.948923E-01
    1078    3.948730E-01
    1079    3.948535E-01
    1080    3.948340E-01
    1081    3.948144E-01
    1082    3.947948E-01
    1083    3.947750E-01
    1084    3.947552E-01
    1085    3.947354E-01
    1086    3.947154E-01
    1087    3.946954E-01
    1088    3.946752E-01
    1089    3.946550E-01
    1090    3.946348E-01
    1091    3.946144E-01
    1092    3.945940E-01
    1093    3.945735E-01
    1094    3.945529E-01
    1095    3.945322E-01
    1096    3.945115E-01
    1097    3.944907E-01
    1098    3.944697E-01
    1099    3.944487E-01
    1100    3.944277E-01
    1101    3.944065E-01
    1102    3.943853E-01
    1103    3.943639E-01
    1104    3.943425E-01
    1105    3.943210E-01
    1106    3.942995E-01
    1107    3.942778E-01
    1108    3.942561E-01
    1109    3.942342E-01
    1110    3.942123E-01
    1111    3.941903E-01
    1112    3.941682E-01
    1113    3.941460E-01
    1114    3.941237E-01
    1115    3.941014E-01
    1116    3.940789E-01
    1117    3.940564E-01
    1118    3.940337E-01
    1119    3.940110E-01
    1120    3.939882E-01
    1121    3.939653E-01
    1122    3.939423E-01
    1123    3.939192E-01
    1124    3.938960E-01
    1125    3.938727E-01
    1126    3.938494E-01
    1127    3.938259E-01
    1128    3.938023E-01
    1129    3.937787E-01
    1130    3.937549E-01
    1131    3.937311E-01
    1132    3.937071E-01
    1133    3.936830E-01
    1134    3.936589E-01
    1135    3.936347E-01
    1136    3.936103E-01
    1137    3.935859E-01
    1138    3.935613E-01
    1139    3.935367E-01
    1140    3.935119E-01
    1141    3.934870E-01
    1142    3.934621E-01
    1143    3.934370E-01
    1144    3.934119E-01
    1145    3.933866E-01
    1146    3.933612E-01
    1147    3.933357E-01
    1148    3.933101E-01
    1149    3.932844E-01
    1150    3.932586E-01
    1151    3.932327E-01
    1152    3.932067E-01
    1153    3.931805E-01
    1154    3.931543E-01
    1155    3.931279E-01
    1156    3.931015E-01
    1157    3.930749E-01
    1158    3.930482E-01
    1159    3.930214E-01
    1160    3.929945E-01
    1161    3.929674E-01
    1162    3.929403E-01
    1163    3.929130E-01
    1164    3.928856E-01
    1165    3.928581E-01
    1166    3.928305E-01
    1167    3.928028E-01
    1168    3.927749E-01
    1169    3.927469E-01
    1170    3.927188E-01
    1171    3.926906E-01
    1172    3.926622E-01
    1173    3.926338E-01
    1174    3.926052E-01
    1175    3.925764E-01
    1176    3.925476E-01
    1177    3.925186E-01
    1178    3.924895E-01
    1179    3.924603E-01
    1180    3.924309E-01
    1181    3.924014E-01
    1182    3.923718E-01
    1183    3.923420E-01
    1184    3.923121E-01
    1185    3.922821E-01
    1186    3.922520E-01
    1187    3.922217E-01
    1188    3.921913E-01
    1189    3.921607E-01
    1190    3.921300E-01
    1191    3.920992E-01
    1192    3.920682E-01
    1193    3.920371E-01
    1194    3.920058E-01
    1195    3.919744E-01
    1196    3.919429E-01
    1197    3.919112E-01
    1198    3.918794E-01
    1199    3.918474E-01
    1200    3.918153E-01
    1201    3.917830E-01
    1202    3.917506E-01
    1203    3.917180E-01
    1204    3.916853E-01
    1205    3.916524E-01
    1206    3.916194E-01
    1207    3.915862E-01
    1208    3.915529E-01
    1209    3.915194E-01
    1210    3.914857E-01
    1211    3.914519E-01
    1212    3.914180E-01
    1213    3.913839E-01
    1214    3.913496E-01
    1215    3.913151E-01
    1216    3.912805E-01
    1217    3.912458E-01
    1218    3.912108E-01
    1219    3.911757E-01
    1220    3.911405E-01
    1221    3.911050E-01
    1222    3.910694E-01
    1223    3.910337E-01
    1224    3.909977E-01
    1225    3.909616E-01
    1226    3.909253E-01
    1227    3.908888E-01
    1228    3.908522E-01
    1229    3.908154E-01
    1230    3.907784E-01
    1231    3.907412E-01
    1232    3.907038E-01
    1233    3.906663E-01
    1234    3.906285E-01
    1235    3.905906E-01
    1236    3.905525E-01
    1237    3.905142E-01
    1238    3.904757E-01
    1239    3.904371E-01
    1240    3.903982E-01
    1241    3.903592E-01
    1242    3.903199E-01
    1243    3.902805E-01
    1244    3.902408E-01
    1245    3.902010E-01
    1246    3.901609E-01
    1247    3.901207E-01
    1248    3.900802E-01
    1249    3.900396E-01
    1250    3.899987E-01
    1251    3.899577E-01
    1252    3.899164E-01
    1253    3.898749E-01
    1254    3.898332E-01
    1255    3.897913E-01
    1256    3.897492E-01
    1257    3.897068E-01
    1258    3.896643E-01
    1259    3.896215E-01
    1260    3.895785E-01
    1261    3.895353E-01
    1262    3.894918E-01
    1263    3.894481E-01
    1264    3.894042E-01
    1265    3.893601E-01
    1266    3.893157E-01
    1267    3.892711E-01
    1268    3.892263E-01
    1269    3.891812E-01
    1270    3.891359E-01
    1271    3.890904E-01
    1272    3.890446E-01
    1273    3.889986E-01
    1274    3.889523E-01
    1275    3.889058E-01
    1276    3.888590E-01
    1277    3.888120E-01
    1278    3.887647E-01
    1279    3.887172E-01
    1280    3.886694E-01
    1281    3.886214E-01
    1282    3.885731E-01
    1283    3.885245E-01
    1284    3.884757E-01
    1285    3.884266E-01
    1286    3.883773E-01
    1287    3.883277E-01
    1288    3.882778E-01
    1289    3.882276E-01
    1290    3.881772E-01
    1291    3.881264E-01
    1292    3.880754E-01
    1293    3.880242E-01
    1294    3.879726E-01
    1295    3.879207E-01
    1296    3.878686E-01
    1297    3.878162E-01
    1298    3.877635E-01
    1299    3.877104E-01
    1300    3.876571E-01
    1301    3.876035E-01
    1302    3.875496E-01
    1303    3.874954E-01
    1304    3.874409E-01
    1305    3.873861E-01
    1306    3.873309E-01
    1307    3.872755E-01
    1308    3.872197E-01
    1309    3.871636E-01
    1310    3.871072E-01
    1311    3.870505E-01
    1312    3.869935E-01
    1313    3.869361E-01
    1314    3.868784E-01
    1315    3.868204E-01
    1316    3.867620E-01
    1317    3.867034E-01
    1318    3.866443E-01
    1319    3.865849E-01
    1320    3.865252E-01
    1321    3.864652E-01
    1322    3.864048E-01
    1323    3.863440E-01
    1324    3.862829E-01
    1325    3.862214E-01
    1326    3.861596E-01
    1327    3.860974E-01
    1328    3.860348E-01
    1329    3.859719E-01
    1330    3.859086E-01
    1331    3.858450E-01
    1332    3.857809E-01
    1333    3.857165E-01
    1334    3.856517E-01
    1335    3.855865E-01
    1336    3.855210E-01
    1337    3.854550E-01
    1338    3.853887E-01
    1339    3.853220E-01
    1340    3.852548E-01
    1341    3.851873E-01
    1342    3.851194E-01
    1343    3.850510E-01
    1344    3.849823E-01
    1345    3.849131E-01
    1346    3.848435E-01
    1347    3.847735E-01
    1348    3.847031E-01
    1349    3.846323E-01
    1350    3.845610E-01
    1351    3.844893E-01
    1352    3.844172E-01
    1353    3.843447E-01
    1354    3.842717E-01
    1355    3.841982E-01
    1356    3.841243E-01
    1357    3.840500E-01
    1358    3.839752E-01
    1359    3.839000E-01
    1360    3.838243E-01
    1361    3.837481E-01
    1362    3.836715E-01
    1363    3.835944E-01
    1364    3.835169E-01
    1365    3.834388E-01
    1366    3.833603E-01
    1367    3.832813E-01
    1368    3.832019E-01
    1369    3.831219E-01
    1370    3.830414E-01
    1371    3.829605E-01
    1372    3.828791E-01
    1373    3.827971E-01
    1374    3.827147E-01
    1375    3.826317E-01
    1376    3.825482E-01
    1377    3.824643E-01
    1378    3.823798E-01
    1379    3.822947E-01
    1380    3.822092E-01
    1381    3.821231E-01
    1382    3.820365E-01
    1383    3.819493E-01
    1384    3.818617E-01
    1385    3.817734E-01
    1386    3.816846E-01
    1387    3.815953E-01
    1388    3.815054E-01
    1389    3.814150E-01
    1390    3.813240E-01
    1391    3.812324E-01
    1392    3.811403E-01
    1393    3.810475E-01
    1394    3.809543E-01
    1395    3.808604E-01
    1396    3.807659E-01
    1397    3.806709E-01
    1398    3.805752E-01
    1399    3.804790E-01
    1400    3.803821E-01
    1401    3.802847E-01
    1402    3.801866E-01
    1403    3.800880E-01
    1404    3.799887E-01
    1405    3.798888E-01
    1406    3.797882E-01
    1407    3.796871E-01
    1408    3.795853E-01
    1409    3.794829E-01
    1410    3.793798E-01
    1411    3.792761E-01
    1412    3.791717E-01
    1413    3.790667E-01
    1414    3.789610E-01
    1415    3.788546E-01
    1416    3.787476E-01
    1417    3.786399E-01
    1418    3.785316E-01
    1419    3.784225E-01
    1420    3.783128E-01
    1421    3.782024E-01
    1422    3.780913E-01
    1423    3.779795E-01
    1424    3.778670E-01
    1425    3.777538E-01
    1426    3.776399E-01
    1427    3.775252E-01
    1428    3.774099E-01
    1429    3.772938E-01
    1430    3.771770E-01
    1431    3.770595E-01
    1432    3.769412E-01
    1433    3.768222E-01
    1434    3.767024E-01
    1435    3.765819E-01
    1436    3.764606E-01
    1437    3.763386E-01
    1438    3.762158E-01
    1439    3.760922E-01
    1440    3.759679E-01
    1441    3.758428E-01
    1442    3.757169E-01
    1443    3.755902E-01
    1444    3.754627E-01
    1445    3.753344E-01
    1446    3.752053E-01
    1447    3.750754E-01
    1448    3.749447E-01
    1449    3.748132E-01
    1450    3.746808E-01
    1451    3.745476E-01
    1452    3.744136E-01
    1453    3.742788E-01
    1454    3.741431E-01
    1455    3.740065E-01
    1456    3.738691E-01
    1457    3.737309E-01
    1458    3.735918E-01
    1459    3.734518E-01
    1460    3.733110E-01
    1461    3.731692E-01
    1462    3.730266E-01
    1463    3.728831E-01
    1464    3.727387E-01
    1465    3.725935E-01
    1466    3.724473E-01
    1467    3.723002E-01
    1468    3.721522E-01
    1469    3.720032E-01
    1470    3.718534E-01
    1471    3.717026E-01
    1472    3.715509E-01
    1473    3.713982E-01
    1474    3.712446E-01
    1475    3.710901E-01
    1476    3.709346E-01
    1477    3.707781E-01
    1478    3.706207E-01
    1479    3.704623E-01
    1480    3.703030E-01
    1481    3.701426E-01
    1482    3.699813E-01
    1483    3.698189E-01
    1484    3.696556E-01
    1485    3.694913E-01
    1486    3.693259E-01
    1487    3.691596E-01
    1488    3.689922E-01
    1489    3.688238E-01
    1490    3.686544E-01
    1491    3.684839E-01
    1492    3.683124E-01
    1493    3.681399E-01
    1494    3.679662E-01
    1495    3.677916E-01
    1496    3.676158E-01
    1497    3.674390E-01
    1498    3.672612E-01
    1499    3.670822E-01
    1500    3.669022E-01
    1501    3.667210E-01
    1502    3.665388E-01
    1503    3.663554E-01
    1504    3.661710E-01
    1505    3.659854E-01
    1506    3.657987E-01
    1507    3.656109E-01
    1508    3.654219E-01
    1509    3.652318E-01
    1510    3.650406E-01
    1511    3.648482E-01
    1512    3.646546E-01
    1513    3.644599E-01
    1514    3.642640E-01
    1515    3.640669E-01
    1516    3.638686E-01
    1517    3.636692E-01
    1518    3.634685E-01
    1519    3.632667E-01
    1520    3.630636E-01
    1521    3.628593E-01
    1522    3.626538E-01
    1523    3.624471E-01
    1524    3.622391E-01
    1525    3.620299E-01
    1526    3.618194E-01
    1527    3.616077E-01
    1528    3.613947E-01
    1529    3.611805E-01
    1530    3.609649E-01
    1531    3.607481E-01
    1532    3.605300E-01
    1533    3.603106E-01
    1534    3.600900E-01
    1535    3.598679E-01
    1536    3.596446E-01
    1537    3.594200E-01
    1538    3.591940E-01
    1539    3.589667E-01
    1540    3.587380E-01
    1541    3.585080E-01
    1542    3.582767E-01
    1543    3.580439E-01
    1544    3.578098E-01
    1545    3.575744E-01
    1546    3.573375E-01
    1547    3.570992E-01
    1548    3.568596E-01
    1549    3.566185E-01
    1550    3.563760E-01
    1551    3.561321E-01
    1552    3.558868E-01
    1553    3.556400E-01
    1554    3.553918E-01
    1555    3.551421E-01
    1556    3.548909E-01
    1557    3.546383E-01
    1558    3.543842E-01
    1559    3.541286E-01
    1560    3.538716E-01
    1561    3.536130E-01
    1562    3.533529E-01
    1563    3.530913E-01
    1564    3.528281E-01
    1565    3.525635E-01
    1566    3.522972E-01
    1567    3.520294E-01
    1568    3.517601E-01
    1569    3.514891E-01
    1570    3.512166E-01
    1571    3.509425E-01
    1572    3.506667E-01
    1573    3.503894E-01
    1574    3.501104E-01
    1575    3.498297E-01
    1576    3.495474E-01
    1577    3.492634E-01
    1578    3.489778E-01
    1579    3.486904E-01
    1580    3.484013E-01
    1581    3.481105E-01
    1582    3.478179E-01
    1583    3.475236E-01
    1584    3.472275E-01
    1585    3.469297E-01
    1586    3.466300E-01
    1587    3.463284E-01
    1588    3.460251E-01
    1589    3.457198E-01
    1590    3.454127E-01
    1591    3.451037E-01
    1592    3.447927E-01
    1593    3.444798E-01
    1594    3.441649E-01
    1595    3.438480E-01
    1596    3.435291E-01
    1597    3.432081E-01
    1598    3.428850E-01
    1599    3.425598E-01
    1600    3.422325E-01
    1601    3.419030E-01
    1602    3.415714E-01
    1603    3.412374E-01
    1604    3.409013E-01
    1605    3.405628E-01
    1606    3.402219E-01
    1607    3.398787E-01
    1608    3.395331E-01
    1609    3.391850E-01
    1610    3.388345E-01
    1611    3.384813E-01
    1612    3.381257E-01
    1613    3.377673E-01
    1614    3.374064E-01
    1615    3.370426E-01
    1616    3.366762E-01
    1617    3.363069E-01
    1618    3.359347E-01
    1619    3.355596E-01
    1620    3.351815E-01
    1621    3.348004E-01
    1622    3.344163E-01
    1623    3.340289E-01
    1624    3.336384E-01
    1625    3.332446E-01
    1626    3.328475E-01
    1627    3.324469E-01
    1628    3.320430E-01
    1629    3.316355E-01
    1630    3.312244E-01
    1631    3.308097E-01
    1632    3.303913E-01
    1633    3.299691E-01
    1634    3.295430E-01
    1635    3.291131E-01
    1636    3.286791E-01
    1637    3.282411E-01
    1638    3.277989E-01
    1639    3.273525E-01
    1640    3.269018E-01
    1641    3.264468E-01
    1642    3.259873E-01
    1643    3.255233E-01
    1644    3.250548E-01
    1645    3.245815E-01
    1646    3.241035E-01
    1647    3.236207E-01
    1648    3.231329E-01
    1649    3.226401E-01
    1650    3.221422E-01
    1651    3.216391E-01
    1652    3.211308E-01
    1653    3.206170E-01
    1654    3.200978E-01
    1655    3.195730E-01
    1656    3.190425E-01
    1657    3.185062E-01
    1658    3.179639E-01
    1659    3.174157E-01
    1660    3.168612E-01
    1661    3.163005E-01
    1662    3.157333E-01
    1663    3.151596E-01
    1664    3.145791E-01
    1665    3.139917E-01
    1666    3.133973E-01
    1667    3.127956E-01
    1668    3.121864E-01
    1669    3.115697E-01
    1670    3.109451E-01
    1671    3.103124E-01
    1672    3.096714E-01
    1673    3.090219E-01
    1674    3.083636E-01
    1675    3.076962E-01
    1676    3.070194E-01
    1677    3.063329E-01
    1678    3.056364E-01
    1679    3.049295E-01
    1680    3.042119E-01
    1681    3.034831E-01
    1682    3.027428E-01
    1683    3.019905E-01
    1684    3.012257E-01
    1685    3.004480E-01
    1686    2.996568E-01
    1687    2.988516E-01
    1688    2.980317E-01
    1689    2.971966E-01
    1690    2.963455E-01
    1691    2.954779E-01
    1692    2.945928E-01
    1693    2.936896E-01
    1694    2.927673E-01
    1695    2.918252E-01
    1696    2.908621E-01
    1697    2.898772E-01
    1698    2.888693E-01
    1699    2.878373E-01
    1700    2.867800E-01
    1701    2.856961E-01
    1702    2.845841E-01
    1703    2.834427E-01
    1704    2.822704E-01
    1705    2.810653E-01
    1706    2.798259E-01
    1707    2.785502E-01
    1708    2.772364E-01
    1709    2.758822E-01
    1710    2.744855E-01
    1711    2.730440E-01
    1712    2.715552E-01
    1713    2.700165E-01
    1714    2.684252E-01
    1715    2.667785E-01
    1716    2.650732E-01
    1717    2.633063E-01
    1718    2.614745E-01
    1719    2.595744E-01
    1720    2.576025E-01
    1721    2.555550E-01
    1722    2.534282E-01
    1723    2.512184E-01
    1724    2.489217E-01
    1725    2.465340E-01
    1726    2.440515E-01
    1727    2.414704E-01
    1728    2.387868E-01
    1729    2.359972E-01
    1730    2.330982E-01
    1731    2.300867E-01
    1732    2.269601E-01
    1733    2.237160E-01
    1734    2.203528E-01
    1735    2.168695E-01
    1736    2.132654E-01
    1737    2.095408E-01
    1738    2.056965E-01
    1739    2.017335E-01
    1740    1.976536E-01
    1741    1.934587E-01
    1742    1.891506E-01
    1743    1.847314E-01
    1744    1.802028E-01
    1745    1.755662E-01
    1746    1.708227E-01
    1747    1.659729E-01
    1748    1.610174E-01
    1749    1.559564E-01
    1750    1.507901E-01
    1751    1.455190E-01
    1752    1.401440E-01
    1753    1.346670E-01
    1754    1.290911E-01
    1755    1.234217E-01
    1756    1.176662E-01
    1757    1.118354E-01
    1758    1.059435E-01
    1759    1.000092E-01
    1760    9.405509E-02
    1761    8.810855E-02
    1762    8.220092E-02
    1763    7.636708E-02
    1764    7.064453E-02
    1765    6.507219E-02
    1766    5.968905E-02
    1767    5.453254E-02
    1768    4.963704E-02
    1769    4.503221E-02
    1770    4.074160E-02
    1771    3.678154E-02
    1772    3.316047E-02
    1773    2.987883E-02
    1774    2.692946E-02
    1775    2.429858E-02
    1776    2.196709E-02
    1777    1.991202E-02
    1778    1.810811E-02
    1779    1.652919E-02
    1780    1.514935E-02
    1781    1.394387E-02
    1782    1.288983E-02
    1783    1.196644E-02
    1784    1.115527E-02
    1785    1.044017E-02
    1786    9.807199E-03
    1787    9.244397E-03
    1788    8.741604E-03
    1789    8.290222E-03
    1790    7.882993E-03
    1791    7.513804E-03
    1792    7.177507E-03
    1793    6.869765E-03
    1794    6.586916E-03
    1795    6.325865E-03
    1796    6.083985E-03
    1797    5.859044E-03
    1798    5.649135E-03
    1799    5.452624E-03
    1800    5.268106E-03
    1801    5.094368E-03
    1802    4.930359E-03
    1803    4.775162E-03
    1804    4.627978E-03
    1805    4.488105E-03
    1806    4.354926E-03
    1807    4.227894E-03
    1808    4.106526E-03
    1809    3.990390E-03
    1810    3.879102E-03
    1811    3.772317E-03
    1812    3.669725E-03
    1813    3.571048E-03
    1814    3.476034E-03
    1815    3.384453E-03
    1816    3.296101E-03
    1817    3.210786E-03
    1818    3.128338E-03
    1819    3.048598E-03
    1820    2.971423E-03
    1821    2.896680E-03
    1822    2.824248E-03
    1823    2.754013E-03
    1824    2.685871E-03
    1825    2.619728E-03
    1826    2.555493E-03
    1827    2.493084E-03
    1828    2.432423E-03
    1829    2.373440E-03
    1830    2.316067E-03
    1831    2.260242E-03
    1832    2.205905E-03
    1833    2.153002E-03
    1834    2.101481E-03
    1835    2.051294E-03
    1836    2.002394E-03
    1837    1.954739E-03
    1838    1.908287E-03
    1839    1.862999E-03
    1840    1.818840E-03
    1841    1.775773E-03
    1842    1.733767E-03
    1843    1.692788E-03
    1844    1.652808E-03
    1845    1.613798E-03
    1846    1.575729E-03
    1847    1.538577E-03
    1848    1.502315E-03
    1849    1.466919E-03
    1850    1.432366E-03
    1851    1.398635E-03
    1852    1.365702E-03
    1853    1.333549E-03
    1854    1.302154E-03
    1855    1.271498E-03
    1856    1.241564E-03
    1857    1.212332E-03
    1858    1.183785E-03
    1859    1.155907E-03
    1860    1.128682E-03
    1861    1.102092E-03
    1862    1.076124E-03
    1863    1.050762E-03
    1864    1.025991E-03
    1865    1.001797E-03
    1866    9.781671E-04
    1867    9.550875E-04
    1868    9.325452E-04
    1869    9.105276E-04
    1870    8.890223E-04
    1871    8.680174E-04
    1872    8.475012E-04
    1873    8.274623E-04
    1874    8.078895E-04
    1875    7.887720E-04
    1876    7.700992E-04
    1877    7.518609E-04
    1878    7.340470E-04
    1879    7.166476E-04
    1880    6.996531E-04
    1881    6.830542E-04
    1882    6.668418E-04
    1883    6.510069E-04
    1884    6.355408E-04
    1885    6.204351E-04
    1886    6.056813E-04
    1887    5.912714E-04
    1888    5.771975E-04
    1889    5.634518E-04
    1890    5.500268E-04
    1891    5.369150E-04
    1892    5.241093E-04
    1893    5.116026E-04
    1894    4.993881E-04
    1895    4.874589E-04
    1896    4.758085E-04
    1897    4.644305E-04
    1898    4.533187E-04
    1899    4.424668E-04
    1900    4.318690E-04
    1901    4.215193E-04
    1902    4.114120E-04
    1903    4.015416E-04
    1904    3.919026E-04
    1905    3.824896E-04
    1906    3.732976E-04
    1907    3.643212E-04
    1908    3.555557E-04
    1909    3.469961E-04
    1910    3.386377E-04
    1911    3.304759E-04
    1912    3.225060E-04
    1913    3.147238E-04
    1914    3.071248E-04
    1915    2.997049E-04
    1916    2.924598E-04
    1917    2.853857E-04
    1918    2.784784E-04
    1919    2.717343E-04
    1920    2.651494E-04
    1921    2.587202E-04
    1922    2.524430E-04
    1923    2.463143E-04
    1924    2.403307E-04
    1925    2.344889E-04
    1926    2.287855E-04
    1927    2.232174E-04
    1928    2.177814E-04
    1929    2.124745E-04
    1930    2.072936E-04
    1931    2.022359E-04
    1932    1.972985E-04
    1933    1.924787E-04
    1934    1.877736E-04
    1935    1.831807E-04
    1936    1.786973E-04
    1937    1.743209E-04
    1938    1.700490E-04
    1939    1.658791E-04
