# OCT iter        711;   J_T =   9.957421717913E-04;   pulse_id =          2                                                                                                                                                                                   
#             freq. [MHz]     Re(ampl) [arb.units]     Im(ampl) [arb.units]                                                                                                                                                                                    
  0.00000000000000000E+00  1.15912971091612832E-01 -6.05496166528133664E-02
  2.00000000000000036E+01  2.51206483391963782E-02  6.85472964028985693E-02
  4.00000000000000071E+01 -1.20248993615343580E-01 -4.48055897511901724E-02
  6.00000000000000142E+01  5.76486609163368979E-03  5.08719626153420895E-02
  8.00000000000000142E+01  2.28206877919690937E-01 -5.69684837834665489E-02
  1.00000000000000014E+02 -3.68974702341085814E-01  3.15612234575516140E-02
  1.20000000000000028E+02  3.55674725110443457E-01 -2.02979739756970236E-02
  1.40000000000000028E+02 -2.53134415089769804E-01  2.18376911377665649E-02
  1.60000000000000028E+02  1.25531159413218768E-01 -3.12994786003543621E-02
  1.80000000000000028E+02 -1.87170648350467664E-02  4.66809702081866090E-02
  2.00000000000000028E+02 -4.63948630412613916E-02 -6.04439931786250675E-02
  2.20000000000000028E+02  7.14352829419524771E-02  5.92512534133294716E-02
  2.40000000000000057E+02 -6.55951298315168158E-02 -4.17365743607189255E-02
  2.60000000000000057E+02  4.57055949630453401E-02  1.23412787191825492E-02
  2.80000000000000057E+02 -2.75683532554688408E-02  1.27808770348700126E-02
  3.00000000000000057E+02  2.12569604359258112E-02 -2.63700982568375770E-02
  3.20000000000000057E+02 -2.65618322202463460E-02  2.43559441742459623E-02
  3.40000000000000057E+02  3.46117206197551694E-02 -1.51267909553828538E-02
  3.60000000000000057E+02 -3.65161216548859219E-02  4.07555318271786513E-03
  3.80000000000000057E+02  2.71520503453167965E-02  1.74876752881403252E-03
  4.00000000000000057E+02 -1.02107996777441399E-02 -3.88572874827001211E-03
  4.20000000000000057E+02 -8.93189353106553161E-03  2.92291453758518295E-03
  4.40000000000000057E+02  2.23752999945985333E-02 -3.30065122941236794E-03
  4.60000000000000057E+02 -2.85263136154238241E-02  5.42677751929736621E-03
  4.80000000000000114E+02  2.61015434773493871E-02 -9.81636203374272077E-03
  5.00000000000000114E+02 -1.95590079874996998E-02  1.40555423064198555E-02
  5.20000000000000114E+02  1.05809184243790422E-02 -1.59524795035041779E-02
  5.40000000000000114E+02 -2.99821590657883092E-03  1.43537148505428567E-02
  5.60000000000000114E+02 -2.76254130166616371E-03 -9.74782688220366365E-03
  5.80000000000000114E+02  4.67649371082664266E-03  3.93041198999410750E-03
  6.00000000000000114E+02 -4.68452032957174941E-03  2.17522646667251459E-03
  6.20000000000000114E+02  3.77429304515734245E-03 -5.87131196878450199E-03
  6.40000000000000114E+02 -3.26969451665099073E-03  6.81030503016703207E-03
  6.60000000000000114E+02  3.16852548746569167E-03 -4.60599835959444540E-03
  6.80000000000000114E+02 -2.97229531974208634E-03  1.13621149265971970E-03
  7.00000000000000114E+02  2.23202789890369641E-03  1.94949975088599828E-03
  7.20000000000000114E+02 -1.20996245982851920E-03 -2.88705998685630022E-03
  7.40000000000000114E+02  5.08457609509622489E-04  1.98996248362689164E-03
  7.60000000000000114E+02 -2.62479275474876395E-04  1.09459544844717720E-04
  7.80000000000000114E+02  8.75523044314028046E-04 -1.98427840162667757E-03
  8.00000000000000114E+02 -1.77928346065794993E-03  2.48637219491501180E-03
  8.20000000000000114E+02  2.47343288644704187E-03 -1.53885081024200871E-03
  8.40000000000000114E+02 -2.44531618554245152E-03 -3.27674964014191357E-04
  8.60000000000000114E+02  1.63031664187916043E-03  1.91503741338130431E-03
  8.80000000000000114E+02 -4.58411798241019060E-04 -2.56034816870199600E-03
  9.00000000000000114E+02 -6.87301217022456942E-04  1.96765756739746781E-03
  9.20000000000000114E+02  1.25159389756571583E-03 -6.00660827508662869E-04
  9.40000000000000114E+02 -1.28593696530848885E-03 -8.59648735074617244E-04
  9.60000000000000227E+02  7.75041596828590423E-04  1.82012675482149376E-03
  9.80000000000000227E+02 -1.98259804366845565E-04 -1.91205202482855156E-03
  1.00000000000000023E+03 -2.72262728760424080E-04  1.36272401673542256E-03
  1.02000000000000023E+03  3.93950357775652428E-04 -4.14373567917830600E-04
  1.04000000000000023E+03 -2.63910273680661208E-04 -3.42179570630762983E-04
  1.06000000000000023E+03  4.86079296786750306E-05  7.87789881938557993E-04
  1.08000000000000023E+03  1.11087324119609124E-04 -7.45666204401636864E-04
  1.10000000000000023E+03 -7.09028517709326555E-05  4.93990559806219316E-04
  1.12000000000000023E+03 -3.88111949537634106E-05 -1.44815337032276587E-04
  1.14000000000000023E+03  2.58844438256585797E-04 -9.70797964444268448E-05
  1.16000000000000023E+03 -4.01717617618930069E-04  1.57514198505662439E-04
  1.18000000000000023E+03  4.84909830408067452E-04 -6.91333004355742088E-05
  1.20000000000000023E+03 -3.92838202067812361E-04 -9.29458954813247649E-05
  1.22000000000000023E+03  2.64741998599594107E-04  1.54351989611334665E-04
  1.24000000000000023E+03 -1.12920919337168793E-04 -1.93971488353985916E-04
  1.26000000000000023E+03 -4.81060726149446866E-05  9.98086187663621674E-05
  1.28000000000000023E+03  1.30620342868942432E-04  3.58051324969919956E-05
  1.30000000000000023E+03 -1.45089094155616835E-04 -1.87049619981889453E-04
  1.32000000000000023E+03  8.71336349138859459E-05  2.18354897018447535E-04
  1.34000000000000023E+03 -1.02806674641525659E-04 -1.88746716338563145E-04
  1.36000000000000023E+03  9.58278054464979526E-05  1.49880766515146841E-04
  1.38000000000000023E+03 -1.17495544570419113E-04 -1.07615555220935273E-04
  1.40000000000000023E+03  7.23965305053988497E-05  1.11883216309180758E-04
  1.42000000000000023E+03 -1.15558630640133573E-05 -8.42226651771271458E-05
  1.44000000000000023E+03 -7.56391073869418939E-05  7.34140504957833212E-05
  1.46000000000000023E+03  1.33128054024473280E-04  8.15970343769511130E-06
  1.48000000000000023E+03 -1.20521299017401382E-04 -5.73879693359391236E-05
  1.50000000000000023E+03  7.89474919953799171E-05  1.12121052420735985E-04
  1.52000000000000023E+03  1.00466887229740051E-05 -9.75139745261340381E-05
  1.54000000000000023E+03 -4.52320156585061790E-05  5.54775760987964321E-05
  1.56000000000000023E+03  7.14372104457456557E-05  8.45109924836902694E-06
  1.58000000000000023E+03 -1.66990649837664594E-05 -6.46166707577743623E-05
  1.60000000000000023E+03 -3.03135932142381881E-05  6.59090185200630961E-05
  1.62000000000000023E+03  9.03022932515435626E-05 -4.80359445022452848E-05
  1.64000000000000023E+03 -9.52909377225923967E-05 -2.30921300712450804E-05
  1.66000000000000023E+03  6.27700211203070384E-05  5.72707292479035176E-05
  1.68000000000000023E+03 -5.02557825374269670E-06 -9.20160523355943353E-05
  1.70000000000000023E+03 -6.07955216006133718E-05  6.03494057705802707E-05
  1.72000000000000023E+03  8.22249692049509192E-05 -2.45867435818997599E-05
  1.74000000000000023E+03 -8.81551482478241580E-05 -3.43951571838588973E-05
  1.76000000000000023E+03  3.82276721292770585E-05  6.82660308128517276E-05
  1.78000000000000023E+03 -3.01155247872497537E-06 -7.57546783747172061E-05
  1.80000000000000023E+03 -4.56498264911346961E-05  6.24072273877028245E-05
  1.82000000000000023E+03  5.06521897617779080E-05 -2.30887586644675214E-05
  1.84000000000000023E+03 -4.62490736480446641E-05  1.09625810028222867E-06
  1.86000000000000023E+03  1.64939245596826514E-05  2.74225622831880916E-05
  1.88000000000000023E+03  1.31611700935925801E-05 -1.73410010783716166E-05
  1.90000000000000023E+03 -2.75354930541458477E-05  1.23221710675950141E-05
  1.92000000000000045E+03  3.41208121279034792E-05  1.20645763526110448E-05
  1.94000000000000045E+03 -1.38438118900895628E-05 -1.75535565806245246E-05
  1.96000000000000045E+03  5.55090171271398434E-06  1.86437116836193692E-05
  1.98000000000000045E+03  1.55237242087875812E-05 -9.31592866553236882E-06
  2.00000000000000045E+03 -1.08099116613240226E-05 -7.44779997025596888E-06
  2.02000000000000045E+03  1.23164500786947374E-05  1.14590551544763653E-05
  2.04000000000000045E+03  3.07655311285796064E-08 -2.23420658904049288E-05
  2.06000000000000045E+03 -5.05961480380913694E-06  1.17927730499112753E-05
  2.08000000000000045E+03  7.60469739955669440E-06 -1.51382946365350707E-05
  2.10000000000000045E+03 -1.07967164529161723E-05  1.81979099990871726E-06
  2.12000000000000045E+03  3.83403790870517179E-06 -3.96259474463786448E-06
  2.14000000000000045E+03 -8.83516120680774228E-06 -4.16664256106700345E-06
  2.16000000000000045E+03 -7.79340804644927598E-07  4.48343828397655550E-06
  2.18000000000000045E+03 -5.33703532267600759E-06 -6.83590911419263804E-06
  2.20000000000000045E+03 -4.96885959416659586E-06  9.75014647294440453E-06
  2.22000000000000045E+03  1.17868639282649623E-06 -4.24152853379532923E-06
  2.24000000000000045E+03 -8.17892719323776259E-06  6.16793343727114786E-06
  2.26000000000000045E+03  4.78058389570441731E-06  5.54043677486598798E-06
  2.28000000000000045E+03 -3.05635842040969207E-06 -2.65331865507743626E-06
  2.30000000000000045E+03 -2.73769651769633089E-07  1.11550970151601002E-05
  2.32000000000000045E+03  7.23722414740950863E-06 -3.29817812442550518E-06
  2.34000000000000045E+03 -4.56760474459182908E-06  3.80888396916447839E-06
  2.36000000000000045E+03  8.70056298770537755E-06  4.03805487772460030E-06
  2.38000000000000045E+03  1.25333354709698566E-06 -5.68855011460361191E-06
  2.40000000000000045E+03  4.66620843179547459E-08  5.03632739303168593E-06
  2.42000000000000045E+03  8.77120782329309127E-06 -4.42222071676644026E-06
  2.44000000000000045E+03 -5.04142334465759964E-06 -3.69913060755192375E-06
  2.46000000000000045E+03  5.68543584825423550E-06  2.57247231822402804E-06
  2.48000000000000045E+03 -2.23490583983687547E-07 -9.34816131035107585E-06
  2.50000000000000045E+03 -4.11517593910777485E-06  2.53454348449346681E-06
  2.52000000000000045E+03  4.53759189494970605E-06 -4.17487921808912845E-06
  2.54000000000000045E+03 -7.50820349692098521E-06 -3.79241232737710058E-06
  2.56000000000000045E+03  7.86467484607420885E-07  3.40413796620751928E-06
  2.58000000000000045E+03 -2.22895580465604644E-06 -5.27916313889023767E-06
  2.60000000000000045E+03 -5.51288672168762705E-06  3.50633046584740233E-06
  2.62000000000000045E+03  1.94374440463338736E-06  6.91759297933837134E-07
  2.64000000000000045E+03 -5.19465939875786399E-06 -5.08593903263514597E-07
  2.66000000000000045E+03  3.96341502937200726E-07  5.35096156438640119E-06
  2.68000000000000045E+03 -8.67870243029392318E-08 -7.07335026071807631E-07
  2.70000000000000045E+03 -1.44997096739335757E-06  3.68204450872496423E-06
  2.72000000000000045E+03  2.59436675449460455E-06  2.32621813770474698E-06
  2.74000000000000045E+03  3.45931875214019338E-07  8.14297744534421040E-08
  2.76000000000000045E+03  1.75485048358778493E-06  3.11036921275986862E-06
  2.78000000000000045E+03  2.87270896931725563E-06 -1.09090761986277358E-06
  2.80000000000000045E+03  8.48077433664978211E-07  7.30368888955859778E-07
  2.82000000000000045E+03  2.89098741482104917E-06 -7.30771840495341773E-07
  2.84000000000000045E+03  1.12147744447146817E-06 -1.73366060785472057E-06
  2.86000000000000045E+03  9.89349251898141682E-07 -9.44210871672862584E-07
  2.88000000000000045E+03  1.20903504515237504E-06 -2.41333730885606196E-06
  2.90000000000000045E+03 -8.23224457974583831E-07 -1.67206796844380980E-06
  2.92000000000000045E+03  3.24275221796750495E-07 -1.77214809606452287E-06
  2.94000000000000045E+03 -1.73258396402704301E-06 -1.91093291898855179E-06
  2.96000000000000045E+03 -1.00405436360707655E-06 -6.57621757689965301E-07
  2.98000000000000045E+03 -1.75666687936355890E-06 -1.30073073487830412E-06
  3.00000000000000045E+03 -2.04240680638411890E-06  3.33878845068035819E-07
  3.02000000000000045E+03 -1.20170308525411278E-06  4.23285900486559115E-08
  3.04000000000000045E+03 -2.12847448681715981E-06  7.80724086512440234E-07
  3.06000000000000045E+03 -6.89211501491714915E-07  1.54111428998112568E-06
  3.08000000000000045E+03 -9.66277769281442262E-07  8.91331041512465196E-07
  3.10000000000000045E+03 -4.58309563274196670E-07  2.14780372965757145E-06
  3.12000000000000045E+03  6.64023111563044077E-07  1.17290419188426331E-06
  3.14000000000000045E+03  3.28442201419848938E-08  1.43784311818222490E-06
  3.16000000000000045E+03  1.49077664759419369E-06  1.39163939884725140E-06
  3.18000000000000045E+03  1.08157125843521302E-06  2.64828357324634475E-07
  3.20000000000000045E+03  1.23880547076227401E-06  7.49811580766199087E-07
  3.22000000000000045E+03  1.85281857596104232E-06 -3.31731123850822854E-07
  3.24000000000000045E+03  8.05002414829945425E-07 -6.81452645191389229E-07
  3.26000000000000045E+03  1.39008642874288701E-06 -4.85224239587391698E-07
  3.28000000000000045E+03  7.06678225363586926E-07 -1.68880467288880061E-06
  3.30000000000000045E+03  8.56178012313906197E-08 -9.02161454570033963E-07
  3.32000000000000045E+03  3.77590786835687709E-07 -1.50235815210082237E-06
  3.34000000000000045E+03 -8.46539303347740081E-07 -1.40058599043345491E-06
  3.36000000000000045E+03 -5.69538042169419342E-07 -7.10462718165086599E-07
  3.38000000000000045E+03 -1.00577310808838560E-06 -1.16504186318523148E-06
  3.40000000000000045E+03 -1.46042866694666693E-06 -1.44971552698761258E-07
  3.42000000000000045E+03 -9.21473346585727697E-07 -1.30325022652162031E-07
  3.44000000000000045E+03 -1.49242751530794101E-06  1.95273486887019222E-07
  3.46000000000000045E+03 -8.88561770072161568E-07  8.78589857970353101E-07
  3.48000000000000045E+03 -7.68825840862538184E-07  6.53622528258794781E-07
  3.50000000000000045E+03 -6.14563452030327691E-07  1.23541281033146151E-06
  3.52000000000000045E+03  4.79970393096690107E-08  1.09570990022426623E-06
  3.54000000000000045E+03  6.79497448315976585E-08  1.03956949916225506E-06
  3.56000000000000045E+03  5.82796560347309627E-07  1.09173094453057263E-06
  3.58000000000000045E+03  8.11228685249090407E-07  6.32293790806303146E-07
  3.60000000000000045E+03  8.60440288213928845E-07  5.48429823023106729E-07
  3.62000000000000045E+03  1.16101886199618391E-06  1.49715427266677816E-07
  3.64000000000000045E+03  9.27442625461196567E-07 -2.08008353550999064E-07
  3.66000000000000045E+03  9.85900835444407395E-07 -3.74985200354913214E-07
  3.68000000000000045E+03  7.30348638199381240E-07 -7.94889007808658375E-07
  3.70000000000000045E+03  4.57280179168908259E-07 -8.17597072032093108E-07
  3.72000000000000045E+03  2.67616504387655144E-07 -1.01348360049247610E-06
  3.74000000000000045E+03 -1.58350494915392401E-07 -1.00140754974706572E-06
  3.76000000000000045E+03 -3.24865344421183713E-07 -8.57062026428902773E-07
  3.78000000000000045E+03 -6.33018604234701664E-07 -8.23597412007675255E-07
  3.80000000000000045E+03 -8.22260791296832866E-07 -4.52064871809774695E-07
  3.82000000000000045E+03 -8.48603719057801905E-07 -3.24265766814901042E-07
  3.84000000000000091E+03 -1.00269974177031353E-06  2.92498424275577702E-08
  3.86000000000000091E+03 -8.07008103847461360E-07  2.94868339547209756E-07
  3.88000000000000091E+03 -7.73271223018963563E-07  4.63483294312905726E-07
  3.90000000000000091E+03 -5.50203509677765761E-07  7.46125326539687370E-07
  3.92000000000000091E+03 -2.65055607120379917E-07  7.69515664274232600E-07
  3.94000000000000091E+03 -1.12683453938871005E-07  8.47779390843143844E-07
  3.96000000000000091E+03  2.56938067443646899E-07  8.37373704496625293E-07
  3.98000000000000091E+03  3.98378524087432690E-07  6.39730408322695064E-07
  4.00000000000000091E+03  6.05308133798041954E-07  5.79470124462134995E-07
  4.02000000000000091E+03  7.61447062186063561E-07  2.74460145069273141E-07
  4.04000000000000091E+03  7.40498093169526350E-07  7.80583335746459584E-08
  4.06000000000000091E+03  7.91346651458914275E-07 -1.38650335519336161E-07
  4.08000000000000091E+03  6.63139328060196400E-07 -4.22021427942425908E-07
  4.10000000000000091E+03  5.04295990875473185E-07 -5.19930708147341591E-07
  4.12000000000000091E+03  3.65632909363246311E-07 -7.06027256302879793E-07
  4.14000000000000091E+03  7.43485117983206905E-08 -7.43676593904105791E-07
  4.16000000000000091E+03 -8.32783772758955359E-08 -7.18863467815641320E-07
  4.18000000000000091E+03 -3.28057960119020992E-07 -6.91428026359739953E-07
  4.20000000000000091E+03 -5.03479638865711469E-07 -5.14208419174346624E-07
  4.22000000000000091E+03 -6.02817906195991269E-07 -3.73755019161778280E-07
  4.24000000000000091E+03 -7.13139974640298413E-07 -1.67625265720613917E-07
  4.26000000000000091E+03 -6.84913468896942819E-07  6.03152143409848157E-08
  4.28000000000000091E+03 -6.48701044620965049E-07  2.25795813504694817E-07
  4.30000000000000091E+03 -5.39668045148441270E-07  4.32019487442350428E-07
  4.32000000000000091E+03 -3.69463116183145677E-07  5.35816396662524706E-07
  4.34000000000000091E+03 -2.08425846664861241E-07  6.23281398768172164E-07
  4.36000000000000091E+03  7.66175642391581098E-09  6.44663105933343213E-07
  4.38000000000000091E+03  1.84556813501813406E-07  5.92495982920151559E-07
  4.40000000000000091E+03  3.55834511264271404E-07  5.14858495635462897E-07
  4.42000000000000091E+03  4.90833274485669131E-07  3.64294521318738263E-07
  4.44000000000000091E+03  5.64322986137738349E-07  2.05398851828560417E-07
  4.46000000000000091E+03  6.04768977672835463E-07  2.22683268657791489E-08
  4.48000000000000091E+03  5.69408646120384372E-07 -1.62982536183708908E-07
  4.50000000000000091E+03  4.97136363154569278E-07 -3.14372739229809738E-07
  4.52000000000000091E+03  3.77566379933589132E-07 -4.56621252947701712E-07
  4.54000000000000091E+03  2.18872824883147918E-07 -5.32564235377188280E-07
  4.56000000000000091E+03  6.04404187889919318E-08 -5.76322023950546244E-07
  4.58000000000000091E+03 -1.20785458818067861E-07 -5.61790443088384204E-07
  4.60000000000000091E+03 -2.70334492690993069E-07 -4.92898152678503824E-07
  4.62000000000000091E+03 -4.00317070611146805E-07 -3.95268565697034372E-07
  4.64000000000000091E+03 -4.97293013413133490E-07 -2.50537197556951442E-07
  4.66000000000000091E+03 -5.31629606737220899E-07 -9.67585731449608341E-08
  4.68000000000000091E+03 -5.40435929263482770E-07  6.06064889788607647E-08
  4.70000000000000091E+03 -4.80851322236051723E-07  2.19461676144151428E-07
  4.72000000000000091E+03 -3.93011312044272392E-07  3.36547599873867485E-07
  4.74000000000000091E+03 -2.70354351078588977E-07  4.37889928686577182E-07
  4.76000000000000091E+03 -1.20995584937205567E-07  4.85626550683115363E-07
  4.78000000000000091E+03  2.54642400521776789E-08  4.89943626932484307E-07
  4.80000000000000091E+03  1.72945027253022462E-07  4.57249689551848720E-07
  4.82000000000000091E+03  2.99523666270018998E-07  3.70937043502749661E-07
  4.84000000000000091E+03  3.90277741390709494E-07  2.66136359253402347E-07
  4.86000000000000091E+03  4.53239590844610429E-07  1.30104747266059158E-07
  4.88000000000000091E+03  4.63184177866719959E-07 -1.12728511664634129E-08
  4.90000000000000091E+03  4.38102855354921859E-07 -1.47748811122560490E-07
  4.92000000000000091E+03  3.71592712399803573E-07 -2.71656789564090575E-07
  4.94000000000000091E+03  2.70238811311673652E-07 -3.66301440508346691E-07
  4.96000000000000091E+03  1.51904028687948093E-07 -4.26540679903131550E-07
  4.98000000000000091E+03  1.62479061049113642E-08 -4.50553294031649550E-07
  5.00000000000000091E+03 -1.13785967590760810E-07 -4.29493084526609787E-07
  5.02000000000000091E+03 -2.33495538959919152E-07 -3.76077054456816909E-07
  5.04000000000000091E+03 -3.29737811928976331E-07 -2.86571888216989907E-07
  5.06000000000000091E+03 -3.93954954003306050E-07 -1.76578167962730956E-07
  5.08000000000000091E+03 -4.23142319683253473E-07 -5.27553622685246325E-08
  5.10000000000000091E+03 -4.13272376222428824E-07  7.26048989711615175E-08
  5.12000000000000091E+03 -3.67745136279677182E-07  1.87204500543759127E-07
  5.14000000000000091E+03 -2.90675760584430954E-07  2.83305123936625744E-07
  5.16000000000000091E+03 -1.89432895966415110E-07  3.49795679074490636E-07
  5.18000000000000091E+03 -7.49709214062830272E-08  3.84512521504191259E-07
  5.20000000000000091E+03  4.46756335406783303E-08  3.82390731959647754E-07
  5.22000000000000091E+03  1.55298683096427403E-07  3.46014553171787134E-07
  5.24000000000000091E+03  2.50817477300976507E-07  2.79503623573368032E-07
  5.26000000000000091E+03  3.20129021691439868E-07  1.87704275092151113E-07
  5.28000000000000091E+03  3.58980841404105002E-07  8.23081826040750691E-08
  5.30000000000000091E+03  3.65084381342797669E-07 -2.99227539014099809E-08
  5.32000000000000091E+03  3.36676998773481990E-07 -1.36829938297362379E-07
  5.34000000000000091E+03  2.79485015897907538E-07 -2.29241309286494353E-07
  5.36000000000000091E+03  1.97592553062696381E-07 -3.00545045962553577E-07
  5.38000000000000091E+03  9.89899720109237002E-08 -3.42598085800293721E-07
  5.40000000000000091E+03 -5.45472025210320270E-09 -3.54361397057188214E-07
  5.42000000000000091E+03 -1.09184078123170170E-07 -3.34401585651101848E-07
  5.44000000000000091E+03 -1.99650206111589812E-07 -2.84879873269557498E-07
  5.46000000000000091E+03 -2.71737902290638798E-07 -2.12307687030360361E-07
  5.48000000000000091E+03 -3.17825761206394569E-07 -1.21868659814816391E-07
  5.50000000000000091E+03 -3.34749612704668757E-07 -2.34621851784050817E-08
  5.52000000000000091E+03 -3.22038623267294612E-07  7.43718052916505100E-08
  5.54000000000000091E+03 -2.80807982506529378E-07  1.63579969691501452E-07
  5.56000000000000091E+03 -2.15849888602557488E-07  2.34756980009174660E-07
  5.58000000000000091E+03 -1.33426944962819760E-07  2.84050579802785470E-07
  5.60000000000000091E+03 -4.09807015877200131E-08  3.05326672121091664E-07
  5.62000000000000091E+03  5.24605126063561245E-08  2.99268377321365724E-07
  5.64000000000000091E+03  1.39060919828651142E-07  2.65455934688154041E-07
  5.66000000000000091E+03  2.10825235530715285E-07  2.08612347867647509E-07
  5.68000000000000091E+03  2.61769829233021049E-07  1.33731186870548019E-07
  5.70000000000000091E+03  2.88047891983723221E-07  4.80747971921759106E-08
  5.72000000000000091E+03  2.87152951958858434E-07 -4.02772352627802551E-08
  5.74000000000000091E+03  2.60899767544316304E-07 -1.23676015393025647E-07
  5.76000000000000091E+03  2.10711181868860597E-07 -1.94507681748622163E-07
  5.78000000000000091E+03  1.43215185534413612E-07 -2.46683162918892593E-07
  5.80000000000000091E+03  6.34128392539811601E-08 -2.76292625904132537E-07
  5.82000000000000091E+03 -2.03288451752061511E-08 -2.80563921600256993E-07
  5.84000000000000091E+03 -1.00725246064335331E-07 -2.60273614188614830E-07
  5.86000000000000091E+03 -1.70933851342861046E-07 -2.17446774850180312E-07
  5.88000000000000091E+03 -2.24240838887380538E-07 -1.56222925006465245E-07
  5.90000000000000091E+03 -2.56867995807975387E-07 -8.31954073164696596E-08
  5.92000000000000091E+03 -2.66028992299291737E-07 -4.08998063911753677E-09
  5.94000000000000091E+03 -2.51224283804666709E-07  7.27785222098275502E-08
  5.96000000000000091E+03 -2.14909606721102584E-07  1.41379837875582435E-07
  5.98000000000000091E+03 -1.59988790464720229E-07  1.95455286676011573E-07
  6.00000000000000091E+03 -9.24784501634708941E-08  2.30252130436986400E-07
  6.02000000000000091E+03 -1.83586727276958622E-08  2.43645158347495637E-07
  6.04000000000000091E+03  5.57109107996151225E-08  2.34261981398121732E-07
  6.06000000000000091E+03  1.22604230962414549E-07  2.03869748540182501E-07
  6.08000000000000091E+03  1.77144936807029297E-07  1.55583542623382293E-07
  6.10000000000000091E+03  2.14141820443284418E-07  9.38045256800909021E-08
  6.12000000000000091E+03  2.30963101047068401E-07  2.49241486855487095E-08
  6.14000000000000091E+03  2.26590008066494914E-07 -4.53466037988116906E-08
  6.16000000000000091E+03  2.01526761655192566E-07 -1.10203192658187659E-07
  6.18000000000000091E+03  1.58979558716159789E-07 -1.64169249454666980E-07
  6.20000000000000091E+03  1.02643757025987296E-07 -2.02701988800953184E-07
  6.22000000000000091E+03  3.82100548231791760E-08 -2.22415103355754791E-07
  6.24000000000000091E+03 -2.84708457640723277E-08 -2.22290977767384491E-07
  6.26000000000000091E+03 -9.15111528217712221E-08 -2.02486403706132150E-07
  6.28000000000000091E+03 -1.45024453272622098E-07 -1.65307604974091337E-07
  6.30000000000000091E+03 -1.84793332390913718E-07 -1.14575350068618607E-07
  6.32000000000000091E+03 -2.07229797975203844E-07 -5.48069720065393789E-08
  6.34000000000000091E+03 -2.10869869921715534E-07  8.00858443592153470E-09
  6.36000000000000091E+03 -1.95797076556659016E-07  6.86208728657918171E-08
  6.38000000000000091E+03 -1.63615034951617525E-07  1.21325229729482634E-07
  6.40000000000000091E+03 -1.17787536213431676E-07  1.61699654089609588E-07
  6.42000000000000091E+03 -6.25561173956941102E-08  1.86484620679761824E-07
  6.44000000000000091E+03 -3.08781726680966512E-09  1.93552808320658223E-07
  6.46000000000000091E+03  5.50253279590889870E-08  1.82967010940958640E-07
  6.48000000000000091E+03  1.06941870356394549E-07  1.55808707577839959E-07
  6.50000000000000091E+03  1.47735293788099038E-07  1.14996213664844139E-07
  6.52000000000000091E+03  1.74371255884659122E-07  6.45237238763848792E-08
  6.54000000000000091E+03  1.84535012713481099E-07  8.97800554227661827E-09
  6.56000000000000091E+03  1.77735139439291639E-07 -4.63720612148377338E-08
  6.58000000000000091E+03  1.55072310533784877E-07 -9.66804715908763179E-08
  6.60000000000000091E+03  1.18712523175512601E-07 -1.37564690532837155E-07
  6.62000000000000091E+03  7.24449439829191901E-08 -1.65409299632546518E-07
  6.64000000000000091E+03  2.04873784671667563E-08 -1.78258216733524891E-07
  6.66000000000000091E+03 -3.23400279534934569E-08 -1.75015419360562994E-07
  6.68000000000000091E+03 -8.12052770413460378E-08 -1.56540552035664681E-07
  6.70000000000000091E+03 -1.21948830070087047E-07 -1.24722284248727752E-07
  6.72000000000000091E+03 -1.50966315914838313E-07 -8.26870116306150942E-08
  6.74000000000000091E+03 -1.65984327469246255E-07 -3.45395353302119672E-08
  6.76000000000000091E+03 -1.65987575097742875E-07  1.54190478017957489E-08
  6.78000000000000091E+03 -1.51206672960757960E-07  6.25469331202318329E-08
  6.80000000000000091E+03 -1.23446430939089789E-07  1.02746597146902017E-07
  6.82000000000000091E+03 -8.53353252141583217E-08  1.32591204217774578E-07
  6.84000000000000091E+03 -4.06274941694934590E-08  1.49557694890273976E-07
  6.86000000000000091E+03  6.55993776155405931E-09  1.52532902543868919E-07
  6.88000000000000091E+03  5.19748280106283166E-08  1.41463474925765321E-07
  6.90000000000000091E+03  9.15060640959229934E-08  1.17726007215485649E-07
  6.92000000000000091E+03  1.21844683854383769E-07  8.37337383413305374E-08
  6.94000000000000091E+03  1.40402740634182752E-07  4.27198898862830932E-08
  6.96000000000000091E+03  1.45824278042161964E-07 -1.39258920833545726E-09
  6.98000000000000091E+03  1.37946665465779858E-07 -4.46634027539971612E-08
  7.00000000000000091E+03  1.17719549672110072E-07 -8.31704599724236751E-08
  7.02000000000000091E+03  8.73334965170924562E-08 -1.13584881984136452E-07
  7.04000000000000091E+03  4.96676031213415867E-08 -1.33399818107197993E-07
  7.06000000000000091E+03  8.32278948217593223E-09 -1.41014839796329655E-07
  7.08000000000000091E+03 -3.29137429869789135E-08 -1.36108280455505599E-07
  7.10000000000000091E+03 -7.03778211041727664E-08 -1.19351709523076540E-07
  7.12000000000000091E+03 -1.00742040432172584E-07 -9.25451577671885243E-08
  7.14000000000000091E+03 -1.21501952468972347E-07 -5.83502084636408841E-08
  7.16000000000000091E+03 -1.30995652663603673E-07 -1.99481678984540391E-08
  7.18000000000000091E+03 -1.28627490078639447E-07  1.90494967240935563E-08
  7.20000000000000091E+03 -1.14937416927118753E-07  5.51944280959684047E-08
  7.22000000000000091E+03 -9.13589574995686839E-08  8.52840660788197103E-08
  7.24000000000000091E+03 -6.03045090494905886E-08  1.06768423822190655E-07
  7.26000000000000091E+03 -2.46996118845626722E-08  1.17956643698433038E-07
  7.28000000000000091E+03  1.21479566707906909E-08  1.18064335353541310E-07
  7.30000000000000091E+03  4.68803177162464333E-08  1.07378954609792098E-07
  7.32000000000000091E+03  7.64806043158312175E-08  8.71223963999551121E-08
  7.34000000000000091E+03  9.83761959557512932E-08  5.93278567126173425E-08
  7.36000000000000091E+03  1.10831618610470952E-07  2.67148782799024035E-08
  7.38000000000000091E+03  1.12951895644033025E-07 -7.71384494318277096E-09
  7.40000000000000091E+03  1.04804176118136750E-07 -4.07885448690466411E-08
  7.42000000000000091E+03  8.73959072970690964E-08 -6.95934914941266101E-08
  7.44000000000000091E+03  6.25070865277120208E-08 -9.16544252122470289E-08
  7.46000000000000091E+03  3.25732170538269549E-08 -1.05144217394582329E-07
  7.48000000000000091E+03  4.11707865664110506E-10 -1.09098175200145906E-07
  7.50000000000000091E+03 -3.10478665297729036E-08 -1.03379160331084056E-07
  7.52000000000000091E+03 -5.89780814599785584E-08 -8.87674785248664839E-08
  7.54000000000000091E+03 -8.09887540056088727E-08 -6.67969718068570230E-08
  7.56000000000000091E+03 -9.52404567667553708E-08 -3.96248273455786298E-08
  7.58000000000000091E+03 -1.00668698983392589E-07 -9.83562168983593853E-09
  7.60000000000000091E+03 -9.70216397683704608E-08  1.98450974003994303E-08
  7.62000000000000091E+03 -8.48578234794481480E-08  4.67498301398800107E-08
  7.64000000000000091E+03 -6.55130933726657562E-08  6.85449558144094252E-08
  7.66000000000000091E+03 -4.09013115386723895E-08  8.34220951694138336E-08
  7.68000000000000182E+03 -1.33836615410507790E-08  9.02255445136059354E-08
  7.70000000000000182E+03  1.44942614435647487E-08  8.85845467777610870E-08
  7.72000000000000182E+03  4.02290920559334024E-08  7.88700720915152005E-08
  7.74000000000000182E+03  6.15615556472388451E-08  6.21879431644281061E-08
  7.76000000000000182E+03  7.67165059555340320E-08  4.02345893078335583E-08
  7.78000000000000182E+03  8.45022564099306344E-08  1.51232786442810911E-08
  7.80000000000000182E+03  8.44363089485730680E-08 -1.07895125233025028E-08
  7.82000000000000182E+03  7.67577232579057755E-08 -3.51637641179911012E-08
  7.84000000000000182E+03  6.23706011542765081E-08 -5.58508083256268214E-08
  7.86000000000000182E+03  4.27754083892134080E-08 -7.10994965743902133E-08
  7.88000000000000182E+03  1.98797777935218146E-08 -7.97089452040198116E-08
  7.90000000000000182E+03 -4.15872687809788198E-09 -8.10935968014687306E-08
  7.92000000000000182E+03 -2.71433857189216762E-08 -7.53560054689072833E-08
  7.94000000000000182E+03 -4.70489814888844783E-08 -6.32210971841452558E-08
  7.96000000000000182E+03 -6.21752830345948043E-08 -4.59752082988458167E-08
  7.98000000000000182E+03 -7.13178695983761206E-08 -2.53269942756500450E-08
  8.00000000000000182E+03 -7.38425811719456471E-08 -3.23054860933440497E-09
  8.02000000000000182E+03 -6.97299806992276666E-08  1.82813610111493286E-08
  8.04000000000000182E+03 -5.95683436128920050E-08  3.73002950950976012E-08
  8.06000000000000182E+03 -4.44597664649847721E-08  5.22021167802932266E-08
  8.08000000000000182E+03 -2.59291427119791478E-08  6.17828946459354050E-08
  8.10000000000000182E+03 -5.75058902518098856E-09  6.53656431813308213E-08
  8.12000000000000182E+03  1.42076428905019094E-08  6.28286753312634802E-08
  8.14000000000000182E+03  3.21601157636507113E-08  5.46128678815685068E-08
  8.16000000000000182E+03  4.65661913277235716E-08  4.16543156527453686E-08
  8.18000000000000182E+03  5.62549475523248296E-08  2.52830767770916500E-08
  8.20000000000000182E+03  6.05250785688603123E-08  7.09665384991877033E-09
  8.22000000000000182E+03  5.91893043976703741E-08 -1.12074895363577953E-08
  8.24000000000000182E+03  5.25717597756710585E-08 -2.79742543042189482E-08
  8.26000000000000182E+03  4.14662301008851935E-08 -4.17538158174705860E-08
  8.28000000000000182E+03  2.70387448043298069E-08 -5.14161328155685628E-08
  8.30000000000000182E+03  1.07162332477203636E-08 -5.62467489015103011E-08
  8.32000000000000182E+03 -5.95884950976715987E-09 -5.59970538514774305E-08
  8.34000000000000182E+03 -2.14719084473197595E-08 -5.08854425741785191E-08
  8.36000000000000182E+03 -3.44698469577163315E-08 -4.15649532460483773E-08
  8.38000000000000182E+03 -4.38857949739588563E-08 -2.90430798988242866E-08
  8.40000000000000182E+03 -4.90159035342367948E-08 -1.45767215562101099E-08
  8.42000000000000182E+03 -4.95781238277473687E-08  4.49702318315468710E-10
  8.44000000000000182E+03 -4.57151743020395201E-08  1.46615919427809192E-08
  8.46000000000000182E+03 -3.79657245717444422E-08  2.68133161444243037E-08
  8.48000000000000182E+03 -2.72009891140596994E-08  3.59018629247898060E-08
  8.50000000000000182E+03 -1.45258187349210564E-08  4.12469759557097632E-08
  8.52000000000000182E+03 -1.17232083408212031E-09  4.25379058001575282E-08
  8.54000000000000182E+03  1.16223720110237873E-08  3.98505153679518980E-08
  8.56000000000000182E+03  2.27299803654777092E-08  3.36176242076946190E-08
  8.58000000000000182E+03  3.12276259745620124E-08  2.45774230311256896E-08
  8.60000000000000182E+03  3.64780515740239420E-08  1.36893071946488426E-08
  8.62000000000000182E+03  3.81707117726039061E-08  2.03380969956537112E-09
  8.64000000000000182E+03  3.63380876791399615E-08 -9.29017778557879877E-09
  8.66000000000000182E+03  3.13350173929759838E-08 -1.92723837723620118E-08
  8.68000000000000182E+03  2.37885910266262664E-08 -2.70773091920111963E-08
  8.70000000000000182E+03  1.45281749583845325E-08 -3.21152168747535061E-08
  8.72000000000000182E+03  4.49500543803288440E-09 -3.40845665616381835E-08
  8.74000000000000182E+03 -5.35040112040022066E-09 -3.29835758275581969E-08
  8.76000000000000182E+03 -1.41197580786281914E-08 -2.90965668169828551E-08
  8.78000000000000182E+03 -2.10779893688461399E-08 -2.29491629092696604E-08
  8.80000000000000182E+03 -2.57020035859306159E-08 -1.52466386832511673E-08
  8.82000000000000182E+03 -2.77206656145675868E-08 -6.79596455609970384E-09
  8.84000000000000182E+03 -2.71235716198753809E-08  1.57724517313973493E-09
  8.86000000000000182E+03 -2.41479106812093998E-08  9.10808525801644334E-09
  8.88000000000000182E+03 -1.92397680072440154E-08  1.51630870365854767E-08
  8.90000000000000182E+03 -1.29975695361427719E-08  1.92924467565022460E-08
  8.92000000000000182E+03 -6.10507351182352629E-09  2.12619663977474330E-08
  8.94000000000000182E+03  7.42464925432065134E-10  2.10623510824679116E-08
  8.96000000000000182E+03  6.90620642025092364E-09  1.88934903600824540E-08
  8.98000000000000182E+03  1.18640229812406855E-08  1.51320232934630251E-08
  9.00000000000000182E+03  1.52541390801457679E-08  1.02791831684239082E-08
  9.02000000000000182E+03  1.68995821392014689E-08  4.90279475970976123E-09
  9.04000000000000182E+03  1.68131521423527329E-08 -4.26310983400398848E-10
  9.06000000000000182E+03  1.51809901104933094E-08 -5.19330091048770689E-09
  9.08000000000000182E+03  1.23299232681113922E-08 -8.98777977847403086E-09
  9.10000000000000182E+03  8.68226653079347269E-09 -1.15399498063268100E-08
  9.12000000000000182E+03  4.70178365955245811E-09 -1.27370157684200047E-08
  9.14000000000000182E+03  8.41311641307361676E-10 -1.26231791697251077E-08
  9.16000000000000182E+03 -2.50789372668935930E-09 -1.13816472054024926E-08
  9.18000000000000182E+03 -5.05416299905730441E-09 -9.30183485581059537E-09
  9.20000000000000182E+03 -6.63099094535559713E-09 -6.73777564822423113E-09
  9.22000000000000182E+03 -7.20654134982183505E-09 -4.06047224444639750E-09
  9.24000000000000182E+03 -6.87567385589734373E-09 -1.61185421945755910E-09
  9.26000000000000182E+03 -5.83891211811168892E-09  3.34890769783881783E-10
  9.28000000000000182E+03 -4.36821156034726952E-09  1.60549960975264199E-09
  9.30000000000000182E+03 -2.76653434687161378E-09  2.13945962531021864E-09
  9.32000000000000182E+03 -1.32524764380077433E-09  1.99142822121967528E-09
  9.34000000000000182E+03 -2.84129642708747651E-10  1.31668881095134146E-09
  9.36000000000000182E+03  1.99674041497609852E-10  3.44497958681321758E-10
  9.38000000000000182E+03  7.19735784429200843E-11 -6.57402133633981139E-10
  9.40000000000000182E+03 -6.12809571536425767E-10 -1.42354100821176598E-09
  9.42000000000000182E+03 -1.70045882867482657E-09 -1.72984142056177332E-09
  9.44000000000000182E+03 -2.95891753152419517E-09 -1.42809566324660839E-09
  9.46000000000000182E+03 -4.11169910107855325E-09 -4.69930384191122008E-10
  9.48000000000000182E+03 -4.87710732413106941E-09  1.08220719826437124E-09
  9.50000000000000182E+03 -5.00996222150971867E-09  3.05829547750333048E-09
  9.52000000000000182E+03 -4.33955790346846344E-09  5.19935611990765418E-09
  9.54000000000000182E+03 -2.79919449000790296E-09  7.18774862213195481E-09
  9.56000000000000182E+03 -4.44120575928743699E-10  8.68747800579987825E-09
  9.58000000000000182E+03  2.54634736374959878E-09  9.38873793455442261E-09
  9.60000000000000182E+03  5.88157453179869153E-09  9.05152246798745243E-09
  9.62000000000000182E+03  9.18777388120912167E-09  7.54380883410215346E-09
  9.64000000000000182E+03  1.20484603600896828E-08  4.86795006128961240E-09
  9.66000000000000182E+03  1.40521977006376645E-08  1.17291879323303326E-09
  9.68000000000000182E+03  1.48440574753638173E-08 -3.25038434828333950E-09
  9.70000000000000182E+03  1.41730049355296147E-08 -7.99172051102814723E-09
  9.72000000000000182E+03  1.19308522785607080E-08 -1.25587142523369168E-08
  9.74000000000000182E+03  8.17758637276870570E-09 -1.64272661719723888E-08
  9.76000000000000182E+03  3.14849494454572870E-09 -1.90985989238216244E-08
  9.78000000000000182E+03 -2.75724167612071351E-09 -2.01573179080637539E-08
  9.80000000000000182E+03 -9.00754170094173171E-09 -1.93249231099961498E-08
  9.82000000000000182E+03 -1.49854536967830141E-08 -1.65008738924084253E-08
  9.84000000000000182E+03 -2.00489266846812350E-08 -1.17876661329516633E-08
  9.86000000000000182E+03 -2.35983605302171209E-08 -5.49541389551701955E-09
  9.88000000000000182E+03 -2.51431948284886973E-08  1.87605708401250224E-09
  9.90000000000000182E+03 -2.43614084233888032E-08  9.67575051593740959E-09
  9.92000000000000182E+03 -2.11453935376097086E-08  1.71590604887107377E-08
  9.94000000000000182E+03 -1.56273856334300234E-08  2.35587161921044998E-08
  9.96000000000000182E+03 -8.18217278353580758E-09  2.81618745276304586E-08
  9.98000000000000182E+03  5.95418241529795492E-10  3.03871096531456740E-08
 -9.98000000000000182E+03  9.93726529048067658E-09  2.98516356461289357E-08
 -9.96000000000000182E+03  1.89685626586574904E-08  2.64223914027272697E-08
 -9.94000000000000182E+03  2.67895116298488556E-08  2.02448839586399467E-08
 -9.92000000000000182E+03  3.25640645847488314E-08  1.17448044449839007E-08
 -9.90000000000000182E+03  3.56066134231407300E-08  1.60208178720586167E-09
 -9.88000000000000182E+03  3.54589187040038178E-08 -9.30221540820144153E-09
 -9.86000000000000182E+03  3.19478289699569368E-08 -1.99619677706446736E-08
 -9.84000000000000182E+03  2.52177083409599648E-08 -2.93382746922108481E-08
 -9.82000000000000182E+03  1.57333279203635154E-08 -3.64595738677935161E-08
 -9.80000000000000182E+03  4.25085823303568266E-09 -4.05206235934577178E-08
 -9.78000000000000182E+03 -8.24113320284012819E-09 -4.09691006694209444E-08
 -9.76000000000000182E+03 -2.06060065553613387E-08 -3.75722546416276118E-08
 -9.74000000000000182E+03 -3.16623461744787290E-08 -3.04552551421610094E-08
 -9.72000000000000182E+03 -4.02962209723062974E-08 -2.01058640889081924E-08
 -9.70000000000000182E+03 -4.55713771106367926E-08 -7.34490126477174146E-09
 -9.68000000000000182E+03 -4.68285900464123335E-08  6.73755603174596315E-09
 -9.66000000000000182E+03 -4.37606977330565875E-08  2.08751325292866779E-08
 -9.64000000000000182E+03 -3.64582439263569501E-08  3.37380027372448526E-08
 -9.62000000000000182E+03 -2.54185498975094068E-08  4.40582152101847033E-08
 -9.60000000000000182E+03 -1.15148160152574011E-08  5.07534832727096190E-08
 -9.58000000000000182E+03  4.07028464114292798E-09  5.30375511332604517E-08
 -9.56000000000000182E+03  1.99447427050446370E-08  5.05091159041659146E-08
 -9.54000000000000182E+03  3.46316840116012682E-08  4.32041256620652288E-08
 -9.52000000000000182E+03  4.67047326621036197E-08  3.16111294601062016E-08
 -9.50000000000000182E+03  5.49269820362865874E-08  1.66432003171616269E-08
 -9.48000000000000182E+03  5.83748051593507523E-08 -4.33205625428757694E-10
 -9.46000000000000182E+03  5.65367614174727597E-08 -1.81027324719701734E-08
 -9.44000000000000182E+03  4.93796459612021016E-08 -3.47357829826396307E-08
 -9.42000000000000182E+03  3.73671978499413271E-08 -4.87386146115473257E-08
 -9.40000000000000182E+03  2.14365042865979348E-08 -5.87030399163424592E-08
 -9.38000000000000182E+03  2.92707838227493570E-09 -6.35483209049354748E-08
 -9.36000000000000182E+03 -1.65322963405103885E-08 -6.26332659499641635E-08
 -9.34000000000000182E+03 -3.51640441156822382E-08 -5.58318183726910572E-08
 -9.32000000000000182E+03 -5.12049953038706836E-08 -4.35654762160445738E-08
 -9.30000000000000182E+03 -6.30728759801277057E-08 -2.67796622161676426E-08
 -9.28000000000000182E+03 -6.95183730530045465E-08 -6.87540900289781307E-09
 -9.26000000000000182E+03 -6.97568832129779043E-08  1.44064256955887849E-08
 -9.24000000000000182E+03 -6.35553476471220052E-08  3.51390739802245318E-08
 -9.22000000000000182E+03 -5.12721156113197562E-08  5.33804920614181839E-08
 -9.20000000000000182E+03 -3.38459436492648186E-08  6.73569275635168308E-08
 -9.18000000000000182E+03 -1.27229278144767784E-08  7.56343163129143481E-08
 -9.16000000000000182E+03  1.02590008000792270E-08  7.72601279362148649E-08
 -9.14000000000000182E+03  3.30290850939655287E-08  7.18719632078971246E-08
 -9.12000000000000182E+03  5.34729460934192847E-08  5.97470045518019298E-08
 -9.10000000000000182E+03  6.96229110415470940E-08  4.17957075705639427E-08
 -9.08000000000000182E+03  7.98502064673004767E-08  1.95010793111711445E-08
 -9.06000000000000182E+03  8.30260776865446154E-08 -5.20839477725144078E-09
 -9.04000000000000182E+03  7.86387940329155158E-08 -3.01191472293046670E-08
 -9.02000000000000182E+03  6.68654014619425292E-08 -5.29312613357541986E-08
 -9.00000000000000182E+03  4.85712944373080425E-08 -7.14732442204117430E-08
 -8.98000000000000182E+03  2.52506156420298663E-08 -8.39007397133265706E-08
 -8.96000000000000182E+03 -1.08926655037319519E-09 -8.88840958034019270E-08
 -8.94000000000000182E+03 -2.81072383727277044E-08 -8.57437478838694295E-08
 -8.92000000000000182E+03 -5.33283534079968079E-08 -7.45302352308215588E-08
 -8.90000000000000182E+03 -7.43730035240908212E-08 -5.60455366132611335E-08
 -8.88000000000000182E+03 -8.91824348712886987E-08 -3.17854655065185514E-08
 -8.86000000000000182E+03 -9.62122692620269535E-08 -3.82121942885580315E-09
 -8.84000000000000182E+03 -9.45966698868920417E-08  2.53716543542497350E-08
 -8.82000000000000182E+03 -8.42439047298470167E-08  5.31394574895702075E-08
 -8.80000000000000182E+03 -6.58652791122241702E-08  7.68834249171419078E-08
 -8.78000000000000182E+03 -4.09347287817025218E-08  9.43053699744458119E-08
 -8.76000000000000182E+03 -1.15712313943094896E-08  1.03629814847079292E-07
 -8.74000000000000182E+03  1.96421130082168493E-08  1.03778563710392221E-07
 -8.72000000000000182E+03  4.98776314459034914E-08  9.44912763511862565E-08
 -8.70000000000000182E+03  7.63254328599554099E-08  7.63737450780453719E-08
 -8.68000000000000182E+03  9.64500969370675444E-08  5.08589867260028987E-08
 -8.66000000000000182E+03  1.08228522398172330E-07  2.01014216625570405E-08
 -8.64000000000000182E+03  1.10358768634699689E-07 -1.32008769390320664E-08
 -8.62000000000000182E+03  1.02391932732559554E-07 -4.60531845403978300E-08
 -8.60000000000000182E+03  8.47938762731563977E-08 -7.54143846541659203E-08
 -8.58000000000000182E+03  5.89399052723475589E-08 -9.84924577871196561E-08
 -8.56000000000000182E+03  2.69892249501448847E-08 -1.13004786672496319E-07
 -8.54000000000000182E+03 -8.27553306948459171E-09 -1.17388339884473303E-07
 -8.52000000000000182E+03 -4.36916913610213993E-08 -1.10987564004993015E-07
 -8.50000000000000182E+03 -7.60183238074552334E-08 -9.41138499155969686E-08
 -8.48000000000000182E+03 -1.02195951532544508E-07 -6.80473096624088382E-08
 -8.46000000000000182E+03 -1.19670670544865306E-07 -3.49637278759923456E-08
 -8.44000000000000182E+03 -1.26624082963080738E-07  2.28653855337033810E-09
 -8.42000000000000182E+03 -1.22143917545929439E-07  4.03778962336219233E-08
 -8.40000000000000182E+03 -1.06375831998630637E-07  7.58298115309428837E-08
 -8.38000000000000182E+03 -8.04797859680287361E-08  1.05336097117848216E-07
 -8.36000000000000182E+03 -4.65868598771086225E-08  1.26022926761460715E-07
 -8.34000000000000182E+03 -7.62769848245820944E-09  1.35792234175212422E-07
 -8.32000000000000182E+03  3.29620485605674464E-08  1.33479638828024031E-07
 -8.30000000000000182E+03  7.14771418986275313E-08  1.18995825612933782E-07
 -8.28000000000000182E+03  1.04335986361764375E-07  9.34000143651728446E-08
 -8.26000000000000182E+03  1.28395495888709114E-07  5.87559392662829625E-08
 -8.24000000000000182E+03  1.41213989056864441E-07  1.80405359855622442E-08
 -8.22000000000000182E+03  1.41369189779442336E-07 -2.51478606382414926E-08
 -8.20000000000000182E+03  1.28530769420394056E-07 -6.69182835246325388E-08
 -8.18000000000000182E+03  1.03566590931209082E-07 -1.03382002755633605E-07
 -8.16000000000000182E+03  6.84955919237371725E-08 -1.31078222388337649E-07
 -8.14000000000000182E+03  2.62747199927623570E-08 -1.47257939903172648E-07
 -8.12000000000000182E+03 -1.93728477201390358E-08 -1.50151316435420185E-07
 -8.10000000000000182E+03 -6.43495802842096522E-08 -1.39198868728559771E-07
 -8.08000000000000182E+03 -1.04515759855903533E-07 -1.15064912750247975E-07
 -8.06000000000000182E+03 -1.36071409241312887E-07 -7.96622618898429546E-08
 -8.04000000000000182E+03 -1.55926571677687473E-07 -3.59750467422932910E-08
 -8.02000000000000182E+03 -1.61991226547604137E-07  1.21863317501950539E-08
 -8.00000000000000182E+03 -1.53390004550354536E-07  6.05079492071313609E-08
 -7.98000000000000182E+03 -1.30572143411467141E-07  1.04565969164919622E-07
 -7.96000000000000182E+03 -9.53127626594128182E-08  1.40216632720470931E-07
 -7.94000000000000182E+03 -5.05502364012578194E-08  1.64019395465909002E-07
 -7.92000000000000182E+03 -1.72720786978039151E-10  1.73492463617849960E-07
 -7.90000000000000182E+03  5.13113095109053901E-08  1.67473769978681101E-07
 -7.88000000000000182E+03  9.92418480570393317E-08  1.46148867892544095E-07
 -7.86000000000000182E+03  1.39104991847294013E-07  1.11111828423942962E-07
 -7.84000000000000182E+03  1.67080888875182687E-07  6.53115189697395478E-08
 -7.82000000000000182E+03  1.80358327250959690E-07  1.26455186603202568E-08
 -7.80000000000000182E+03  1.77318601282180407E-07 -4.21727909720213696E-08
 -7.78000000000000182E+03  1.57962045103063845E-07 -9.41552825087168995E-08
 -7.76000000000000182E+03  1.23619639253595714E-07 -1.38541899050013803E-07
 -7.74000000000000182E+03  7.71142237692272931E-08 -1.70984739187460963E-07
 -7.72000000000000182E+03  2.24953211693325671E-08 -1.88336988755839670E-07
 -7.70000000000000182E+03 -3.55366532468082826E-08 -1.88635436162378719E-07
 -7.68000000000000182E+03 -9.16183202526448245E-08 -1.71408611400287827E-07
 -7.66000000000000182E+03 -1.40632261258299791E-07 -1.37978778236062586E-07
 -7.64000000000000182E+03 -1.77971174835905550E-07 -9.08869823043364756E-08
 -7.62000000000000182E+03 -1.99818872783865898E-07 -3.42424669394711611E-08
 -7.60000000000000182E+03 -2.04003486913550120E-07  2.69700579898197968E-08
 -7.58000000000000182E+03 -1.89621160620170445E-07  8.73734299893774085E-08
 -7.56000000000000182E+03 -1.57589953390683847E-07  1.41229213825813057E-07
 -7.54000000000000182E+03 -1.10570331294594168E-07  1.83622960734523139E-07
 -7.52000000000000182E+03 -5.23359576943983736E-08  2.10363229381758913E-07
 -7.50000000000000182E+03  1.18349953855113872E-08  2.18574788046321355E-07
 -7.48000000000000182E+03  7.62899257152112308E-08  2.07275643762010915E-07
 -7.46000000000000182E+03  1.35177499517876186E-07  1.76879829137138202E-07
 -7.44000000000000182E+03  1.82816553288949019E-07  1.29861325229583001E-07
 -7.42000000000000182E+03  2.14795406789962146E-07  7.01790653041774129E-08
 -7.40000000000000182E+03  2.27683957297815585E-07  2.88831849934276049E-09
 -7.38000000000000182E+03  2.19928033021404731E-07 -6.58344370873928256E-08
 -7.36000000000000182E+03  1.91826699813752104E-07 -1.29871884813237593E-07
 -7.34000000000000182E+03  1.45405328816000303E-07 -1.83189682859552914E-07
 -7.32000000000000182E+03  8.45921106967564209E-08 -2.20645518621902867E-07
 -7.30000000000000182E+03  1.45949248558690824E-08 -2.38525132186736489E-07
 -7.28000000000000182E+03 -5.83775382939330191E-08 -2.34676832600015988E-07
 -7.26000000000000182E+03 -1.27706962503191689E-07 -2.09049149309594241E-07
 -7.24000000000000182E+03 -1.86962056570550668E-07 -1.63407569785033102E-07
 -7.22000000000000182E+03 -2.30486452258824141E-07 -1.01623588479664221E-07
 -7.20000000000000182E+03 -2.54016521294119459E-07 -2.88337650021940501E-08
 -7.18000000000000182E+03 -2.54798192909220397E-07  4.84244829970961948E-08
 -7.16000000000000182E+03 -2.32470408335317647E-07  1.23159045602423943E-07
 -7.14000000000000182E+03 -1.88409600653697448E-07  1.88686114875856700E-07
 -7.12000000000000182E+03 -1.26124385703242453E-07  2.38442603151342952E-07
 -7.10000000000000182E+03 -5.12514372690924913E-08  2.67875959683741717E-07
 -7.08000000000000182E+03  3.02113724378946572E-08  2.73719995677832108E-07
 -7.06000000000000182E+03  1.10341371322102375E-07  2.54662476730629193E-07
 -7.04000000000000182E+03  1.82112105091976469E-07  2.12506681120918604E-07
 -7.02000000000000182E+03  2.38924815944027452E-07  1.49883700105367316E-07
 -7.00000000000000182E+03  2.74570284272176489E-07  7.25279526819605300E-08
 -6.98000000000000182E+03  2.86232681287087604E-07 -1.26739769240052371E-08
 -6.96000000000000182E+03  2.71594656925744715E-07 -9.88755564719158127E-08
 -6.94000000000000182E+03  2.31486616434243163E-07 -1.77043882375175882E-07
 -6.92000000000000182E+03  1.69720253304787156E-07 -2.40854792454687877E-07
 -6.90000000000000182E+03  9.02105094031036466E-08 -2.83814135758685468E-07
 -6.88000000000000182E+03  1.05735817530967987E-09 -3.00912095983742148E-07
 -6.86000000000000182E+03 -9.03441051460553753E-08 -2.91348955426811160E-07
 -6.84000000000000182E+03 -1.76168666050778620E-07 -2.53926650763043512E-07
 -6.82000000000000182E+03 -2.47043164345723654E-07 -1.92314926347333518E-07
 -6.80000000000000182E+03 -2.97834378307904748E-07 -1.11827296501424686E-07
 -6.78000000000000182E+03 -3.22266962274793507E-07 -1.81415226686046937E-08
 -6.76000000000000182E+03 -3.17586315888883681E-07  7.87337481535023361E-08
 -6.74000000000000182E+03 -2.84661543217592859E-07  1.71361416804528326E-07
 -6.72000000000000182E+03 -2.24130130517314948E-07  2.50862940915303414E-07
 -6.70000000000000182E+03 -1.42464943283456774E-07  3.08767939325491699E-07
 -6.68000000000000182E+03 -4.60290468597961286E-08  3.40951665442943436E-07
 -6.66000000000000182E+03  5.71949125713497447E-08  3.42278006633029899E-07
 -6.64000000000000182E+03  1.56597190658190985E-07  3.12753136860382701E-07
 -6.62000000000000182E+03  2.44370594028032709E-07  2.54650117359178360E-07
 -6.60000000000000182E+03  3.11443119180726946E-07  1.71551921422462081E-07
 -6.58000000000000182E+03  3.51077413969901459E-07  7.18080426564459783E-08
 -6.56000000000000182E+03  3.59810550424069772E-07 -3.67698943323032446E-08
 -6.54000000000000182E+03  3.35180270577700863E-07 -1.44065531735746881E-07
 -6.52000000000000182E+03  2.79366175641508702E-07 -2.40223177736918294E-07
 -6.50000000000000182E+03  1.96404717560509782E-07 -3.16181165052411918E-07
 -6.48000000000000182E+03  9.35548092658218898E-08 -3.64684248777480860E-07
 -6.46000000000000182E+03 -2.07249331991416881E-08 -3.80549394636471490E-07
 -6.44000000000000182E+03 -1.35604257032338057E-07 -3.61134823245031627E-07
 -6.42000000000000182E+03 -2.40773765722921501E-07 -3.08672715932659957E-07
 -6.40000000000000182E+03 -3.27378564186046012E-07 -2.25405895784530588E-07
 -6.38000000000000182E+03 -3.84521151126288799E-07 -1.19561328218969180E-07
 -6.36000000000000182E+03 -4.09764354958011260E-07 -6.52505955840338912E-10
 -6.34000000000000182E+03 -3.97172043972573873E-07  1.23324322158086950E-07
 -6.32000000000000182E+03 -3.47491736531959555E-07  2.37053894968624592E-07
 -6.30000000000000182E+03 -2.67290013675170916E-07  3.33430390586132215E-07
 -6.28000000000000182E+03 -1.57732124375545185E-07  4.02666099105500047E-07
 -6.26000000000000182E+03 -3.36408347437903281E-08  4.33923711048641792E-07
 -6.24000000000000182E+03  9.62018314235845134E-08  4.30967706564798542E-07
 -6.22000000000000182E+03  2.23211281761807575E-07  3.85177499658869758E-07
 -6.20000000000000182E+03  3.27569915517951936E-07  3.04216872265901049E-07
 -6.18000000000000182E+03  4.08836356428847398E-07  1.96869865233863549E-07
 -6.16000000000000182E+03  4.52833257055665227E-07  6.34347061899485984E-08
 -6.14000000000000091E+03  4.53294260660005478E-07 -7.25167340632487853E-08
 -6.12000000000000091E+03  4.18672212646240300E-07 -2.07757465510717819E-07
 -6.10000000000000091E+03  3.37223348949904642E-07 -3.28770734484021269E-07
 -6.08000000000000091E+03  2.27256899763404311E-07 -4.15592777742997124E-07
 -6.06000000000000091E+03  9.46320314966577057E-08 -4.74288610620667238E-07
 -6.04000000000000091E+03 -5.66299013272409715E-08 -4.84782907720944298E-07
 -6.02000000000000091E+03 -1.97403573182458862E-07 -4.50772392929416219E-07
 -6.00000000000000091E+03 -3.30999223077935422E-07 -3.80395858464707105E-07
 -5.98000000000000091E+03 -4.36201562300494417E-07 -2.63464186357143762E-07
 -5.96000000000000091E+03 -4.99017921797219476E-07 -1.27466748090766222E-07
 -5.94000000000000091E+03 -5.27411579676843269E-07  2.66464271659228485E-08
 -5.92000000000000091E+03 -4.99409345911728427E-07  1.86890857369138930E-07
 -5.90000000000000091E+03 -4.29146834851017977E-07  3.24903915439615518E-07
 -5.88000000000000091E+03 -3.21268319419879057E-07  4.46725680786094780E-07
 -5.86000000000000091E+03 -1.73118762202302848E-07  5.25576285538430094E-07
 -5.84000000000000091E+03 -1.51561826722568525E-08  5.57574915575841397E-07
 -5.82000000000000091E+03  1.53575830895768037E-07  5.45796135838351587E-07
 -5.80000000000000091E+03  3.11930726161600970E-07  4.76990947246895313E-07
 -5.78000000000000091E+03  4.41060612167763825E-07  3.67488399622746014E-07
 -5.76000000000000091E+03  5.37667796599757794E-07  2.22166974679438365E-07
 -5.74000000000000091E+03  5.84135603929323283E-07  5.04755065929970555E-08
 -5.72000000000000091E+03  5.77997535952495609E-07 -1.27169292267349663E-07
 -5.70000000000000091E+03  5.18503459901025413E-07 -2.96978013140381783E-07
 -5.68000000000000091E+03  4.11939549363418665E-07 -4.44994059507837568E-07
 -5.66000000000000091E+03  2.58607338570150889E-07 -5.55342469868367382E-07
 -5.64000000000000091E+03  8.36819844703303065E-08 -6.11866542563169325E-07
 -5.62000000000000091E+03 -1.05288966408991943E-07 -6.22879004570060231E-07
 -5.60000000000000091E+03 -2.97620782644246025E-07 -5.66792105680396971E-07
 -5.58000000000000091E+03 -4.51711545557092993E-07 -4.57706169588023944E-07
 -5.56000000000000091E+03 -5.85842818534798777E-07 -3.16149771851893644E-07
 -5.54000000000000091E+03 -6.63260243471041222E-07 -1.15011759124436178E-07
 -5.52000000000000091E+03 -6.69718883004052115E-07  7.38894683014821715E-08
 -5.50000000000000091E+03 -6.45976070652133157E-07  2.77659981948464028E-07
 -5.48000000000000091E+03 -5.25760040077889660E-07  4.71767694969320412E-07
 -5.46000000000000091E+03 -3.76979282273464819E-07  5.92381232478256332E-07
 -5.44000000000000091E+03 -1.98335810055630009E-07  7.10874468845323708E-07
 -5.42000000000000091E+03  4.63731337136314326E-08  7.32515089136404674E-07
 -5.40000000000000091E+03  2.31097076701482305E-07  6.88061403035971255E-07
 -5.38000000000000091E+03  4.50940943770534986E-07  6.23566118928380686E-07
 -5.36000000000000091E+03  6.24553004488834581E-07  4.29418829516331886E-07
 -5.34000000000000091E+03  7.02822046180962236E-07  2.56493291546501650E-07
 -5.32000000000000091E+03  8.00764159204965698E-07  3.36694572369922271E-08
 -5.30000000000000091E+03  7.44689169850147629E-07 -2.37546546543656871E-07
 -5.28000000000000091E+03  6.58983800448685590E-07 -4.03800929618538965E-07
 -5.26000000000000091E+03  5.40352630528136427E-07 -6.36302889593452615E-07
 -5.24000000000000091E+03  2.76980200717714383E-07 -7.59495782785133517E-07
 -5.22000000000000091E+03  9.25943941377784868E-08 -7.96276022302182025E-07
 -5.20000000000000091E+03 -1.79683088275420661E-07 -8.53932886240538998E-07
 -5.18000000000000091E+03 -4.47455158752518387E-07 -7.10762726827102191E-07
 -5.16000000000000091E+03 -5.96925961712041199E-07 -5.91700089466128891E-07
 -5.14000000000000091E+03 -8.20250213892400913E-07 -3.99329675373196472E-07
 -5.12000000000000091E+03 -8.73802193070625095E-07 -9.58456155593338820E-08
 -5.10000000000000091E+03 -8.76085335732312523E-07  1.08560085466853543E-07
 -5.08000000000000091E+03 -8.56650904363151805E-07  4.10530465593055098E-07
 -5.06000000000000091E+03 -6.48952650220347285E-07  6.47190957854479999E-07
 -5.04000000000000091E+03 -4.79886644247576501E-07  7.87424610446438654E-07
 -5.02000000000000091E+03 -2.15067418875199053E-07  9.53118890167047547E-07
 -5.00000000000000091E+03  9.69970171575577768E-08  9.43870952919446383E-07
 -4.98000000000000091E+03  3.43890066687544497E-07  8.94856537736832576E-07
 -4.96000000000000091E+03  6.26156992933235474E-07  7.69041455297181927E-07
 -4.94000000000000091E+03  8.31348759255478624E-07  5.34569393387332573E-07
 -4.92000000000000091E+03  9.56296517438468959E-07  2.68784941609173422E-07
 -4.90000000000000091E+03  1.00547675523592558E-06 -2.39330157133840536E-08
 -4.88000000000000091E+03  9.83198699882430886E-07 -3.38811181019769058E-07
 -4.86000000000000091E+03  8.08111981132996866E-07 -6.46853977682071930E-07
 -4.84000000000000091E+03  6.09895988438111520E-07 -8.16729571970234486E-07
 -4.82000000000000091E+03  3.56499763935095452E-07 -1.06378517714002831E-06
 -4.80000000000000091E+03 -6.47789976717718675E-08 -1.07634527269157368E-06
 -4.78000000000000091E+03 -2.73309915578574814E-07 -1.02109493924289391E-06
 -4.76000000000000091E+03 -6.81261313280669448E-07 -1.01468836372103238E-06
 -4.74000000000000091E+03 -9.74724814109731611E-07 -6.06108979771106788E-07
 -4.72000000000000091E+03 -1.00021938068854013E-06 -4.55409655057971721E-07
 -4.70000000000000091E+03 -1.36128069870202944E-06 -9.96710487997618996E-08
 -4.68000000000000091E+03 -1.11918054173274559E-06  4.54366695624710820E-07
 -4.66000000000000091E+03 -1.05757773458879035E-06  4.86502765325784112E-07
 -4.64000000000000091E+03 -1.02458640031993843E-06  1.10623316610583626E-06
 -4.62000000000000091E+03 -3.21858764048675557E-07  1.22638296444718221E-06
 -4.60000000000000091E+03 -3.59332501453234885E-07  1.16569820659213000E-06
 -4.58000000000000091E+03  2.42812535824807093E-07  1.64251668681636264E-06
 -4.56000000000000091E+03  8.05883678649698267E-07  1.02557993070279172E-06
 -4.54000000000000091E+03  6.60234973802241174E-07  1.10125140002232550E-06
 -4.52000000000000091E+03  1.55095688531425752E-06  9.09201131370831225E-07
 -4.50000000000000091E+03  1.32898486223564270E-06 -1.40728529784816929E-08
 -4.48000000000000091E+03  1.33571157930789007E-06  2.52384668475024845E-07
 -4.46000000000000091E+03  1.77162837763769471E-06 -6.95734997335828518E-07
 -4.44000000000000091E+03  8.34864788953358138E-07 -1.04993911651677513E-06
 -4.42000000000000091E+03  1.10397219798553383E-06 -9.09261270136552225E-07
 -4.40000000000000091E+03  5.82251435536444527E-07 -1.89214654373855113E-06
 -4.38000000000000091E+03 -3.02358653895721671E-07 -1.32024802594536618E-06
 -4.36000000000000091E+03  4.51748537098804629E-09 -1.51087162408530489E-06
 -4.34000000000000091E+03 -1.18152585129602267E-06 -1.65038499659057329E-06
 -4.32000000000000091E+03 -1.19819979821835443E-06 -6.27906496450822815E-07
 -4.30000000000000091E+03 -1.26360864900119304E-06 -9.70871466201444269E-07
 -4.28000000000000091E+03 -2.02344340112852261E-06 -8.90595514193206071E-08
 -4.26000000000000091E+03 -1.30200224046904668E-06  5.20592641336686415E-07
 -4.24000000000000091E+03 -1.54887698867690560E-06  4.64203188532594159E-07
 -4.22000000000000091E+03 -1.30420021094994074E-06  1.48197042219665672E-06
 -4.20000000000000091E+03 -4.57001798962675907E-07  1.42286008498163602E-06
 -4.18000000000000091E+03 -4.48653782893067115E-07  1.51743929708083109E-06
 -4.16000000000000091E+03  2.97879812772403704E-07  1.86240485474741889E-06
 -4.14000000000000091E+03  9.50147459009693990E-07  1.39482753624698984E-06
 -4.12000000000000091E+03  1.08211380713685997E-06  1.05206779449214786E-06
 -4.10000000000000091E+03  1.52895938638010852E-06  9.58429804385086288E-07
 -4.08000000000000091E+03  2.00930609274016031E-06  2.87628595555217366E-08
 -4.06000000000000091E+03  1.36947481429002375E-06 -5.53195027155153159E-07
 -4.04000000000000091E+03  1.70743833417564868E-06 -4.68585660778520921E-07
 -4.02000000000000091E+03  1.55358299020617180E-06 -2.07002203127269766E-06
 -4.00000000000000091E+03 -1.91006114440202175E-07 -1.59580119790400378E-06
 -3.98000000000000091E+03  1.09785818650414495E-06 -1.57286324343318554E-06
 -3.96000000000000091E+03 -1.13179728545365677E-06 -3.30678939947793455E-06
 -3.94000000000000091E+03 -1.78959477976993537E-06 -4.74980954947514721E-07
 -3.92000000000000091E+03 -3.71598113447280727E-07 -2.24584118166301540E-06
 -3.90000000000000091E+03 -4.21269318090786405E-06 -1.52912334680207740E-06
 -3.88000000000000091E+03 -1.64107734726086025E-06  1.68640282682897076E-06
 -3.86000000000000091E+03 -2.26954565684838911E-06 -1.73742356513496042E-06
 -3.84000000000000091E+03 -4.70284384224484472E-06  2.88408987227497077E-06
 -3.82000000000000091E+03  3.47568371657521185E-07  2.48728330878491738E-06
 -3.80000000000000091E+03 -3.47254300706815401E-06  7.27840148846888203E-07
 -3.78000000000000091E+03 -9.96724407113763770E-07  6.24865719785196146E-06
 -3.76000000000000091E+03  2.14195770635609867E-06  1.29289703778460333E-06
 -3.74000000000000091E+03 -2.29737237768180761E-06  3.83172102702055773E-06
 -3.72000000000000091E+03  4.52814225826633985E-06  5.34286096522732573E-06
 -3.70000000000000091E+03  2.22105299392537360E-06 -6.62899011912875835E-07
 -3.68000000000000091E+03  1.32997418719383781E-06  4.99678977038908301E-06
 -3.66000000000000091E+03  7.55365814607722886E-06  1.05781324766585421E-07
 -3.64000000000000091E+03  2.24901221331325425E-07 -1.50938949019428129E-06
 -3.62000000000000091E+03  5.90081133624128066E-06  2.91537783742188004E-06
 -3.60000000000000091E+03  4.49423806103519591E-06 -5.99944883439469831E-06
 -3.58000000000000091E+03 -5.86802850239290833E-07 -1.72826854913157649E-07
 -3.56000000000000091E+03  6.34474537047565944E-06 -2.49064318742902556E-06
 -3.54000000000000091E+03 -1.52647437482748122E-06 -6.85982808015252369E-06
 -3.52000000000000091E+03  1.00994422184973169E-07  1.06759178783954149E-06
 -3.50000000000000091E+03  2.67473423690645579E-06 -6.50452307037620649E-06
 -3.48000000000000091E+03 -5.79493952613294755E-06 -2.58815170176266135E-06
 -3.46000000000000091E+03  1.39036273096792485E-06  9.46381628350626546E-07
 -3.44000000000000091E+03 -1.96068979450509184E-06 -5.51789934250248502E-06
 -3.42000000000000091E+03 -5.08302354783838246E-06  2.23976558123796470E-06
 -3.40000000000000091E+03  2.49850110059146241E-06  8.00862280095062929E-07
 -3.38000000000000091E+03 -3.15412285388481888E-06 -2.78768705992925546E-06
 -3.36000000000000091E+03 -1.64211698478756097E-06  4.80600939386971384E-06
 -3.34000000000000091E+03  4.51505003492195131E-06 -1.10579317859937109E-07
 -3.32000000000000091E+03 -1.53067669665133718E-06 -2.27701106425192907E-06
 -3.30000000000000091E+03  1.26463592674462753E-06  4.34265962957337432E-06
 -3.28000000000000091E+03  7.96175086911573871E-06 -3.35747239227640872E-06
 -3.26000000000000091E+03 -3.08871644451865490E-06 -6.19334087811526245E-06
 -3.24000000000000091E+03  3.73262038112910072E-06  4.29755227316711889E-06
 -3.22000000000000091E+03  8.09584772551355509E-06 -1.29130146709961954E-05
 -3.20000000000000091E+03 -1.08528268802627324E-05 -5.96038838188830953E-06
 -3.18000000000000091E+03  8.75342691015624572E-06  1.12222074890357717E-06
 -3.16000000000000091E+03 -4.64968114398629324E-06 -2.35749794837176324E-05
 -3.14000000000000091E+03 -1.65602175102970803E-05  6.19040799965761177E-06
 -3.12000000000000091E+03  1.20499645482642179E-05 -1.09121135829579397E-05
 -3.10000000000000091E+03 -2.81899722278250453E-05 -1.75659869096186185E-05
 -3.08000000000000091E+03 -5.49833366051782434E-06  1.56735966437222489E-05
 -3.06000000000000091E+03 -7.19622137352157848E-06 -2.25863668577380255E-05
 -3.04000000000000091E+03 -3.44782361155844319E-05  1.33809119916327057E-05
 -3.02000000000000091E+03  8.28962042571754033E-06  7.64281365110294371E-06
 -3.00000000000000091E+03 -3.12950872146576940E-05 -1.18042966935847725E-05
 -2.98000000000000091E+03 -1.51435695904833544E-05  3.66900269488894525E-05
 -2.96000000000000091E+03  6.34726613126091013E-06 -6.96810199079922985E-06
 -2.94000000000000091E+03 -4.13860920287292076E-05  1.97536004043403559E-05
 -2.92000000000000091E+03  2.05216084653239247E-05  3.86665329372433392E-05
 -2.90000000000000091E+03 -1.17384143204926415E-05 -1.55943864915472489E-05
 -2.88000000000000091E+03 -1.85821548943721996E-05  5.26348897561831373E-05
 -2.86000000000000091E+03  3.74615526936854817E-05  8.26676699484444580E-06
 -2.84000000000000091E+03 -2.89917704749811524E-05  4.53597316939950038E-06
 -2.82000000000000091E+03  2.42130487849539175E-05  5.64812579235545608E-05
 -2.80000000000000091E+03  2.62790676917998823E-05 -2.59726495301102507E-05
 -2.78000000000000091E+03 -3.11208737302414102E-05  4.07085515227475806E-05
 -2.76000000000000091E+03  6.62537450255680304E-05  2.25125602663392196E-05
 -2.74000000000000091E+03 -1.81838193540122320E-05 -2.93749084896248549E-05
 -2.72000000000000091E+03  8.08429963001300997E-06  6.29723049197143621E-05
 -2.70000000000000091E+03  6.29307904978007718E-05 -1.94378168043813885E-05
 -2.68000000000000091E+03 -4.15710386584862757E-05 -9.50051408500140447E-06
 -2.66000000000000091E+03  4.10155657467186507E-05  6.84923249938386111E-05
 -2.64000000000000091E+03  4.86170444348692080E-05 -4.18018131171047434E-05
 -2.62000000000000091E+03 -3.24918113456456410E-05  1.32513599228460936E-05
 -2.60000000000000091E+03  5.32121301737532377E-05  5.23518486210956843E-05
 -2.58000000000000091E+03  4.53854118194050679E-05 -3.86407903811078010E-05
 -2.56000000000000091E+03 -1.19987169073376490E-05  2.45789599121189530E-05
 -2.54000000000000091E+03  7.26814135419250599E-05  2.40454134744767243E-05
 -2.52000000000000091E+03  3.77564789863629383E-05 -2.88976775932999655E-05
 -2.50000000000000091E+03  3.49529214786666392E-05  1.43353185910048425E-05
 -2.48000000000000091E+03  8.23959206024957921E-05 -2.03995226588837043E-05
 -2.46000000000000091E+03  2.93747393619043526E-05 -5.92273965099971049E-05
 -2.44000000000000091E+03  2.12026947957409075E-05  7.91533929895519512E-06
 -2.42000000000000091E+03  1.11311626738869114E-04 -2.93280843911391009E-05
 -2.40000000000000091E+03  2.89681007870205830E-05 -1.01913953393189033E-04
 -2.38000000000000091E+03  6.43553936260878094E-05 -2.92499645135041437E-05
 -2.36000000000000091E+03  3.83279149895297889E-05 -1.60327930882800596E-04
 -2.34000000000000091E+03 -4.33082161843953697E-05 -4.09013570735376083E-05
 -2.32000000000000091E+03  8.74396151659965532E-05 -8.14947591288519993E-05
 -2.30000000000000000E+03 -3.73831637812099528E-05 -1.88848951735034781E-04
 -2.28000000000000000E+03 -4.32079488327795797E-05 -2.93418693412851357E-05
 -2.26000000000000000E+03  7.34000608607555055E-06 -2.13704505056267532E-04
 -2.24000000000000000E+03 -1.75605305470246303E-04 -3.68301702626813187E-05
 -2.22000000000000000E+03  4.37412692906302681E-05 -1.24390960595194906E-04
 -2.20000000000000000E+03 -2.20568460641495657E-04 -1.53106673127706400E-04
 -2.18000000000000000E+03 -7.68740428256020289E-05  3.01632236762438263E-05
 -2.16000000000000000E+03 -9.77649680942896230E-05 -2.01145443741984197E-04
 -2.14000000000000000E+03 -2.99131781845634085E-04  2.90535506776492030E-05
 -2.12000000000000000E+03 -4.48860601156938867E-06  4.19355001874177272E-05
 -2.10000000000000000E+03 -1.78087705483617818E-04 -2.03028804801683421E-04
 -2.08000000000000000E+03 -4.04834077173168376E-04  1.51773376759506689E-04
 -2.06000000000000000E+03  1.73905526176548509E-04  1.41094388853334679E-04
 -2.04000000000000000E+03 -4.00698151433693443E-04 -3.42564261264887229E-04
 -2.02000000000000000E+03 -3.60367284970727355E-04  5.66276120544304570E-04
 -2.00000000000000000E+03  4.25125686185369694E-04  7.64155237463515280E-06
 -1.98000000000000000E+03 -5.60987718895870013E-04 -4.61278921689125870E-04
 -1.96000000000000000E+03 -3.94336630123462862E-04  7.38775556166500441E-04
 -1.94000000000000000E+03  1.72058047859904026E-04 -7.97378608073763469E-05
 -1.92000000000000000E+03 -3.83280082678857633E-04  3.49631200072860610E-04
 -1.90000000000000000E+03  2.04268357705310999E-04  2.31880384252751372E-04
 -1.88000000000000000E+03 -5.12377932729061112E-06 -4.15332381417356656E-04
 -1.86000000000000000E+03 -1.29246417098709786E-03  3.70724209220572138E-04
 -1.84000000000000000E+03  5.75374193690090250E-04  1.03312601137023341E-03
 -1.82000000000000000E+03 -3.30594827228347697E-04  1.51237408699635166E-05
 -1.80000000000000000E+03  3.40243566885786036E-04  4.34904649192054940E-04
 -1.78000000000000000E+03 -4.15031721872906616E-04  3.16831593791772807E-04
 -1.76000000000000000E+03  1.34539137570976347E-04  2.41327686503138843E-04
 -1.74000000000000000E+03 -4.62812626605738054E-04  8.06953983545572579E-04
 -1.72000000000000000E+03  1.41062252619428183E-04  7.92172302645635282E-04
 -1.70000000000000000E+03  8.19547835304769586E-04  9.09176817450798279E-04
 -1.68000000000000000E+03 -2.44386065986475643E-04 -2.49277062710960562E-04
 -1.66000000000000000E+03  4.09806554233837833E-04  1.99737994276020158E-03
 -1.64000000000000000E+03  1.13199454951852215E-03 -6.86121290332452564E-04
 -1.62000000000000000E+03 -7.87192228646209314E-04  2.21157532233022276E-03
 -1.60000000000000000E+03  3.22686265030053699E-03 -1.72100975230416695E-04
 -1.58000000000000000E+03 -1.44486411221039237E-03  7.05616270011383642E-04
 -1.56000000000000000E+03  3.35879586743543807E-03  1.09922719252661871E-03
 -1.54000000000000000E+03  1.47087129982276065E-04 -4.62724230064226103E-04
 -1.52000000000000000E+03  1.83988681451517492E-03  8.86550491035158553E-04
 -1.50000000000000000E+03  2.15929127327706269E-03  3.08947870518025945E-04
 -1.48000000000000000E+03  2.13631971588035957E-03 -1.14843820540070089E-03
 -1.46000000000000000E+03  1.28481323976476804E-03  2.34191796652285265E-05
 -1.44000000000000000E+03  3.09881524195353185E-03 -6.65091030230625002E-04
 -1.42000000000000000E+03  2.26551704234218042E-03 -1.52091976604629771E-03
 -1.40000000000000000E+03  2.83549051656960911E-03 -2.49396858863755195E-03
 -1.38000000000000000E+03  9.46037747156712634E-04 -1.42617690832987174E-03
 -1.36000000000000000E+03  6.23236329732567828E-03 -1.50732094598273001E-03
 -1.34000000000000000E+03  4.88533287828668821E-03 -1.05013129814676455E-02
 -1.32000000000000000E+03 -5.02768299794794597E-03 -8.13491585841278481E-03
 -1.30000000000000000E+03  2.23184607972338415E-03 -5.44528214238833123E-03
 -1.28000000000000000E+03 -8.27079642816050051E-03 -1.75328382977810206E-02
 -1.26000000000000000E+03 -2.17923783770619869E-02  1.01150022056311251E-03
 -1.24000000000000000E+03 -1.57292490800993402E-03  7.48644603563312309E-03
 -1.22000000000000000E+03 -1.69022013546536141E-02 -5.25201329399654655E-03
 -1.20000000000000000E+03 -1.17026239001373177E-02  3.15902154236039137E-02
 -1.18000000000000000E+03  3.14581647159678929E-02  1.03526299483793841E-02
 -1.16000000000000000E+03  6.38093348932159267E-04 -2.44858823912727230E-02
 -1.14000000000000000E+03 -1.52362373056547182E-02  8.98693609398435594E-03
 -1.12000000000000000E+03  1.12828415625478070E-02  6.32188856772287772E-03
 -1.10000000000000000E+03  8.07933995394304679E-05 -6.59921434703854802E-03
 -1.08000000000000000E+03  1.57672729205733751E-03  1.22197869313712243E-03
 -1.06000000000000000E+03 -7.86515316477960917E-04 -6.20898490701277724E-03
 -1.04000000000000000E+03 -3.88199245816113437E-03  1.24403883408731901E-03
 -1.02000000000000000E+03  3.69927529305805755E-03 -1.59174267729005796E-03
 -1.00000000000000000E+03 -8.50128728129035879E-03 -7.46159218082160548E-03
 -9.80000000000000000E+02  1.66503197212286742E-03  7.78788024373015982E-03
 -9.60000000000000000E+02 -7.73106781303548388E-03 -1.31143979366236726E-02
 -9.40000000000000000E+02 -2.79437252160863198E-03  1.26800722207194086E-02
 -9.20000000000000000E+02 -4.89054827809502161E-03 -1.19698862051034194E-02
 -9.00000000000000000E+02 -8.37469955157990782E-03  1.09407846394048245E-02
 -8.80000000000000000E+02 -2.05707398078281995E-03 -3.70192192426007510E-03
 -8.60000000000000000E+02 -1.16684077208340613E-02  8.18882724374039341E-03
 -8.40000000000000000E+02  2.33553786011193171E-03  1.47415724188179284E-03
 -8.20000000000000000E+02 -1.86710632122313001E-02  9.31789136386291898E-03
 -8.00000000000000000E+02  1.22308047625344397E-02  9.63397960130718198E-03
 -7.80000000000000000E+02 -2.68635588852853997E-02 -5.81933621294480246E-04
 -7.60000000000000000E+02  1.95577708154006276E-02  4.36162674855105001E-02
 -7.40000000000000000E+02 -6.15956075495596896E-03 -3.76602133258555280E-02
 -7.20000000000000000E+02 -5.00147068167963033E-03  6.42462947550288821E-02
 -7.00000000000000000E+02  2.02241501652062755E-02 -4.29337100612033201E-02
 -6.80000000000000000E+02 -5.02690670422926006E-02  1.81773117500890341E-02
 -6.60000000000000000E+02 -2.51427627426047511E-02  9.60329574095075272E-02
 -6.40000000000000000E+02  6.12650952986488403E-02 -6.81267372906955038E-03
 -6.20000000000000000E+02 -7.33583145668711689E-02  1.96535481038547177E-01
 -6.00000000000000000E+02  3.87027904764407626E-01  1.03306741054926002E-01
 -5.80000000000000000E+02  1.50471535275943730E-01 -3.32273421823947701E-01
 -5.60000000000000000E+02 -1.09816679767135758E-01 -1.13719785068917056E-01
 -5.40000000000000000E+02 -1.31479272006536849E-02 -9.27220691448277928E-02
 -5.20000000000000000E+02 -9.36759662710794222E-02 -6.33764729716980030E-02
 -5.00000000000000000E+02 -8.30093584066649709E-02 -1.05039205445285316E-02
 -4.80000000000000000E+02 -3.70724404179542041E-02  2.17747137164311724E-02
 -4.60000000000000000E+02 -4.07164425276423034E-02 -1.21957903692451286E-03
 -4.40000000000000000E+02 -3.99981141996456763E-02  2.42313114784680969E-02
 -4.20000000000000000E+02  3.53123774451150107E-03  2.57665391615219466E-02
 -4.00000000000000000E+02 -3.97297791778829165E-02  4.56835231507300189E-03
 -3.80000000000000000E+02  1.89521418504425415E-02  2.98639606791758563E-02
 -3.60000000000000000E+02 -2.86938170973618581E-02  7.49490105401881979E-03
 -3.40000000000000000E+02  1.51414308797842134E-02  1.90695854726925310E-02
 -3.20000000000000000E+02 -6.64163817888558349E-03  6.86376778123729860E-03
 -3.00000000000000000E+02  3.66455063058588422E-04  2.15657206556326420E-02
 -2.80000000000000000E+02  1.01665565206523374E-02 -9.31849135870801461E-03
 -2.60000000000000000E+02 -2.87094844543722303E-03  3.33008083886725884E-02
 -2.40000000000000000E+02  1.08304189573514165E-02 -2.40138250306615904E-02
 -2.20000000000000000E+02 -4.81294981694411583E-04  3.35885318006513625E-02
 -2.00000000000000000E+02  8.49204674693453815E-03 -2.11439610323649989E-02
 -1.80000000000000000E+02  1.01813540312144391E-02  2.02892881039378782E-02
 -1.60000000000000000E+02 -1.72901076873287485E-02 -8.82152379073253799E-03
 -1.40000000000000000E+02  3.88652679856218500E-02 -2.33701731313978173E-03
 -1.20000000000000000E+02 -2.54358593422377779E-02  1.84984960683494820E-02
 -1.00000000000000000E+02  7.97703058569661401E-03 -2.83413629001345937E-02
 -8.00000000000000000E+01  1.12452518013408994E-02  2.21903069800233783E-02
 -6.00000000000000000E+01 -3.15265603794095874E-03 -5.55466780153198326E-03
 -4.00000000000000000E+01  4.53206576309846468E-02 -5.12464216429592626E-03
 -2.00000000000000000E+01 -1.19952884889175312E-01  1.32353109904924555E-02
