# OCT iter        711;   J_T =   9.957421717913E-04;   pulse_id =          1                                                                                                                                                                                   
#             freq. [MHz]     Re(ampl) [arb.units]     Im(ampl) [arb.units]                                                                                                                                                                                    
  0.00000000000000000E+00  2.29693863857947600E-01  1.70793097951037511E-02
  2.00000000000000036E+01 -1.32746525074079691E-01  1.51081521554050323E-02
  4.00000000000000071E+01  6.23254075462027907E-02 -5.33722408188727626E-02
  6.00000000000000142E+01 -2.62010847708351972E-02  3.07944262318071461E-02
  8.00000000000000142E+01  1.62074067637430486E-02 -3.58256437028120489E-02
  1.00000000000000014E+02 -1.07409741854289070E-02  2.01721370105844636E-02
  1.20000000000000028E+02  6.50624687041600515E-03 -3.72532442839442618E-02
  1.40000000000000028E+02 -8.11095612590926988E-03  3.26496079128432495E-02
  1.60000000000000028E+02  1.42288878499203120E-02 -4.41943098720313024E-02
  1.80000000000000028E+02 -1.68079093062499726E-02  1.07412590835897839E-02
  2.00000000000000028E+02  9.54088992108488750E-03 -1.41892632634326565E-02
  2.20000000000000028E+02 -1.63463350774742285E-02 -1.46227355733425483E-02
  2.40000000000000057E+02  1.34046613936207419E-03 -2.21122258126197919E-03
  2.60000000000000057E+02 -1.25673884371867196E-02 -1.30647524924757431E-02
  2.80000000000000057E+02 -8.27593388857420995E-03 -6.14830938503375772E-03
  3.00000000000000057E+02 -1.39936124264566069E-02 -7.21543591085048886E-03
  3.20000000000000057E+02 -3.43012377730034495E-03 -2.86154920197902174E-03
  3.40000000000000057E+02 -2.86944565950622496E-02 -8.98640704439620380E-03
  3.60000000000000057E+02  6.96328320023465504E-03  3.63769805249258794E-03
  3.80000000000000057E+02 -3.71301072002356847E-02 -6.39787202399739064E-03
  4.00000000000000057E+02  5.13103527236375909E-03  5.96338936046231834E-03
  4.20000000000000057E+02 -2.90249682741643665E-02 -1.90778448562118241E-03
  4.40000000000000057E+02 -8.88283859040291980E-03  1.06578992480820846E-02
  4.60000000000000057E+02 -1.29171289254130899E-02  7.89835058214401523E-04
  4.80000000000000114E+02 -1.82594276048369496E-02  1.42769960624977033E-02
  5.00000000000000114E+02 -7.51991525320636067E-03  3.62190126152884357E-03
  5.20000000000000114E+02 -1.58135656238951247E-02  1.53163343509434679E-02
  5.40000000000000114E+02 -1.44500071845253091E-02  1.16243807428361087E-02
  5.60000000000000114E+02 -2.90562439284703083E-03  2.15048886797815364E-02
  5.80000000000000114E+02 -9.99242310380052227E-03  1.27423064333404591E-02
  6.00000000000000114E+02  4.26503114488958109E-03  2.36873489552960094E-02
  6.20000000000000114E+02  2.46064313511308976E-03 -7.00034537701567025E-03
  6.40000000000000114E+02 -3.69589399151034823E-02  3.17771335651433964E-02
  6.60000000000000114E+02  3.58665746272543856E-02  4.12247898857282247E-02
  6.80000000000000114E+02  1.06421480493861676E-02 -1.40155239063300702E-02
  7.00000000000000114E+02 -5.59749572920556059E-03  2.12445874075156520E-02
  7.20000000000000114E+02  1.54083525400345138E-02 -2.79773845548305679E-03
  7.40000000000000114E+02 -1.89934502096337325E-02  1.65593698270721512E-02
  7.60000000000000114E+02  1.91520928257243005E-02  2.51156093506661876E-02
  7.80000000000000114E+02  7.65431928754569096E-03  8.80773705050964611E-04
  8.00000000000000114E+02  6.67504808147776664E-03  2.15965902367031698E-02
  8.20000000000000114E+02  1.72598481285449259E-02 -1.13902673381675477E-03
  8.40000000000000114E+02  2.59808551534859320E-03  1.64611350621502589E-02
  8.60000000000000114E+02  1.91476740984990387E-02  1.66170294647709563E-03
  8.80000000000000114E+02  6.48619583665740497E-03  1.02893751475246677E-02
  9.00000000000000114E+02  1.68776706111932809E-02  1.00661700804030607E-03
  9.20000000000000114E+02  8.98217037911647545E-03  7.12346179328054475E-03
  9.40000000000000114E+02  1.68747577946637729E-02  7.71534038508281297E-05
  9.60000000000000227E+02  1.09457264833237207E-02  1.48768942453896100E-03
  9.80000000000000227E+02  1.45848730637964559E-02 -1.63094328562294515E-03
  1.00000000000000023E+03  9.15211400819618270E-03 -4.01605545820605137E-03
  1.02000000000000023E+03  9.77265864828719306E-03  3.03578072567279884E-03
  1.04000000000000023E+03  1.67406746070729827E-02 -2.57693016863442224E-03
  1.06000000000000023E+03  1.71139196375911205E-02 -7.43248823932652486E-03
  1.08000000000000023E+03  6.18220693556739091E-03 -2.19815396386252165E-02
  1.10000000000000023E+03 -1.59067870444582656E-02  1.22488404810094128E-03
  1.12000000000000023E+03  1.99592855220581920E-02  2.48811687908862857E-02
  1.14000000000000023E+03  4.33495040756975841E-02 -2.10767384598893708E-02
  1.16000000000000023E+03 -1.31477345670265203E-03 -4.58727125496886518E-02
  1.18000000000000023E+03 -3.50599238328733256E-02 -1.28089336084077111E-02
  1.20000000000000023E+03 -1.20447221288563465E-02  3.44900600396403773E-02
  1.22000000000000023E+03  4.65650747412856905E-02  1.81419877338896141E-02
  1.24000000000000023E+03  3.75322674952071195E-02 -5.03283533676751743E-02
  1.26000000000000023E+03 -3.64005524757327406E-02 -4.49153828411461911E-02
  1.28000000000000023E+03 -2.75440742544132006E-02  2.29265111643908552E-02
  1.30000000000000023E+03  2.38839397319044119E-02  5.08052464125238225E-03
  1.32000000000000023E+03 -3.48019897263908114E-03 -2.44356284144269104E-02
  1.34000000000000023E+03 -9.86893891687137988E-03  4.85527881198876722E-03
  1.36000000000000023E+03  1.26997079351486592E-02 -6.96368982310547127E-03
  1.38000000000000023E+03 -9.59144298065168349E-03 -2.02489757561057221E-02
  1.40000000000000023E+03 -1.32255988418120748E-02  4.51232505732112460E-03
  1.42000000000000023E+03  7.13366300509972722E-03 -1.41907010562404459E-03
  1.44000000000000023E+03 -7.08639507276634644E-03 -1.44449301990308004E-02
  1.46000000000000023E+03 -1.00604219933552366E-02  3.16173121694612652E-03
  1.48000000000000023E+03  7.82512159494848933E-04 -3.31495605864463036E-03
  1.50000000000000023E+03 -7.49534418355971531E-03 -4.33719389794507814E-03
  1.52000000000000023E+03 -4.72637817959389861E-03  2.83905382701996002E-04
  1.54000000000000023E+03 -4.74863021370375369E-03 -1.34610527022386737E-03
  1.56000000000000023E+03 -3.83938227441646450E-03  2.34075131184117047E-04
  1.58000000000000023E+03 -4.59196691961694624E-03 -8.18606551662775291E-04
  1.60000000000000023E+03 -4.66396229160658329E-03  1.39583905669433093E-03
  1.62000000000000023E+03 -2.49530816534545641E-03  1.64032514633319620E-03
  1.64000000000000023E+03 -3.53071583024479330E-03 -9.60163389661136110E-05
  1.66000000000000023E+03 -3.28252303699906557E-03  3.10497616169225481E-03
  1.68000000000000023E+03 -1.44978049146371316E-03  4.38086066095537158E-04
  1.70000000000000023E+03 -3.79601464675539653E-03  2.70720611986275360E-03
  1.72000000000000023E+03 -3.87993245849699373E-04  2.76467944695398156E-03
  1.74000000000000023E+03 -7.67962684151405955E-04  1.56958605723683288E-03
  1.76000000000000023E+03 -1.27305154509530383E-03  1.04140662065182847E-03
  1.78000000000000023E+03 -1.20161439644115155E-03  2.18595170320696466E-03
  1.80000000000000023E+03 -1.43795397245882468E-03  2.22554111937279002E-03
  1.82000000000000023E+03  9.63820567672092707E-04  3.76186597007954759E-03
  1.84000000000000023E+03  2.19108985496823012E-03  4.22076474462055652E-04
  1.86000000000000023E+03 -9.56430176576528765E-04 -7.33330585869472105E-04
  1.88000000000000023E+03 -9.34467115504966834E-04  3.10252686573244752E-03
  1.90000000000000023E+03  1.92200332511318012E-03  1.11713868678996273E-03
  1.92000000000000045E+03  1.04394656179001858E-04  6.26218837658152586E-04
  1.94000000000000045E+03  9.01572197389026138E-04  1.88506977078958565E-03
  1.96000000000000045E+03  2.54463642379540575E-03 -2.54164279873466932E-04
  1.98000000000000045E+03 -8.23486947793410063E-04 -7.71104899535335537E-04
  2.00000000000000045E+03  7.72707213296322418E-04  1.91236733806821415E-03
  2.02000000000000045E+03  2.06393914227587976E-03 -5.80335860388005056E-04
  2.04000000000000045E+03 -5.22158846835259357E-04 -6.01134995522115611E-04
  2.06000000000000045E+03  1.38769438588330239E-03  1.14849236326863813E-03
  2.08000000000000045E+03  8.55592998837375078E-04 -1.66473826695211235E-03
  2.10000000000000045E+03 -2.71652354736532677E-04  5.02476401806142684E-04
  2.12000000000000045E+03  1.42603420071693511E-03 -5.21179996614650159E-04
  2.14000000000000045E+03 -2.68951597004385727E-04 -1.02070590504373636E-03
  2.16000000000000045E+03  3.16428034677881118E-04  4.35109879601665740E-04
  2.18000000000000045E+03  9.12219129498922357E-04 -1.29841547712593601E-03
  2.20000000000000045E+03 -9.54016425007060058E-04 -3.53381729363374001E-04
  2.22000000000000045E+03  9.31354907117700305E-04 -1.32045898549019414E-05
  2.24000000000000045E+03 -3.80580814714248422E-04 -1.33097936417348882E-03
  2.26000000000000045E+03 -3.44962169581685373E-04  3.67609736659576570E-04
  2.28000000000000045E+03  6.18119857114307137E-04 -8.60092348418814976E-04
  2.30000000000000045E+03 -1.01155122960397284E-03 -6.19518859786920371E-04
  2.32000000000000045E+03  1.44381676069908700E-04  2.84076125841772680E-04
  2.34000000000000045E+03 -2.06453474259610313E-04 -8.60649150858460387E-04
  2.36000000000000045E+03 -5.35745854052494430E-04  1.50549943260520593E-04
  2.38000000000000045E+03  1.54780656018129202E-04 -4.11372864035558343E-04
  2.40000000000000045E+03 -7.70480018685068069E-04 -3.45813114056013377E-04
  2.42000000000000045E+03 -1.77279487943290151E-04  3.15836747617987215E-04
  2.44000000000000045E+03 -1.06552089454213750E-04 -3.71269060285902652E-04
  2.46000000000000045E+03 -5.54977815855085322E-04  6.32543100637898709E-05
  2.48000000000000045E+03  1.73277711221667566E-05  8.15058125402189326E-05
  2.50000000000000045E+03 -4.08732341345258892E-04 -2.60689356502539929E-04
  2.52000000000000045E+03 -3.30956766658942745E-04  3.60339378355187994E-04
  2.54000000000000045E+03  1.53967795666888609E-05 -4.52521455766645127E-05
  2.56000000000000045E+03 -3.32993119339679159E-04  8.78262354968745873E-05
  2.58000000000000045E+03 -6.82816641786601554E-05  1.57339906007013166E-04
  2.60000000000000045E+03 -1.12425887297708637E-04  3.00074333009025324E-05
  2.62000000000000045E+03 -2.22899038286842373E-04  1.43575088247097543E-04
  2.64000000000000045E+03  4.43343007780399657E-05  2.12554820626891932E-04
  2.66000000000000045E+03 -6.31595889257158076E-05 -1.53854370303638794E-05
  2.68000000000000045E+03 -1.11553719366174207E-04  1.67459230220627701E-04
  2.70000000000000045E+03  6.57163134432160631E-05  1.55939233651691215E-04
  2.72000000000000045E+03 -2.11593415645565900E-06 -9.71556036631758675E-06
  2.74000000000000045E+03 -4.42281244148501237E-05  1.57374448700939605E-04
  2.76000000000000045E+03  1.06410514613311931E-04  6.97923828361330463E-05
  2.78000000000000045E+03  6.71130807621961075E-06  9.87810029674566824E-06
  2.80000000000000045E+03  3.62723299843877703E-05  9.95213344419718359E-05
  2.82000000000000045E+03  8.98665159913385745E-05 -4.28713956072102021E-06
  2.84000000000000045E+03  1.81111659111153718E-05  3.03407966227333018E-05
  2.86000000000000045E+03  8.06937200068109489E-05  1.69055800117457769E-05
  2.88000000000000045E+03  6.51386916592612086E-05 -2.85092744419694257E-05
  2.90000000000000045E+03  1.55705048836424773E-05 -4.90697868547252269E-06
  2.92000000000000045E+03  1.05752351030325901E-04 -1.71157591513656085E-05
  2.94000000000000045E+03 -6.80118901489343802E-06 -7.39464815394246135E-05
  2.96000000000000045E+03  6.43394130969682216E-05  1.86625087379346139E-05
  2.98000000000000045E+03  5.99563814607149170E-05 -1.05174643583257318E-04
  3.00000000000000045E+03 -3.01197926409196300E-05 -4.43187752354430245E-05
  3.02000000000000045E+03  6.76002236889460857E-05 -2.37397451086837958E-05
  3.04000000000000045E+03 -9.22938351586581814E-06 -1.16337702928038579E-04
  3.06000000000000045E+03 -4.77001116489120435E-06 -1.41173303861966195E-06
  3.08000000000000045E+03  4.34629317799231892E-05 -9.95028449277877801E-05
  3.10000000000000045E+03 -5.84373566755575749E-05 -7.00170894945297245E-05
  3.12000000000000045E+03  6.70337862885904222E-06 -1.96816374879736812E-05
  3.14000000000000045E+03 -6.90277634142251935E-06 -9.44552952109651732E-05
  3.16000000000000045E+03 -5.66854951313246905E-05 -3.29566968788286106E-05
  3.18000000000000045E+03  1.31951221602697249E-05 -4.38731723223693442E-05
  3.20000000000000045E+03 -6.02209566487495659E-05 -8.10487088919691740E-05
  3.22000000000000045E+03 -3.49588678766015983E-05  1.80601921820006473E-06
  3.24000000000000045E+03 -1.41605661247123470E-05 -6.56326142029134077E-05
  3.26000000000000045E+03 -6.29443309973961440E-05 -2.77325160335015384E-05
  3.28000000000000045E+03 -2.49914897858208402E-05 -1.70640081954931644E-05
  3.30000000000000045E+03 -3.62685420959734560E-05 -4.03024884065927245E-05
  3.32000000000000045E+03 -5.26355281037453181E-05 -1.00349967950355906E-05
  3.34000000000000045E+03 -2.16804723212989536E-05 -1.66913839879033399E-05
  3.36000000000000045E+03 -4.81343992324296507E-05 -1.74859666461431684E-05
  3.38000000000000045E+03 -2.90137270319576216E-05 -2.39469433198051221E-06
  3.40000000000000045E+03 -3.31980500731401563E-05 -1.04375852787648928E-05
  3.42000000000000045E+03 -3.29451358628885839E-05 -3.95525219396289664E-06
  3.44000000000000045E+03 -2.75541473518543281E-05  4.71519980537186547E-06
  3.46000000000000045E+03 -2.16156084917051013E-05 -6.46622527835999877E-06
  3.48000000000000045E+03 -3.06609260885880666E-05  6.42883116041954699E-06
  3.50000000000000045E+03 -1.28632207713598645E-05  5.13390985120743534E-06
  3.52000000000000045E+03 -1.98246745638090353E-05 -2.17712247199165257E-06
  3.54000000000000045E+03 -1.97800759105932312E-05  1.02057220544554108E-05
  3.56000000000000045E+03 -4.60625400185594009E-06  4.24829439911090727E-06
  3.58000000000000045E+03 -1.53496115644065398E-05 -3.95103328206161506E-07
  3.60000000000000045E+03 -8.97488022134219747E-06  9.92804355115668815E-06
  3.62000000000000045E+03  7.17382873897985713E-07  2.87210369895338234E-07
  3.64000000000000045E+03 -1.36900553590978357E-05 -8.78467273432865823E-07
  3.66000000000000045E+03  3.86346558499563305E-06  1.03126209937373511E-05
  3.68000000000000045E+03 -2.07586311165191045E-06 -9.90521147744963438E-06
  3.70000000000000045E+03 -4.94384440492149533E-06  5.03577743489916805E-06
  3.72000000000000045E+03  6.01229471286069845E-06 -1.69756883689854238E-06
  3.74000000000000045E+03 -2.11566969685423156E-06 -9.77553533446737870E-06
  3.76000000000000045E+03 -1.01493390137358966E-06  4.68091299002715953E-06
  3.78000000000000045E+03  9.25020830486825750E-06 -1.31166994681203476E-05
  3.80000000000000045E+03 -7.99629599591040200E-06 -4.69412990152878279E-06
  3.82000000000000045E+03  8.22711550900805508E-06 -4.35168060580685906E-06
  3.84000000000000091E+03  2.72829824537828902E-07 -1.44441118766890069E-05
  3.86000000000000091E+03 -3.95406659277175789E-06 -4.66622677984947595E-06
  3.88000000000000091E+03  8.73625273984262190E-06 -1.04849262534512767E-05
  3.90000000000000091E+03 -7.66960058670529259E-06 -1.44732296890202248E-05
  3.92000000000000091E+03  3.74743890382461420E-06 -4.17424786099209005E-06
  3.94000000000000091E+03 -6.57463141215739263E-07 -1.73960434489947284E-05
  3.96000000000000091E+03 -5.06886720481034532E-06 -8.06585849886579912E-06
  3.98000000000000091E+03  2.23505912054684949E-06 -1.06799535690303583E-05
  4.00000000000000091E+03 -4.95251997297298552E-06 -1.51875351560482977E-05
  4.02000000000000091E+03 -3.74123040013842087E-06 -6.77886216437747767E-06
  4.04000000000000091E+03 -1.67467746932567690E-07 -1.42434380638687140E-05
  4.06000000000000091E+03 -8.15120919474764897E-06 -1.05761860107775495E-05
  4.08000000000000091E+03 -1.08279734396746137E-06 -8.71767115153236322E-06
  4.10000000000000091E+03 -5.73715601844282651E-06 -1.32337166039526387E-05
  4.12000000000000091E+03 -5.75941661248643068E-06 -7.85894216961619976E-06
  4.14000000000000091E+03 -3.45038494272297083E-06 -1.00954799988029481E-05
  4.16000000000000091E+03 -6.67223488890450982E-06 -1.02484179068100104E-05
  4.18000000000000091E+03 -5.23347266611618720E-06 -6.91889777024511451E-06
  4.20000000000000091E+03 -4.67586766688604031E-06 -9.81443917978731239E-06
  4.22000000000000091E+03 -6.73572236844583111E-06 -7.18534018998018276E-06
  4.24000000000000091E+03 -4.74590547064194964E-06 -7.35350994268112952E-06
  4.26000000000000091E+03 -5.53107481209354545E-06 -7.08518979110482739E-06
  4.28000000000000091E+03 -5.58559709565170512E-06 -6.72776775537251176E-06
  4.30000000000000091E+03 -4.86483218610268587E-06 -5.54603240376773610E-06
  4.32000000000000091E+03 -4.75031496859124101E-06 -6.53271943951300301E-06
  4.34000000000000091E+03 -5.30524837352636710E-06 -5.07042237606978667E-06
  4.36000000000000091E+03 -3.71975431284546151E-06 -4.89196167422900173E-06
  4.38000000000000091E+03 -4.41281670605265385E-06 -5.70591268311017890E-06
  4.40000000000000091E+03 -4.15807215997055699E-06 -3.93671857772697522E-06
  4.42000000000000091E+03 -2.87858509551657500E-06 -4.87145630163286199E-06
  4.44000000000000091E+03 -3.87162134581999835E-06 -4.77601355322029805E-06
  4.46000000000000091E+03 -2.94288529875319149E-06 -3.46957524142211301E-06
  4.48000000000000091E+03 -2.03689785950512884E-06 -5.15291666277786415E-06
  4.50000000000000091E+03 -3.69170156670112953E-06 -3.81505086595458588E-06
  4.52000000000000091E+03 -1.04958871142233433E-06 -3.95085290533459188E-06
  4.54000000000000091E+03 -2.73306603903015043E-06 -5.00860786155188202E-06
  4.56000000000000091E+03 -1.99073621777383303E-06 -3.40055892337043743E-06
  4.58000000000000091E+03 -9.03043631132731394E-07 -4.67264359479124176E-06
  4.60000000000000091E+03 -2.64800863562509166E-06 -4.62300869485790379E-06
  4.62000000000000091E+03 -6.29897071180243488E-07 -3.38629646560629673E-06
  4.64000000000000091E+03 -1.61112681259141977E-06 -5.55974395825706169E-06
  4.66000000000000091E+03 -1.60666280629443985E-06 -3.47048145572685191E-06
  4.68000000000000091E+03 -5.79252022671933481E-07 -4.74676358547770748E-06
  4.70000000000000091E+03 -1.64919100183409885E-06 -4.79263772171526215E-06
  4.72000000000000091E+03 -1.04060134291535255E-06 -3.70398143700613032E-06
  4.74000000000000091E+03 -5.93607570312173946E-07 -5.25108919727714081E-06
  4.76000000000000091E+03 -1.80782869145482098E-06 -4.04357159095881778E-06
  4.78000000000000091E+03 -2.34808978197795740E-07 -4.45854919287682426E-06
  4.80000000000000091E+03 -1.40271430788389397E-06 -4.84750157779707989E-06
  4.82000000000000091E+03 -9.56727548775995752E-07 -4.05220087357090108E-06
  4.84000000000000091E+03 -6.17925608295046859E-07 -4.71146099469153154E-06
  4.86000000000000091E+03 -1.35814005031511064E-06 -4.50409773281018577E-06
  4.88000000000000091E+03 -6.27565218991202155E-07 -4.15882769934009950E-06
  4.90000000000000091E+03 -1.02635073565063348E-06 -4.76843010311418045E-06
  4.92000000000000091E+03 -1.02967808138754687E-06 -4.11261974117868896E-06
  4.94000000000000091E+03 -8.01700873848390082E-07 -4.48532120496593553E-06
  4.96000000000000091E+03 -1.07587543092841096E-06 -4.28145802958604823E-06
  4.98000000000000091E+03 -9.35124839049520037E-07 -4.25110802950437345E-06
  5.00000000000000091E+03 -9.76500246769924714E-07 -4.18553049794348711E-06
  5.02000000000000091E+03 -1.00612212388833839E-06 -4.18379822186992896E-06
  5.04000000000000091E+03 -1.01780854815146421E-06 -4.01803672558033915E-06
  5.06000000000000091E+03 -9.70846056488141357E-07 -3.99161383140544409E-06
  5.08000000000000091E+03 -9.94881934050040907E-07 -3.95355867873413189E-06
  5.10000000000000091E+03 -1.04882542960327300E-06 -3.75845212359128169E-06
  5.12000000000000091E+03 -8.38182055023766999E-07 -3.76109969520019172E-06
  5.14000000000000091E+03 -1.06911398373841438E-06 -3.70899055941340982E-06
  5.16000000000000091E+03 -8.31668719948915388E-07 -3.43993977759744841E-06
  5.18000000000000091E+03 -8.22621182596107632E-07 -3.64232227385924510E-06
  5.20000000000000091E+03 -9.61301237621783963E-07 -3.32397757996563444E-06
  5.22000000000000091E+03 -5.80677675466305421E-07 -3.33839208877214018E-06
  5.24000000000000091E+03 -8.63823534559850473E-07 -3.41024038759497971E-06
  5.26000000000000091E+03 -6.28963633749998479E-07 -3.06514008295752672E-06
  5.28000000000000091E+03 -5.27998731664130918E-07 -3.32301517809504852E-06
  5.30000000000000091E+03 -7.31586172766397249E-07 -3.11423348730366280E-06
  5.32000000000000091E+03 -3.55779645596248259E-07 -3.01048160862931245E-06
  5.34000000000000091E+03 -5.62617479973417468E-07 -3.25434801775276657E-06
  5.36000000000000091E+03 -4.61059964116792717E-07 -2.85199435593586757E-06
  5.38000000000000091E+03 -2.96837311983186230E-07 -3.12655828911189903E-06
  5.40000000000000091E+03 -4.93958892039570006E-07 -2.97606497093719617E-06
  5.42000000000000091E+03 -2.75653573670204126E-07 -2.85893502737573997E-06
  5.44000000000000091E+03 -2.93741278854701890E-07 -3.05210276366788583E-06
  5.46000000000000091E+03 -4.02538476459870950E-07 -2.78106903934115646E-06
  5.48000000000000091E+03 -1.28928422061401495E-07 -2.89451941762144775E-06
  5.50000000000000091E+03 -3.68763295442902003E-07 -2.84842984202588210E-06
  5.52000000000000091E+03 -1.70672676145442676E-07 -2.72212500018556227E-06
  5.54000000000000091E+03 -1.90110084146348963E-07 -2.80491144271004425E-06
  5.56000000000000091E+03 -2.37343377779747960E-07 -2.70114884293865671E-06
  5.58000000000000091E+03 -8.59381724272068243E-08 -2.65057681859360498E-06
  5.60000000000000091E+03 -1.75686779395410672E-07 -2.71168147488972907E-06
  5.62000000000000091E+03 -8.43991028555247699E-08 -2.55735648636419853E-06
  5.64000000000000091E+03 -7.18136274997195088E-08 -2.63910093906989121E-06
  5.66000000000000091E+03 -6.41467521640583165E-08 -2.54867638138938108E-06
  5.68000000000000091E+03 -2.32670155758295914E-08 -2.54746479796846725E-06
  5.70000000000000091E+03 -7.04762514926095145E-09 -2.53222549583001513E-06
  5.72000000000000091E+03  1.06168926247526653E-09 -2.49929059429452428E-06
  5.74000000000000091E+03  2.90287852351951974E-08 -2.49214971381754567E-06
  5.76000000000000091E+03  3.09470304666193288E-08 -2.46089136394717440E-06
  5.78000000000000091E+03  4.77753602410489123E-08 -2.45939401739608607E-06
  5.80000000000000091E+03  3.86588120453217107E-08 -2.41310445801176624E-06
  5.82000000000000091E+03  7.36233967802547134E-08 -2.41217023194344867E-06
  5.84000000000000091E+03  3.26825984080193704E-08 -2.38046392008121384E-06
  5.86000000000000091E+03  7.93569866980809356E-08 -2.33226932769170395E-06
  5.88000000000000091E+03  5.64779979616735894E-08 -2.34473814034922453E-06
  5.90000000000000091E+03  5.38431404626558274E-08 -2.26249140095675175E-06
  5.92000000000000091E+03  9.60227740106074860E-08 -2.26120616931138316E-06
  5.94000000000000091E+03  5.17487884617714008E-08 -2.22629086882428343E-06
  5.96000000000000091E+03  1.01645788900445913E-07 -2.15453848601574458E-06
  5.98000000000000091E+03  1.03131728679423265E-07 -2.17458189000841533E-06
  6.00000000000000091E+03  9.02208453361223583E-08 -2.09032518949590848E-06
  6.02000000000000091E+03  1.55559565660442715E-07 -2.07824869069739450E-06
  6.04000000000000091E+03  1.21587546265162245E-07 -2.06386898324265004E-06
  6.06000000000000091E+03  1.66314662890369861E-07 -1.99024406211791882E-06
  6.08000000000000091E+03  1.89034413199972739E-07 -2.01514647442095315E-06
  6.10000000000000091E+03  1.72885969503063029E-07 -1.95671540279616143E-06
  6.12000000000000091E+03  2.29372208394752648E-07 -1.93905719688577279E-06
  6.14000000000000091E+03  2.14885487733903652E-07 -1.94232665941893684E-06
  6.16000000000000091E+03  2.29518956720622708E-07 -1.88567284681975083E-06
  6.18000000000000091E+03  2.62603905121297566E-07 -1.89976610819966397E-06
  6.20000000000000091E+03  2.33818445404273006E-07 -1.86558703311947003E-06
  6.22000000000000091E+03  2.75089436995818654E-07 -1.84229548353482354E-06
  6.24000000000000091E+03  2.59647011752545505E-07 -1.83824218639791275E-06
  6.26000000000000091E+03  2.66119146571755315E-07 -1.80075242399442566E-06
  6.28000000000000091E+03  2.80873773957589727E-07 -1.78507744632967602E-06
  6.30000000000000091E+03  2.68695089495858001E-07 -1.76680445781781977E-06
  6.32000000000000091E+03  2.85749323662113592E-07 -1.72730051343393564E-06
  6.34000000000000091E+03  2.84255093972628101E-07 -1.71863827526379950E-06
  6.36000000000000091E+03  2.92103643391279467E-07 -1.67910767021806484E-06
  6.38000000000000091E+03  2.99389783831794550E-07 -1.66064912561977998E-06
  6.40000000000000091E+03  3.10061774344038725E-07 -1.63292364188074545E-06
  6.42000000000000091E+03  3.15925958895487307E-07 -1.60828339897737336E-06
  6.44000000000000091E+03  3.31524459980066058E-07 -1.58629018761690727E-06
  6.46000000000000091E+03  3.39119483317707724E-07 -1.56321504492133623E-06
  6.48000000000000091E+03  3.52293488359695493E-07 -1.54696844892896483E-06
  6.50000000000000091E+03  3.61858571022609258E-07 -1.52300092856577613E-06
  6.52000000000000091E+03  3.74681013683038249E-07 -1.51445268791410511E-06
  6.54000000000000091E+03  3.77903670268459722E-07 -1.49217273724120680E-06
  6.56000000000000091E+03  3.92880744976909840E-07 -1.48167996402345423E-06
  6.58000000000000091E+03  3.91494397399701913E-07 -1.46958861938334804E-06
  6.60000000000000091E+03  3.98791813553993639E-07 -1.45019326123849305E-06
  6.62000000000000091E+03  4.03633358523123128E-07 -1.44331788856141333E-06
  6.64000000000000091E+03  3.97486519115613823E-07 -1.42438322552289557E-06
  6.66000000000000091E+03  4.06621981469618634E-07 -1.40778278994712601E-06
  6.68000000000000091E+03  3.99503470230080656E-07 -1.39714240779705305E-06
  6.70000000000000091E+03  4.00170069711205657E-07 -1.37050577370782067E-06
  6.72000000000000091E+03  4.03974699191288451E-07 -1.35846765197419363E-06
  6.74000000000000091E+03  3.96598926309289382E-07 -1.33575335547100990E-06
  6.76000000000000091E+03  4.04632398555362665E-07 -1.31220432025791424E-06
  6.78000000000000091E+03  4.03393561931255565E-07 -1.29731097860465496E-06
  6.80000000000000091E+03  4.05188225765367547E-07 -1.26976393707826907E-06
  6.82000000000000091E+03  4.14607915347920568E-07 -1.25282636172210206E-06
  6.84000000000000091E+03  4.14177233394755194E-07 -1.23343384794941359E-06
  6.86000000000000091E+03  4.24140015155884701E-07 -1.21086335137529368E-06
  6.88000000000000091E+03  4.30254328921860110E-07 -1.19840560383616523E-06
  6.90000000000000091E+03  4.34269780845196242E-07 -1.17837504160027849E-06
  6.92000000000000091E+03  4.44586815752408276E-07 -1.16504205413118290E-06
  6.94000000000000091E+03  4.46889743771139081E-07 -1.15234071407783180E-06
  6.96000000000000091E+03  4.53302776141576926E-07 -1.13773638488857248E-06
  6.98000000000000091E+03  4.57294576941783234E-07 -1.12751990659166840E-06
  7.00000000000000091E+03  4.58378628640652316E-07 -1.11556565773710501E-06
  7.02000000000000091E+03  4.61122836604705986E-07 -1.10321096318885059E-06
  7.04000000000000091E+03  4.60359114934598621E-07 -1.09291554248058532E-06
  7.06000000000000091E+03  4.59926298195783547E-07 -1.07921271804425064E-06
  7.08000000000000091E+03  4.58238303758613339E-07 -1.06685021344768278E-06
  7.10000000000000091E+03  4.57016776614243309E-07 -1.05261233264115581E-06
  7.12000000000000091E+03  4.54088313151766156E-07 -1.03784853117400429E-06
  7.14000000000000091E+03  4.53740434935056318E-07 -1.02181861980848722E-06
  7.16000000000000091E+03  4.51785250243174449E-07 -1.00601622603331653E-06
  7.18000000000000091E+03  4.51723235607060949E-07 -9.88908102101199608E-07
  7.20000000000000091E+03  4.52648787328689561E-07 -9.71746475958884999E-07
  7.22000000000000091E+03  4.53644964293417704E-07 -9.56222653768040518E-07
  7.24000000000000091E+03  4.56037079954835616E-07 -9.38143043594947719E-07
  7.26000000000000091E+03  4.59764792556952010E-07 -9.24541362562769970E-07
  7.28000000000000091E+03  4.62045739759352689E-07 -9.08659289006543859E-07
  7.30000000000000091E+03  4.67146214485055881E-07 -8.95378042672692397E-07
  7.32000000000000091E+03  4.70190522108318035E-07 -8.83589901718968551E-07
  7.34000000000000091E+03  4.73317653755874271E-07 -8.71096009567896879E-07
  7.36000000000000091E+03  4.77369770315863568E-07 -8.61392976145183732E-07
  7.38000000000000091E+03  4.77795678730139114E-07 -8.51564951127200470E-07
  7.40000000000000091E+03  4.80282838274722942E-07 -8.41511537115705269E-07
  7.42000000000000091E+03  4.79813617504932220E-07 -8.33594678679473648E-07
  7.44000000000000091E+03  4.78724349277430489E-07 -8.23413396148596072E-07
  7.46000000000000091E+03  4.77854830661468098E-07 -8.14385519521291789E-07
  7.48000000000000091E+03  4.74586979600951787E-07 -8.04717076211256267E-07
  7.50000000000000091E+03  4.72216282291840003E-07 -7.93293787489070264E-07
  7.52000000000000091E+03  4.69211672676822558E-07 -7.82838900634783558E-07
  7.54000000000000091E+03  4.65649283269890992E-07 -7.70206502020913379E-07
  7.56000000000000091E+03  4.63528704310380327E-07 -7.57620996351206003E-07
  7.58000000000000091E+03  4.60794108737546909E-07 -7.44754651750885793E-07
  7.60000000000000091E+03  4.59281625363343504E-07 -7.30849177386959420E-07
  7.62000000000000091E+03  4.58524824445002558E-07 -7.17706444678334799E-07
  7.64000000000000091E+03  4.58077453380558200E-07 -7.04237918829357993E-07
  7.66000000000000091E+03  4.58765094154147254E-07 -6.91295860710305385E-07
  7.68000000000000182E+03  4.59747245581817862E-07 -6.79085073009123970E-07
  7.70000000000000182E+03  4.61097975073259383E-07 -6.67508762890972022E-07
  7.72000000000000182E+03  4.62707803963849448E-07 -6.56739049514948368E-07
  7.74000000000000182E+03  4.64201526810074482E-07 -6.46977496730748145E-07
  7.76000000000000182E+03  4.65311211274692759E-07 -6.37900930628642495E-07
  7.78000000000000182E+03  4.66052606335443627E-07 -6.29457813103926424E-07
  7.80000000000000182E+03  4.66169804573169806E-07 -6.21797046579642117E-07
  7.82000000000000182E+03  4.65254210895495764E-07 -6.14157193597704270E-07
  7.84000000000000182E+03  4.64113398026790047E-07 -6.06797363243092550E-07
  7.86000000000000182E+03  4.61624212545581710E-07 -5.99475042736766125E-07
  7.88000000000000182E+03  4.58914697760343853E-07 -5.91478954435963375E-07
  7.90000000000000182E+03  4.55655845605218866E-07 -5.83517570673383358E-07
  7.92000000000000182E+03  4.51763428519908781E-07 -5.74764975746295306E-07
  7.94000000000000182E+03  4.48266049641683300E-07 -5.65316962876742972E-07
  7.96000000000000182E+03  4.44439035396943536E-07 -5.55860940478431761E-07
  7.98000000000000182E+03  4.41004564102467459E-07 -5.45174775467326038E-07
  8.00000000000000182E+03  4.38246291026836958E-07 -5.34859947189498773E-07
  8.02000000000000182E+03  4.35551246254430247E-07 -5.23967050672572104E-07
  8.04000000000000182E+03  4.33898345535203875E-07 -5.13089781092976368E-07
  8.06000000000000182E+03  4.32621179869630788E-07 -5.02724772610562991E-07
  8.08000000000000182E+03  4.31710520059140978E-07 -4.92319926451462420E-07
  8.10000000000000182E+03  4.31647811559586789E-07 -4.82732765178351264E-07
  8.12000000000000182E+03  4.31283025835325783E-07 -4.73722989150030048E-07
  8.14000000000000182E+03  4.31455318818842933E-07 -4.65203337677709147E-07
  8.16000000000000182E+03  4.31298360148682748E-07 -4.57664887881943810E-07
  8.18000000000000182E+03  4.30843397498515100E-07 -4.50496362644367400E-07
  8.20000000000000182E+03  4.30150226038903320E-07 -4.43950096369623293E-07
  8.22000000000000182E+03  4.28707569199970875E-07 -4.37879020831255999E-07
  8.24000000000000182E+03  4.26814043934902554E-07 -4.31825989862362898E-07
  8.26000000000000182E+03  4.24278890474759249E-07 -4.26068492721655275E-07
  8.28000000000000182E+03  4.21122461101796137E-07 -4.20020185558404890E-07
  8.30000000000000182E+03  4.17570494477649388E-07 -4.13824383140072621E-07
  8.32000000000000182E+03  4.13587259002235528E-07 -4.07243982925312428E-07
  8.34000000000000182E+03  4.09440930983152814E-07 -4.00226143285640225E-07
  8.36000000000000182E+03  4.05225123952214719E-07 -3.92793798129922332E-07
  8.38000000000000182E+03  4.01140860145424969E-07 -3.84905085968332282E-07
  8.40000000000000182E+03  3.97299251690656716E-07 -3.76731339164033223E-07
  8.42000000000000182E+03  3.93818860973234142E-07 -3.68245312467112644E-07
  8.44000000000000182E+03  3.90825271576022808E-07 -3.59738207429414071E-07
  8.46000000000000182E+03  3.88217480571653678E-07 -3.51232208798501313E-07
  8.48000000000000182E+03  3.86163917333194471E-07 -3.42906140554015470E-07
  8.50000000000000182E+03  3.84431824235004005E-07 -3.34993528767203054E-07
  8.52000000000000182E+03  3.82997480240520080E-07 -3.27392530136147458E-07
  8.54000000000000182E+03  3.81815985728017626E-07 -3.20415960963457377E-07
  8.56000000000000182E+03  3.80525170182836173E-07 -3.13932734634835495E-07
  8.58000000000000182E+03  3.79265936413450343E-07 -3.07943444858464070E-07
  8.60000000000000182E+03  3.77678112245332993E-07 -3.02548773945305090E-07
  8.62000000000000182E+03  3.75729020927338006E-07 -2.97418622562028916E-07
  8.64000000000000182E+03  3.73445422722216146E-07 -2.92662413330479056E-07
  8.66000000000000182E+03  3.70551859142345382E-07 -2.88057169265202099E-07
  8.68000000000000182E+03  3.67309615764685467E-07 -2.83388660471412013E-07
  8.70000000000000182E+03  3.63583945769101728E-07 -2.78756606423000431E-07
  8.72000000000000182E+03  3.59476780237075687E-07 -2.73778905445231122E-07
  8.74000000000000182E+03  3.55205986496587478E-07 -2.68595513668317134E-07
  8.76000000000000182E+03  3.50707042218601375E-07 -2.63076303475170429E-07
  8.78000000000000182E+03  3.46268876873469470E-07 -2.57155813262251790E-07
  8.80000000000000182E+03  3.41949792382346121E-07 -2.51019691036805882E-07
  8.82000000000000182E+03  3.37797853978706351E-07 -2.44558498296809575E-07
  8.84000000000000182E+03  3.34043694062837032E-07 -2.37981730263136310E-07
  8.86000000000000182E+03  3.30557845796948347E-07 -2.31367623583051787E-07
  8.88000000000000182E+03  3.27497663452294928E-07 -2.24783082884470495E-07
  8.90000000000000182E+03  3.24771401669763472E-07 -2.18429573241783534E-07
  8.92000000000000182E+03  3.22316746550287069E-07 -2.12328039365515101E-07
  8.94000000000000182E+03  3.20112725457141257E-07 -2.06594309954208727E-07
  8.96000000000000182E+03  3.17979353533411774E-07 -2.01292574588723465E-07
  8.98000000000000182E+03  3.15875035412478240E-07 -1.96387427574601010E-07
  9.00000000000000182E+03  3.13647363861986119E-07 -1.91936016011425135E-07
  9.02000000000000182E+03  3.11213411641270199E-07 -1.87821912256779333E-07
  9.04000000000000182E+03  3.08499392195568321E-07 -1.84030129854852311E-07
  9.06000000000000182E+03  3.05431351862325154E-07 -1.80433429602155120E-07
  9.08000000000000182E+03  3.02014576053885978E-07 -1.76944371044943828E-07
  9.10000000000000182E+03  2.98226902759521820E-07 -1.73471620293827925E-07
  9.12000000000000182E+03  2.94128764583852363E-07 -1.69887307394762213E-07
  9.14000000000000182E+03  2.89779516747833461E-07 -1.66163796531369185E-07
  9.16000000000000182E+03  2.85241786073802668E-07 -1.62193356737157444E-07
  9.18000000000000182E+03  2.80654287307471956E-07 -1.57986033584907653E-07
  9.20000000000000182E+03  2.76059022939388229E-07 -1.53534332064036369E-07
  9.22000000000000182E+03  2.71594158053696602E-07 -1.48841739928291131E-07
  9.24000000000000182E+03  2.67317314549661952E-07 -1.44011621986765227E-07
  9.26000000000000182E+03  2.63267696543325057E-07 -1.39062767466723129E-07
  9.28000000000000182E+03  2.59525171496262364E-07 -1.34114643014672419E-07
  9.30000000000000182E+03  2.56033404596797455E-07 -1.29255321747230630E-07
  9.32000000000000182E+03  2.52818058242986336E-07 -1.24536000898343157E-07
  9.34000000000000182E+03  2.49815626012555369E-07 -1.20083076309334171E-07
  9.36000000000000182E+03  2.46940802135437932E-07 -1.15902502239450400E-07
  9.38000000000000182E+03  2.44161270032701439E-07 -1.12053030385816381E-07
  9.40000000000000182E+03  2.41341551232096058E-07 -1.08551337770467464E-07
  9.42000000000000182E+03  2.38437220168967016E-07 -1.05345194450206227E-07
  9.44000000000000182E+03  2.35367985550368094E-07 -1.02443540788417354E-07
  9.46000000000000182E+03  2.32059453316653105E-07 -9.97498182548304227E-08
  9.48000000000000182E+03  2.28510774984218352E-07 -9.72106791770940054E-08
  9.50000000000000182E+03  2.24676056941863193E-07 -9.47590212264782981E-08
  9.52000000000000182E+03  2.20584731197287225E-07 -9.22911294335557931E-08
  9.54000000000000182E+03  2.16271873412286705E-07 -8.97722965854553624E-08
  9.56000000000000182E+03  2.11768384976353157E-07 -8.71216645185543012E-08
  9.58000000000000182E+03  2.07165861437902523E-07 -8.43130156872979621E-08
  9.60000000000000182E+03  2.02510375354288777E-07 -8.13340579344039993E-08
  9.62000000000000182E+03  1.97887213799336610E-07 -7.81756229827214480E-08
  9.64000000000000182E+03  1.93360564449658015E-07 -7.48785611043467836E-08
  9.66000000000000182E+03  1.88974739593803623E-07 -7.14740399502948442E-08
  9.68000000000000182E+03  1.84782375105200993E-07 -6.80208913702081233E-08
  9.70000000000000182E+03  1.80787191732827727E-07 -6.45864253903066146E-08
  9.72000000000000182E+03  1.77000231284509236E-07 -6.12258006991082094E-08
  9.74000000000000182E+03  1.73394729588362183E-07 -5.80116689511897204E-08
  9.76000000000000182E+03  1.69935450463178484E-07 -5.49839598283073067E-08
  9.78000000000000182E+03  1.66576443736499450E-07 -5.21887285766790335E-08
  9.80000000000000182E+03  1.63253746838306409E-07 -4.96433850060072803E-08
  9.82000000000000182E+03  1.59915328667542098E-07 -4.73490012718701067E-08
  9.84000000000000182E+03  1.56498317188746934E-07 -4.52987873272148849E-08
  9.86000000000000182E+03  1.52955500483431583E-07 -4.34513577361760092E-08
  9.88000000000000182E+03  1.49253912735687336E-07 -4.17758206863408034E-08
  9.90000000000000182E+03  1.45362446326649049E-07 -4.02130783181890343E-08
  9.92000000000000182E+03  1.41286495875351410E-07 -3.87108471752482209E-08
  9.94000000000000182E+03  1.37027189356504889E-07 -3.72212303488421285E-08
  9.96000000000000182E+03  1.32613117864305933E-07 -3.56878874435623177E-08
  9.98000000000000182E+03  1.28085082269538303E-07 -3.40843869541206361E-08
 -9.98000000000000182E+03  1.23478146522617544E-07 -3.23805314499895586E-08
 -9.96000000000000182E+03  1.18853599608858573E-07 -3.05666408020185288E-08
 -9.94000000000000182E+03  1.14249809183453892E-07 -2.86550293507548348E-08
 -9.92000000000000182E+03  1.09713973878183848E-07 -2.66540824426002629E-08
 -9.90000000000000182E+03  1.05284462554388583E-07 -2.46039044369492869E-08
 -9.88000000000000182E+03  1.00976328297786333E-07 -2.25384218732563477E-08
 -9.86000000000000182E+03  9.68104304818236966E-08 -2.04984267304373197E-08
 -9.84000000000000182E+03  9.27776778134765244E-08 -1.85356875223752382E-08
 -9.82000000000000182E+03  8.88646698164595303E-08 -1.66794867142948337E-08
 -9.80000000000000182E+03  8.50508875920193306E-08 -1.49723328757381361E-08
 -9.78000000000000182E+03  8.12956624905832523E-08 -1.34337383133175225E-08
 -9.76000000000000182E+03  7.75691019872082382E-08 -1.20748934663426757E-08
 -9.74000000000000182E+03  7.38291537418847038E-08 -1.09028949756908638E-08
 -9.72000000000000182E+03  7.00384209801625282E-08 -9.89982337515090968E-09
 -9.70000000000000182E+03  6.61727559510993268E-08 -9.05173587225598914E-09
 -9.68000000000000182E+03  6.22010262851635321E-08 -8.32846437619187684E-09
 -9.66000000000000182E+03  5.81182621567929872E-08 -7.69617682525217967E-09
 -9.64000000000000182E+03  5.39162613926026811E-08 -7.12480396252617599E-09
 -9.62000000000000182E+03  4.96030467859502108E-08 -6.57699093182468501E-09
 -9.60000000000000182E+03  4.51964910124129544E-08 -6.02721262234305733E-09
 -9.58000000000000182E+03  4.07141208563746569E-08 -5.45294448553515526E-09
 -9.56000000000000182E+03  3.61881048603494694E-08 -4.83722097626398106E-09
 -9.54000000000000182E+03  3.16425901180783078E-08 -4.17971986488596967E-09
 -9.52000000000000182E+03  2.71082862358283709E-08 -3.47708621890713823E-09
 -9.50000000000000182E+03  2.26099425731604245E-08 -2.74700013396627446E-09
 -9.48000000000000182E+03  1.81654994987241794E-08 -2.00161914667831697E-09
 -9.46000000000000182E+03  1.37927797889845937E-08 -1.26575615969079517E-09
 -9.44000000000000182E+03  9.49376626279391778E-09 -5.64408882184534049E-10
 -9.42000000000000182E+03  5.27194066828700468E-09  8.24888582115165490E-11
 -9.40000000000000182E+03  1.11976264089981290E-09  6.45141398546065918E-10
 -9.38000000000000182E+03 -2.97866711390187357E-09  1.11320718767876434E-09
 -9.36000000000000182E+03 -7.03106093700955180E-09  1.46699496679187877E-09
 -9.34000000000000182E+03 -1.10669123201223125E-08  1.69982901385078781E-09
 -9.32000000000000182E+03 -1.50946357187872025E-08  1.81535450508943337E-09
 -9.30000000000000182E+03 -1.91373903579130636E-08  1.80652479792053904E-09
 -9.28000000000000182E+03 -2.32130650200472532E-08  1.69460429440342134E-09
 -9.26000000000000182E+03 -2.73226017784360182E-08  1.48283006232372218E-09
 -9.24000000000000182E+03 -3.14896120989085019E-08  1.18655918975581752E-09
 -9.22000000000000182E+03 -3.57028698826921675E-08  8.30668576500903141E-10
 -9.20000000000000182E+03 -3.99690531249796708E-08  4.12985605402449427E-10
 -9.18000000000000182E+03 -4.42885915169227398E-08 -3.43687354185160440E-11
 -9.16000000000000182E+03 -4.86389328013569813E-08 -5.12754271808068556E-10
 -9.14000000000000182E+03 -5.30329097677236344E-08 -1.01464360887178549E-09
 -9.12000000000000182E+03 -5.74414067570578800E-08 -1.52055718778060996E-09
 -9.10000000000000182E+03 -6.18633389915716136E-08 -2.05413710054460207E-09
 -9.08000000000000182E+03 -6.62942102779878277E-08 -2.58971898180281123E-09
 -9.06000000000000182E+03 -7.07079121293125350E-08 -3.14986834416020609E-09
 -9.04000000000000182E+03 -7.51192005952326011E-08 -3.73612232492889476E-09
 -9.02000000000000182E+03 -7.95050205824752849E-08 -4.34191610560025328E-09
 -9.00000000000000182E+03 -8.38639949566758901E-08 -4.99948774949424996E-09
 -8.98000000000000182E+03 -8.82072095535997776E-08 -5.68700118296121290E-09
 -8.96000000000000182E+03 -9.25031610898024128E-08 -6.43432037895598206E-09
 -8.94000000000000182E+03 -9.67875725511575513E-08 -7.23716414018915066E-09
 -8.92000000000000182E+03 -1.01026964455028015E-07 -8.09791314838118643E-09
 -8.90000000000000182E+03 -1.05243128243967670E-07 -9.03589924525330425E-09
 -8.88000000000000182E+03 -1.09436391685216862E-07 -1.00384532261874240E-08
 -8.86000000000000182E+03 -1.13591580849072683E-07 -1.11221954201600803E-08
 -8.84000000000000182E+03 -1.17748285400065815E-07 -1.22910756822191935E-08
 -8.82000000000000182E+03 -1.21868517071822795E-07 -1.35305716715912822E-08
 -8.80000000000000182E+03 -1.26001623209447770E-07 -1.48778221970679414E-08
 -8.78000000000000182E+03 -1.30126516108599076E-07 -1.62859849076774516E-08
 -8.76000000000000182E+03 -1.34260026080896518E-07 -1.78041653989130366E-08
 -8.74000000000000182E+03 -1.38428551171459626E-07 -1.93924102557964269E-08
 -8.72000000000000182E+03 -1.42604726035535637E-07 -2.10561311241246271E-08
 -8.70000000000000182E+03 -1.46837350557978645E-07 -2.28158126282797803E-08
 -8.68000000000000182E+03 -1.51106954225375664E-07 -2.45993313695768369E-08
 -8.66000000000000182E+03 -1.55406875375970535E-07 -2.64807338878044430E-08
 -8.64000000000000182E+03 -1.59789430018678586E-07 -2.83700133668079448E-08
 -8.62000000000000182E+03 -1.64162979114862659E-07 -3.02980584758442927E-08
 -8.60000000000000182E+03 -1.68613366630293766E-07 -3.22684289533715072E-08
 -8.58000000000000182E+03 -1.73063662341998379E-07 -3.42002378023392948E-08
 -8.56000000000000182E+03 -1.77500951282009644E-07 -3.61917879301590127E-08
 -8.54000000000000182E+03 -1.81978741064697440E-07 -3.81468499562883644E-08
 -8.52000000000000182E+03 -1.86352056610652778E-07 -4.01050116129723075E-08
 -8.50000000000000182E+03 -1.90740252881972117E-07 -4.21197390449585390E-08
 -8.48000000000000182E+03 -1.95036871852938365E-07 -4.40772531242185624E-08
 -8.46000000000000182E+03 -1.99232656708684003E-07 -4.61568471965178792E-08
 -8.44000000000000182E+03 -2.03419891637285890E-07 -4.82377262982212857E-08
 -8.42000000000000182E+03 -2.07431491368949904E-07 -5.03972694427830000E-08
 -8.40000000000000182E+03 -2.11449402471459311E-07 -5.27118595656179044E-08
 -8.38000000000000182E+03 -2.15375429657271682E-07 -5.50461488503720334E-08
 -8.36000000000000182E+03 -2.19230109637492941E-07 -5.76120204757883522E-08
 -8.34000000000000182E+03 -2.23152991083606262E-07 -6.02553760973348919E-08
 -8.32000000000000182E+03 -2.26979847542010572E-07 -6.30436579708811203E-08
 -8.30000000000000182E+03 -2.30930046672215642E-07 -6.60381690037991311E-08
 -8.28000000000000182E+03 -2.34909625252036685E-07 -6.90487438680522213E-08
 -8.26000000000000182E+03 -2.38931374650634691E-07 -7.22904544569132489E-08
 -8.24000000000000182E+03 -2.43146676181526535E-07 -7.55261606240658263E-08
 -8.22000000000000182E+03 -2.47329837588772783E-07 -7.88534960668726662E-08
 -8.20000000000000182E+03 -2.51725566985214039E-07 -8.22404239006749612E-08
 -8.18000000000000182E+03 -2.56132386673864503E-07 -8.55457565212696795E-08
 -8.16000000000000182E+03 -2.60585072743191628E-07 -8.89301462083827077E-08
 -8.14000000000000182E+03 -2.65159970007115577E-07 -9.21902170693524240E-08
 -8.12000000000000182E+03 -2.69560501433743395E-07 -9.54286240251470447E-08
 -8.10000000000000182E+03 -2.74116411886944372E-07 -9.86696223425153098E-08
 -8.08000000000000182E+03 -2.78409464874899568E-07 -1.01739564055351674E-07
 -8.06000000000000182E+03 -2.82707899331621099E-07 -1.04981009925521401E-07
 -8.04000000000000182E+03 -2.86866491650292502E-07 -1.08044434086684515E-07
 -8.02000000000000182E+03 -2.90777462895178530E-07 -1.11276383517232195E-07
 -8.00000000000000182E+03 -2.94723971715400891E-07 -1.14608354047936748E-07
 -7.98000000000000182E+03 -2.98358132645227592E-07 -1.17882844546239584E-07
 -7.96000000000000182E+03 -3.01973341677709413E-07 -1.21643645395258300E-07
 -7.94000000000000182E+03 -3.05584084241454794E-07 -1.25203379537126341E-07
 -7.92000000000000182E+03 -3.08917013360945521E-07 -1.29291233673232812E-07
 -7.90000000000000182E+03 -3.12609328577810978E-07 -1.33451906153175452E-07
 -7.88000000000000182E+03 -3.16032171397744059E-07 -1.37703773840812546E-07
 -7.86000000000000182E+03 -3.19695470383694506E-07 -1.42469277932073893E-07
 -7.84000000000000182E+03 -3.23620872475797487E-07 -1.46968679422301879E-07
 -7.82000000000000182E+03 -3.27270846922743124E-07 -1.51901298923780062E-07
 -7.80000000000000182E+03 -3.31660564830345790E-07 -1.56840040404453924E-07
 -7.78000000000000182E+03 -3.35647911360432805E-07 -1.61526878248080725E-07
 -7.76000000000000182E+03 -3.40045469023530158E-07 -1.66716941186105309E-07
 -7.74000000000000182E+03 -3.44625154952326481E-07 -1.71248195701371701E-07
 -7.72000000000000182E+03 -3.48775122342218957E-07 -1.76106746813647734E-07
 -7.70000000000000182E+03 -3.53572500269063746E-07 -1.80811695325277669E-07
 -7.68000000000000182E+03 -3.57705316458436672E-07 -1.85049491658565694E-07
 -7.66000000000000182E+03 -3.61990977507256769E-07 -1.89868842396563091E-07
 -7.64000000000000182E+03 -3.66286882669081064E-07 -1.93929107761020305E-07
 -7.62000000000000182E+03 -3.69806758165167712E-07 -1.98465016061606641E-07
 -7.60000000000000182E+03 -3.73891784689096065E-07 -2.03003574150711910E-07
 -7.58000000000000182E+03 -3.77080601638330377E-07 -2.07234774654286858E-07
 -7.56000000000000182E+03 -3.80421515412355760E-07 -2.12375468474453698E-07
 -7.54000000000000182E+03 -3.83740247639609683E-07 -2.16919711796735201E-07
 -7.52000000000000182E+03 -3.86395183798659758E-07 -2.22319791344562128E-07
 -7.50000000000000182E+03 -3.89805275438323225E-07 -2.27811397535024217E-07
 -7.48000000000000182E+03 -3.92471117431319707E-07 -2.33293871093314926E-07
 -7.46000000000000182E+03 -3.95683034337262633E-07 -2.39727490072052266E-07
 -7.44000000000000182E+03 -3.99051428717250356E-07 -2.45539862037830863E-07
 -7.42000000000000182E+03 -4.02040257389850459E-07 -2.52307659188578537E-07
 -7.40000000000000182E+03 -4.06234159528779697E-07 -2.58797935526967296E-07
 -7.38000000000000182E+03 -4.09417566719398086E-07 -2.65225565991993483E-07
 -7.36000000000000182E+03 -4.13906580840879002E-07 -2.72350425363865694E-07
 -7.34000000000000182E+03 -4.17878770674233639E-07 -2.78296552130124308E-07
 -7.32000000000000182E+03 -4.21937252200181853E-07 -2.85320431680707538E-07
 -7.30000000000000182E+03 -4.26783172955497825E-07 -2.91397941565464132E-07
 -7.28000000000000182E+03 -4.30331572187157701E-07 -2.97279575480782220E-07
 -7.26000000000000182E+03 -4.35059640759379381E-07 -3.04127985617647221E-07
 -7.24000000000000182E+03 -4.38876779582762041E-07 -3.08770933583375229E-07
 -7.22000000000000182E+03 -4.42168418847306460E-07 -3.15872972577548690E-07
 -7.20000000000000182E+03 -4.46593488181100810E-07 -3.20797011715255026E-07
 -7.18000000000000182E+03 -4.48630323307858434E-07 -3.26806420552857964E-07
 -7.16000000000000182E+03 -4.52329878537672965E-07 -3.33553533664450943E-07
 -7.14000000000000182E+03 -4.54992627378051583E-07 -3.38498129784507155E-07
 -7.12000000000000182E+03 -4.56396456064092858E-07 -3.46396935926949424E-07
 -7.10000000000000182E+03 -4.60628592480822372E-07 -3.52494508747079562E-07
 -7.08000000000000182E+03 -4.60741514933075528E-07 -3.59517009963084702E-07
 -7.06000000000000182E+03 -4.64742906859417811E-07 -3.68352315616849593E-07
 -7.04000000000000182E+03 -4.66657309917918544E-07 -3.74518026130390856E-07
 -7.02000000000000182E+03 -4.68448601241148583E-07 -3.84318551538392856E-07
 -7.00000000000000182E+03 -4.73208691895728769E-07 -3.92193062606624466E-07
 -6.98000000000000182E+03 -4.74172749674204751E-07 -4.00012544581767490E-07
 -6.96000000000000182E+03 -4.79100979158839059E-07 -4.10677280445428053E-07
 -6.94000000000000182E+03 -4.82497334900639019E-07 -4.16777357860788814E-07
 -6.92000000000000182E+03 -4.85105963718674158E-07 -4.27410701198705554E-07
 -6.90000000000000182E+03 -4.91201394207478105E-07 -4.34887080688997293E-07
 -6.88000000000000182E+03 -4.92849855398018743E-07 -4.42330485984905589E-07
 -6.86000000000000182E+03 -4.98212562109149607E-07 -4.52282678148180206E-07
 -6.84000000000000182E+03 -5.01774783409033598E-07 -4.57433429302990394E-07
 -6.82000000000000182E+03 -5.03926063755213992E-07 -4.67216530892577522E-07
 -6.80000000000000182E+03 -5.09279277698981371E-07 -4.73679445262954326E-07
 -6.78000000000000182E+03 -5.09649988745148248E-07 -4.80720172266483045E-07
 -6.76000000000000182E+03 -5.13781373966689417E-07 -4.90180197202201309E-07
 -6.74000000000000182E+03 -5.15309712809006714E-07 -4.95364934268829425E-07
 -6.72000000000000182E+03 -5.16120471685024085E-07 -5.06206413556079237E-07
 -6.70000000000000182E+03 -5.19806074147051901E-07 -5.12739916450033406E-07
 -6.68000000000000182E+03 -5.18267406109670128E-07 -5.22390719189726985E-07
 -6.66000000000000182E+03 -5.22490144306342814E-07 -5.32706870842362552E-07
 -6.64000000000000182E+03 -5.21909798038670655E-07 -5.40246085717534444E-07
 -6.62000000000000182E+03 -5.23839843778071307E-07 -5.53694271749600824E-07
 -6.60000000000000182E+03 -5.27374117149977185E-07 -5.61423866315360321E-07
 -6.58000000000000182E+03 -5.26019630464752555E-07 -5.73681145125826649E-07
 -6.56000000000000182E+03 -5.32787357720542860E-07 -5.85948275439741355E-07
 -6.54000000000000182E+03 -5.32060422961220886E-07 -5.92844165098116354E-07
 -6.52000000000000182E+03 -5.36229635702441966E-07 -6.10141182004568561E-07
 -6.50000000000000182E+03 -5.41733615471111578E-07 -6.14381804194644842E-07
 -6.48000000000000182E+03 -5.39910429616098880E-07 -6.29390702459001654E-07
 -6.46000000000000182E+03 -5.49466029582991818E-07 -6.39365282549901967E-07
 -6.44000000000000182E+03 -5.48348018592898943E-07 -6.45080290015195609E-07
 -6.42000000000000182E+03 -5.51007814348470486E-07 -6.62370234575407927E-07
 -6.40000000000000182E+03 -5.59810173713895224E-07 -6.64288914088085556E-07
 -6.38000000000000182E+03 -5.50992824465053500E-07 -6.78209666807113915E-07
 -6.36000000000000182E+03 -5.65188591687341632E-07 -6.88947239257285757E-07
 -6.34000000000000182E+03 -5.56892417714372803E-07 -6.92091501675440686E-07
 -6.32000000000000182E+03 -5.60707692535726358E-07 -7.11282326136807277E-07
 -6.30000000000000182E+03 -5.65853239125473794E-07 -7.14490371138013970E-07
 -6.28000000000000182E+03 -5.55678874886139666E-07 -7.26495024611431900E-07
 -6.26000000000000182E+03 -5.67253491695774050E-07 -7.45010060002102049E-07
 -6.24000000000000182E+03 -5.59590672113232475E-07 -7.43431204202192966E-07
 -6.22000000000000182E+03 -5.60223951331767356E-07 -7.71838213393229101E-07
 -6.20000000000000182E+03 -5.67349749218854253E-07 -7.72703459305445141E-07
 -6.18000000000000182E+03 -5.57208584800892148E-07 -7.90438947317195013E-07
 -6.16000000000000182E+03 -5.68021464625017820E-07 -8.09360249724723447E-07
 -6.14000000000000091E+03 -5.65381123070778650E-07 -8.11080903508904728E-07
 -6.12000000000000091E+03 -5.63331290644478329E-07 -8.39365314274969367E-07
 -6.10000000000000091E+03 -5.76031887419789442E-07 -8.41996791627404664E-07
 -6.08000000000000091E+03 -5.64669142986488396E-07 -8.59796353527460984E-07
 -6.06000000000000091E+03 -5.78911449756726003E-07 -8.76558337598392843E-07
 -6.04000000000000091E+03 -5.74717445362838789E-07 -8.80111534916605127E-07
 -6.02000000000000091E+03 -5.76095931978818291E-07 -9.04417941571788999E-07
 -6.00000000000000091E+03 -5.84744063069808275E-07 -9.06281274735841293E-07
 -5.98000000000000091E+03 -5.74883321722894922E-07 -9.24982358505402741E-07
 -5.96000000000000091E+03 -5.87558666536296667E-07 -9.35881125744833172E-07
 -5.94000000000000091E+03 -5.77604828562962794E-07 -9.43866797247504849E-07
 -5.92000000000000091E+03 -5.82153372295247374E-07 -9.65279714919619217E-07
 -5.90000000000000091E+03 -5.83306648454961900E-07 -9.66869158692996979E-07
 -5.88000000000000091E+03 -5.71155427419972404E-07 -9.90744554877710302E-07
 -5.86000000000000091E+03 -5.87610873512630424E-07 -1.00019602260819416E-06
 -5.84000000000000091E+03 -5.64170584231314378E-07 -1.01001716758871498E-06
 -5.82000000000000091E+03 -5.80399158215653422E-07 -1.04219615152780705E-06
 -5.80000000000000091E+03 -5.71966574996534758E-07 -1.03342744372505454E-06
 -5.78000000000000091E+03 -5.61269821237059781E-07 -1.07588973977426931E-06
 -5.76000000000000091E+03 -5.84751868626198532E-07 -1.07783643381780438E-06
 -5.74000000000000091E+03 -5.53852094751514920E-07 -1.09153407327382996E-06
 -5.72000000000000091E+03 -5.76382340877556833E-07 -1.13463930911137412E-06
 -5.70000000000000091E+03 -5.76314148656376064E-07 -1.11255628480345519E-06
 -5.68000000000000091E+03 -5.49187082750239434E-07 -1.16875093870419868E-06
 -5.66000000000000091E+03 -6.01304557525981392E-07 -1.16490165401302009E-06
 -5.64000000000000091E+03 -5.44936669992817159E-07 -1.17398001621513243E-06
 -5.62000000000000091E+03 -5.87356878122684931E-07 -1.22371591676576158E-06
 -5.60000000000000091E+03 -5.79554556089747304E-07 -1.19619384333078382E-06
 -5.58000000000000091E+03 -5.50689305250889501E-07 -1.24061110527705344E-06
 -5.56000000000000091E+03 -6.03409202042708717E-07 -1.26219387065642254E-06
 -5.54000000000000091E+03 -5.48582786163842484E-07 -1.22863797062275648E-06
 -5.52000000000000091E+03 -5.75166574720139677E-07 -1.32379392296123703E-06
 -5.50000000000000091E+03 -5.81598240216511721E-07 -1.25552175662340950E-06
 -5.48000000000000091E+03 -5.36653897696735877E-07 -1.33001809235091702E-06
 -5.46000000000000091E+03 -5.83740452455135482E-07 -1.33524765047683889E-06
 -5.44000000000000091E+03 -5.47893557979585243E-07 -1.31747206256169737E-06
 -5.42000000000000091E+03 -5.33881767457607238E-07 -1.40109673379748335E-06
 -5.40000000000000091E+03 -5.83458736052177156E-07 -1.35511826247579166E-06
 -5.38000000000000091E+03 -4.97091602538001553E-07 -1.41630180555760219E-06
 -5.36000000000000091E+03 -5.74965667473928140E-07 -1.43196173396853623E-06
 -5.34000000000000091E+03 -5.17154065052602782E-07 -1.43027108725119390E-06
 -5.32000000000000091E+03 -5.26755035689286960E-07 -1.48448593576169972E-06
 -5.30000000000000091E+03 -5.50019389390917198E-07 -1.48461809437460957E-06
 -5.28000000000000091E+03 -4.99700088071138654E-07 -1.50618126161004496E-06
 -5.26000000000000091E+03 -5.48226481202386902E-07 -1.54795563986384651E-06
 -5.24000000000000091E+03 -5.07406558178566586E-07 -1.53894746174710159E-06
 -5.22000000000000091E+03 -5.26839025454244270E-07 -1.58810109516725400E-06
 -5.20000000000000091E+03 -5.19528572884481388E-07 -1.58735750559876182E-06
 -5.18000000000000091E+03 -5.04564816653705578E-07 -1.62052574906676134E-06
 -5.16000000000000091E+03 -5.31510370254030731E-07 -1.63410988786907055E-06
 -5.14000000000000091E+03 -4.74355788986932126E-07 -1.64880705050464608E-06
 -5.12000000000000091E+03 -5.37549635577022764E-07 -1.69463987935710144E-06
 -5.10000000000000091E+03 -4.63230392070646775E-07 -1.66088343630614132E-06
 -5.08000000000000091E+03 -4.94401711993976375E-07 -1.76005751660983740E-06
 -5.06000000000000091E+03 -5.02040044535994523E-07 -1.70567016592704190E-06
 -5.04000000000000091E+03 -4.18069165047437788E-07 -1.76439583856624781E-06
 -5.02000000000000091E+03 -5.18402441653477922E-07 -1.83230244528920721E-06
 -5.00000000000000091E+03 -4.19568986907196445E-07 -1.72501785038539889E-06
 -4.98000000000000091E+03 -4.25396112847154671E-07 -1.94346568449510827E-06
 -4.96000000000000091E+03 -5.08432843053877433E-07 -1.79013870529596128E-06
 -4.94000000000000091E+03 -3.26665636535267117E-07 -1.91157527352184813E-06
 -4.92000000000000091E+03 -5.06178334008022026E-07 -1.98333605621508375E-06
 -4.90000000000000091E+03 -3.96347769549443729E-07 -1.85163746690185964E-06
 -4.88000000000000091E+03 -3.46777918931113412E-07 -2.07684860581784312E-06
 -4.86000000000000091E+03 -5.36500533726827743E-07 -1.99339831726501838E-06
 -4.84000000000000091E+03 -2.65923214741227203E-07 -1.95558471640788363E-06
 -4.82000000000000091E+03 -4.79642414044114688E-07 -2.24784501508792056E-06
 -4.80000000000000091E+03 -4.15176329752373800E-07 -1.88834172099150556E-06
 -4.78000000000000091E+03 -2.82932143087432168E-07 -2.27955517955957484E-06
 -4.76000000000000091E+03 -5.25792557731249482E-07 -2.10553354926776791E-06
 -4.74000000000000091E+03 -2.97460745227459972E-07 -2.09170553981100196E-06
 -4.72000000000000091E+03 -3.37066427951964973E-07 -2.35580836230995351E-06
 -4.70000000000000091E+03 -5.38048316066685008E-07 -2.07114118032029560E-06
 -4.68000000000000091E+03 -1.03327304025103622E-07 -2.31848062953704499E-06
 -4.66000000000000091E+03 -5.91530262517787271E-07 -2.30728350149593831E-06
 -4.64000000000000091E+03 -1.89109793750247992E-07 -2.19661127811788063E-06
 -4.62000000000000091E+03 -3.31707619123115275E-07 -2.41479916141902124E-06
 -4.60000000000000091E+03 -4.16059167849323143E-07 -2.35791903243026893E-06
 -4.58000000000000091E+03 -1.52596411931279010E-07 -2.25103899758251814E-06
 -4.56000000000000091E+03 -3.88032017480934851E-07 -2.64081786058337253E-06
 -4.54000000000000091E+03 -2.49919540839971157E-07 -2.19861710443099049E-06
 -4.52000000000000091E+03 -2.08164371039682414E-07 -2.64886138029900077E-06
 -4.50000000000000091E+03 -3.02828977931791472E-07 -2.44988367434030258E-06
 -4.48000000000000091E+03 -2.18234595968443482E-07 -2.48772358797806771E-06
 -4.46000000000000091E+03 -1.55148851946298986E-07 -2.66888678730222857E-06
 -4.44000000000000091E+03 -3.00555101732028428E-07 -2.51457041289281450E-06
 -4.42000000000000091E+03 -1.08481256787874081E-07 -2.67946005107323146E-06
 -4.40000000000000091E+03 -1.70883069626038658E-07 -2.63463476144032535E-06
 -4.38000000000000091E+03 -2.24792254989404588E-07 -2.75154181647967550E-06
 -4.36000000000000091E+03 -3.54745105902555059E-08 -2.61566554108545085E-06
 -4.34000000000000091E+03 -1.53834895694299292E-07 -2.89177649158728643E-06
 -4.32000000000000091E+03 -1.35186179396916692E-07 -2.71600417539841457E-06
 -4.30000000000000091E+03  4.60846103458617306E-08 -2.75343251185876865E-06
 -4.28000000000000091E+03 -1.07315680502783799E-07 -3.10894144594223680E-06
 -4.26000000000000091E+03 -6.59847819379439525E-08 -2.54929928470410401E-06
 -4.24000000000000091E+03  2.34789772899491438E-07 -3.24639350240601624E-06
 -4.22000000000000091E+03 -2.12672680397708245E-07 -2.88301048141218866E-06
 -4.20000000000000091E+03  2.11577162611875420E-07 -2.88212744512008707E-06
 -4.18000000000000091E+03  3.00257086050187636E-07 -3.39826961300253509E-06
 -4.16000000000000091E+03 -4.18754271159461307E-07 -2.88961826296076089E-06
 -4.14000000000000091E+03  9.50233220756277536E-07 -3.15434063214754301E-06
 -4.12000000000000091E+03 -5.19406797311011379E-07 -3.69045699214299136E-06
 -4.10000000000000091E+03  5.28211467418332596E-07 -2.61089601745206627E-06
 -4.08000000000000091E+03  4.55978432567866519E-07 -4.04701820249327655E-06
 -4.06000000000000091E+03 -4.00760900319450832E-07 -3.15427000009114248E-06
 -4.04000000000000091E+03  9.44461675091623993E-07 -3.21868728706831991E-06
 -4.02000000000000091E+03 -1.03289685326518108E-08 -4.30907254338448942E-06
 -4.00000000000000091E+03 -1.45879723478747847E-07 -2.78515969353060667E-06
 -3.98000000000000091E+03  1.34425316714116634E-06 -4.13913879021129851E-06
 -3.96000000000000091E+03 -1.02244583519282311E-06 -3.93499592357407928E-06
 -3.94000000000000091E+03  1.27803346553837863E-06 -2.98600263197925288E-06
 -3.92000000000000091E+03  4.79924801656073999E-08 -4.77380748786205390E-06
 -3.90000000000000091E+03 -2.64244734213556497E-07 -3.40643934467464195E-06
 -3.88000000000000091E+03  1.29545839875574396E-06 -3.44008358381340675E-06
 -3.86000000000000091E+03 -5.19691799974261509E-07 -5.44227405700475587E-06
 -3.84000000000000091E+03  4.46654631939928490E-07 -1.93092393486441725E-06
 -3.82000000000000091E+03  1.00770840118404225E-06 -5.94706383591588189E-06
 -3.80000000000000091E+03 -8.14952391560809840E-07 -2.95354031745226498E-06
 -3.78000000000000091E+03  1.27886768223726793E-06 -4.11628892443918821E-06
 -3.76000000000000091E+03  2.79711797762632852E-07 -4.90526632685970826E-06
 -3.74000000000000091E+03 -6.05694073066712392E-07 -3.16959143624078898E-06
 -3.72000000000000091E+03  2.15145838356312485E-06 -4.66637508536725660E-06
 -3.70000000000000091E+03 -1.33360431770836573E-06 -4.42507398612726719E-06
 -3.68000000000000091E+03  1.54205935975149598E-06 -3.42971573489712485E-06
 -3.66000000000000091E+03  5.19517332414576298E-07 -4.90002656202161130E-06
 -3.64000000000000091E+03 -3.16236890919414744E-07 -4.20949134580164590E-06
 -3.62000000000000091E+03  1.78314404713863868E-06 -3.35892526097729759E-06
 -3.60000000000000091E+03 -1.09281136459540919E-07 -5.71456197210616119E-06
 -3.58000000000000091E+03  9.18241271193255702E-07 -2.85529343397806704E-06
 -3.56000000000000091E+03  1.16504471479720990E-06 -5.05589386100135083E-06
 -3.54000000000000091E+03  6.57824815116854012E-07 -4.32043053638906085E-06
 -3.52000000000000091E+03  9.93490946160931470E-07 -3.87763946131249315E-06
 -3.50000000000000091E+03  1.51974089015371798E-06 -4.70411326847593579E-06
 -3.48000000000000091E+03  1.27735007755094104E-06 -4.56014034141111028E-06
 -3.46000000000000091E+03  5.08207718226376334E-07 -4.12201925547037408E-06
 -3.44000000000000091E+03  3.77274950994502134E-06 -4.45304067398907362E-06
 -3.42000000000000091E+03 -1.18322275216534454E-06 -6.00124367325952301E-06
 -3.40000000000000091E+03  4.45194896788563643E-06 -2.13888323148483766E-06
 -3.38000000000000091E+03  9.55310876584596779E-07 -8.00505750202713557E-06
 -3.36000000000000091E+03  1.41122106835413528E-06 -3.15735910480692036E-06
 -3.34000000000000091E+03  4.13390157825389975E-06 -4.49290458648113093E-06
 -3.32000000000000091E+03  1.25785719895122754E-06 -9.31073847992191319E-06
 -3.30000000000000091E+03  1.40794229628247110E-06  1.41386714454940644E-07
 -3.28000000000000091E+03  6.60550942735043797E-06 -1.11241759570391127E-05
 -3.26000000000000091E+03 -2.87753880180120170E-06 -3.99286540636237976E-06
 -3.24000000000000091E+03  7.26123580709853959E-06 -4.09977778348063666E-06
 -3.22000000000000091E+03  2.12004913912410651E-06 -1.21802717304524907E-05
 -3.20000000000000091E+03 -1.79211089059664543E-06 -1.09732670690496276E-06
 -3.18000000000000091E+03  1.12075361831808910E-05 -9.20116792658825930E-06
 -3.16000000000000091E+03 -6.12212765605464438E-06 -1.13666113355445286E-05
 -3.14000000000000091E+03  7.25355527778482830E-06  2.26381092656478872E-06
 -3.12000000000000091E+03  4.81079340723771056E-06 -2.00438993951562861E-05
 -3.10000000000000091E+03 -6.74276618843090155E-06  1.98442760793241036E-06
 -3.08000000000000091E+03  1.41095931521607975E-05 -1.17651081141237886E-05
 -3.06000000000000091E+03 -7.07451989494402430E-06 -1.16429129148176561E-05
 -3.04000000000000091E+03  3.00169495105020279E-06 -6.98371495564211289E-07
 -3.02000000000000091E+03  9.76466319559789883E-06 -1.48834438175853757E-05
 -3.00000000000000091E+03 -1.33846738661714909E-05 -7.75499862774853198E-06
 -2.98000000000000091E+03  1.65894661008968008E-05 -1.24021863925178092E-06
 -2.96000000000000091E+03 -8.91011305961091116E-06 -2.03513166583870241E-05
 -2.94000000000000091E+03  1.77832905348876620E-06  3.33675047616973767E-06
 -2.92000000000000091E+03  7.56697000474107227E-06 -1.23462288715609246E-05
 -2.90000000000000091E+03 -9.62390163827610786E-06 -1.33131162359923222E-05
 -2.88000000000000091E+03  8.24798956179330585E-06  7.34691345667770727E-06
 -2.86000000000000091E+03 -1.35512057280731392E-06 -2.53547761809859983E-05
 -2.84000000000000091E+03 -3.48936193146214972E-06  9.27456330532322553E-06
 -2.82000000000000091E+03  7.24526767210468602E-06 -1.49244990042977145E-05
 -2.80000000000000091E+03 -4.31498169277057579E-06 -4.60713496599059233E-06
 -2.78000000000000091E+03  2.97222965489343500E-06 -1.04884815811976158E-06
 -2.76000000000000091E+03  2.38077931138873323E-06 -1.07163131013588576E-05
 -2.74000000000000091E+03  1.67961454549794389E-06  1.45842541382523757E-06
 -2.72000000000000091E+03  1.04790396083026881E-06 -9.72371861876609149E-06
 -2.70000000000000091E+03  7.03761507939439329E-06  3.32706322221302717E-06
 -2.68000000000000091E+03  2.43292685575472514E-06 -1.08368529856597467E-05
 -2.66000000000000091E+03  3.04549630711621858E-06  1.59103325974954511E-06
 -2.64000000000000091E+03  1.30399926127472834E-05  4.49857645105367894E-07
 -2.62000000000000091E+03  2.37182807048395256E-06 -1.89724871696830944E-05
 -2.60000000000000091E+03  4.43254967842680923E-06  2.31974851120168666E-05
 -2.58000000000000091E+03  3.08496003083219886E-05 -3.26796098518553795E-05
 -2.56000000000000091E+03 -2.44405568611130852E-05  1.38163191469118868E-05
 -2.54000000000000091E+03  5.23237711390865938E-05 -2.25681012374042085E-06
 -2.52000000000000091E+03 -1.13553829899874454E-05 -3.15196458408300830E-05
 -2.50000000000000091E+03  9.10905543081755118E-06  2.83811900816282174E-05
 -2.48000000000000091E+03  5.81428069221218876E-05 -3.40870502558735398E-05
 -2.46000000000000091E+03 -4.97941865721971427E-05 -1.58320247650044632E-05
 -2.44000000000000091E+03  8.37298132503559711E-05  3.19120890768074083E-05
 -2.42000000000000091E+03 -1.94993567442034944E-05 -8.61556035619282781E-05
 -2.40000000000000091E+03  1.04576552305738931E-05  5.67762074047321215E-05
 -2.38000000000000091E+03  6.73379898063223496E-05 -5.99384277014707172E-05
 -2.36000000000000091E+03 -4.61802636247218059E-05 -3.10682865209034197E-05
 -2.34000000000000091E+03  5.97316741551429526E-05  3.71540188075406320E-05
 -2.32000000000000091E+03  2.49542677107445014E-05 -1.05188035914989539E-04
 -2.30000000000000000E+03 -5.07131198913840118E-05  3.07779681187933841E-05
 -2.28000000000000000E+03  1.12936783301609208E-04 -2.70759668753078353E-05
 -2.26000000000000000E+03 -8.02833252708375983E-05 -1.03264281616396360E-04
 -2.24000000000000000E+03  5.11154132211212822E-05  8.87487350163456779E-05
 -2.22000000000000000E+03  3.09568501681616525E-05 -1.54218036824959985E-04
 -2.20000000000000000E+03 -7.31641527157521462E-05  3.59862585524550169E-05
 -2.18000000000000000E+03  8.53802468904500184E-05 -2.33755434274861047E-05
 -2.16000000000000000E+03 -5.05856015053905106E-05 -1.19234877843504963E-04
 -2.14000000000000000E+03 -2.41779569793686121E-05  8.89264685426138552E-05
 -2.12000000000000000E+03  6.36295172002126266E-05 -1.42554442362012720E-04
 -2.10000000000000000E+03 -1.05668631497336999E-04  3.61124352859817138E-05
 -2.08000000000000000E+03  4.69303928302907094E-05 -4.34928327560813062E-05
 -2.06000000000000000E+03 -2.44735164191275411E-05 -3.42730555617696986E-05
 -2.04000000000000000E+03 -7.45990697262196933E-05 -1.24487662093988592E-05
 -2.02000000000000000E+03  5.71810208198124135E-05 -6.46754927369686441E-07
 -2.00000000000000000E+03 -9.68669825879812392E-05 -4.03648544642231538E-05
 -1.98000000000000000E+03  1.23871923095290565E-05  1.98486458750405708E-05
 -1.96000000000000000E+03 -3.16914428971783627E-05  3.84053403474002507E-06
 -1.94000000000000000E+03 -3.13176845092129141E-05 -1.45312298770083506E-05
 -1.92000000000000000E+03 -9.84758774020628509E-06  2.82137140374665565E-05
 -1.90000000000000000E+03 -5.05903820435964810E-05  4.83698988236413671E-05
 -1.88000000000000000E+03  7.22154939345914690E-05 -4.17137462684007048E-05
 -1.86000000000000000E+03 -1.64155538185538238E-04  1.07281524032374113E-04
 -1.84000000000000000E+03  2.06386733975948594E-04  2.10467302522784821E-05
 -1.82000000000000000E+03 -1.77096853984088401E-04 -4.40790951491128888E-05
 -1.80000000000000000E+03  7.91136170967871624E-05  2.34012137993599263E-04
 -1.78000000000000000E+03  1.66685192914372893E-04 -1.57354540247923666E-04
 -1.76000000000000000E+03 -2.98851770274255718E-04  1.53706894675989200E-04
 -1.74000000000000000E+03  4.91261559865293555E-04  1.53743017956261771E-04
 -1.72000000000000000E+03 -3.19883141408735551E-04 -2.91298620749662666E-04
 -1.70000000000000000E+03  2.38212953432106258E-04  5.35260184234214766E-04
 -1.68000000000000000E+03  2.27231952809382303E-04 -4.31966535149807000E-04
 -1.66000000000000000E+03 -2.85519094091822687E-04  2.74884993597141554E-04
 -1.64000000000000000E+03  5.43535324340741594E-04  1.23913369088315565E-04
 -1.62000000000000000E+03 -9.32797102944216540E-05 -4.19037738448053987E-04
 -1.60000000000000000E+03 -8.04289688989679298E-05  5.38573798753344156E-04
 -1.58000000000000000E+03  7.94802730318545816E-04 -3.90005826229617781E-04
 -1.56000000000000000E+03 -7.54123703128218074E-04 -1.00041457611079631E-04
 -1.54000000000000000E+03  9.06259538872013388E-04  4.80973237744577379E-04
 -1.52000000000000000E+03 -1.21427754986591787E-04 -8.90494070734341807E-04
 -1.50000000000000000E+03 -2.47070251300107464E-04  5.99150184119596530E-04
 -1.48000000000000000E+03  1.03695514264654518E-03 -3.24449774416401486E-04
 -1.46000000000000000E+03 -9.06170669231026694E-04 -5.95395280930798563E-04
 -1.44000000000000000E+03  8.17465005091930425E-04  8.29534910924312153E-04
 -1.42000000000000000E+03  3.80325930042934202E-05 -1.28390369426686587E-03
 -1.40000000000000000E+03 -5.03255989601668926E-04  5.33235311974132793E-04
 -1.38000000000000000E+03  9.12449634119588400E-04 -2.22063863629135184E-04
 -1.36000000000000000E+03 -6.01822182635288632E-04 -8.25328160317961444E-04
 -1.34000000000000000E+03  5.43215277012673307E-05  6.15715998571321628E-04
 -1.32000000000000000E+03  5.25665486674161179E-04 -7.66739358647035144E-04
 -1.30000000000000000E+03 -9.19028086195999134E-04 -2.95458684732062082E-04
 -1.28000000000000000E+03  6.10397895560702030E-04  4.84462174826992792E-04
 -1.26000000000000000E+03 -2.91231235620465444E-04 -1.12948676618029225E-03
 -1.24000000000000000E+03 -5.59773417893628836E-04  5.26013339175114515E-04
 -1.22000000000000000E+03  5.64890612271918787E-04 -3.48700115672944441E-04
 -1.20000000000000000E+03 -1.01301393962096187E-03 -3.03999110863970295E-04
 -1.18000000000000000E+03  5.56592584226346838E-04  2.63145022584376212E-04
 -1.16000000000000000E+03 -9.46251864092054694E-04 -3.35894986297371567E-04
 -1.14000000000000000E+03  3.86218018057477572E-04  1.92874374937323644E-04
 -1.12000000000000000E+03 -7.51099001241912578E-04 -6.99132741817296135E-05
 -1.10000000000000000E+03  2.29715663680834314E-05  3.39752858918049392E-04
 -1.08000000000000000E+03 -7.30257627126923062E-05 -1.74098035425826063E-04
 -1.06000000000000000E+03 -7.89041467286692179E-04  5.72532860765511331E-04
 -1.04000000000000000E+03  9.06636916749201669E-04  1.67919410086230371E-04
 -1.02000000000000000E+03 -1.47343344230802605E-03 -2.04169590600140438E-04
 -1.00000000000000000E+03  1.30244351407085698E-03  1.73991508014058414E-03
 -9.80000000000000000E+02 -9.15452644635196544E-04 -1.63663359899745642E-03
 -9.60000000000000000E+02  4.11465879782533736E-04  2.32065075275067695E-03
 -9.40000000000000000E+02  2.27153938798323868E-04 -1.77651354242278927E-04
 -9.20000000000000000E+02  6.59225727267008705E-04 -1.26609654849005326E-03
 -9.00000000000000000E+02 -1.61616514373372059E-03  4.57761669606015706E-03
 -8.80000000000000000E+02  4.77839523848722081E-03 -5.01759068626135389E-03
 -8.60000000000000000E+02 -5.84008862049470705E-03  4.69288539290346491E-03
 -8.40000000000000000E+02  7.32232152868099711E-03 -5.42504162227241808E-04
 -8.20000000000000000E+02 -3.63189585771556741E-03 -3.64491612671839554E-03
 -8.00000000000000000E+02  2.78140274545521913E-04  7.73140650209867483E-03
 -7.80000000000000000E+02  7.34065744051471281E-03 -8.22041049731391318E-03
 -7.60000000000000000E+02 -1.05088710227609038E-02  4.58956767897970852E-03
 -7.40000000000000000E+02  1.37753159211134509E-02  1.74712180461171962E-03
 -7.20000000000000000E+02 -9.17757346526837901E-03 -8.85784337799035842E-03
 -7.00000000000000000E+02  5.35857994269520709E-03  1.08551956528617662E-02
 -6.80000000000000000E+02  1.73016906296226359E-03 -9.04357088361509853E-03
 -6.60000000000000000E+02 -1.82546116081115043E-03  3.12708000578671092E-04
 -6.40000000000000000E+02  6.76402631085509798E-04  6.28857711957688924E-03
 -6.20000000000000000E+02  6.60436667704415465E-03 -1.30607716499083794E-02
 -6.00000000000000000E+02 -1.08236335695860459E-02  9.54013618083267637E-03
 -5.80000000000000000E+02  1.26424365726578655E-02 -4.94912571682839218E-03
 -5.60000000000000000E+02 -8.33782923522184347E-03 -5.92525244140756739E-03
 -5.40000000000000000E+02  3.32071945350221080E-03  1.09056512072911380E-02
 -5.20000000000000000E+02  1.38405256926947464E-03 -1.86750759398728421E-02
 -5.00000000000000000E+02 -5.49630574170242078E-03  1.76965960525988196E-02
 -4.80000000000000000E+02  7.26355589181464263E-03 -1.65348696725622774E-02
 -4.60000000000000000E+02 -9.34202179587012398E-03  6.20977910161299267E-03
 -4.40000000000000000E+02  7.09375890010343832E-03  1.99285001720934333E-03
 -4.20000000000000000E+02 -6.50413436670575079E-03 -1.23926685172069603E-02
 -4.00000000000000000E+02  2.24967381597482178E-03  1.66029860370956669E-02
 -3.80000000000000000E+02 -2.00070256330117874E-03 -1.90222560994255628E-02
 -3.60000000000000000E+02 -1.03944003136488051E-03  1.65132088137118910E-02
 -3.40000000000000000E+02 -2.08010263682295544E-04 -1.24125701403164888E-02
 -3.20000000000000000E+02 -2.35220811340621210E-03  8.80734246605024799E-03
 -3.00000000000000000E+02  2.81123549186274371E-03 -6.82464938705655902E-03
 -2.80000000000000000E+02 -4.79124636794165445E-03  1.05740861582277693E-02
 -2.60000000000000000E+02  1.26527479729055046E-03 -1.45646955221826000E-02
 -2.40000000000000000E+02  5.76881214319253151E-03  1.99943539021686933E-02
 -2.20000000000000000E+02 -1.08186821953631124E-02 -1.64939355856526977E-02
 -2.00000000000000000E+02  7.47363463492914295E-03  9.00176523985192489E-03
 -1.80000000000000000E+02  1.16616969882608525E-02  1.06033094407224438E-03
 -1.60000000000000000E+02 -3.78034442798997894E-02 -1.99557972502655229E-04
 -1.40000000000000000E+02  6.76077249761283805E-02 -5.23492729084150659E-03
 -1.20000000000000000E+02 -7.42277668861444501E-02  2.53722966052095759E-03
 -1.00000000000000000E+02  4.50277633845251532E-02  4.52132029668432175E-03
 -8.00000000000000000E+01  9.06887283800910282E-04  9.29179056246346759E-03
 -6.00000000000000000E+01 -4.04663050270550745E-02 -1.23371531287717415E-02
 -4.00000000000000000E+01  1.28695935294431796E-01  2.36960641518810140E-02
 -2.00000000000000000E+01 -2.04859519997205419E-01 -3.70322412604796800E-02
